10 10
40 4 88 1 32 3 66 2 63 9 89 7 26 0 46 0 54 4 41 2 88 1 49 3 62 1 84 5 98 1 29 1 60 3 19 9 50 2 55 7 56 9 29 2 21 4 85 0 16 5 54 2 9 7 52 7 87 9 5 3 88 6 66 9 4 0 24 5 64 9 37 7 57 9 91 7 82 0 99 2 96 
40 9 53 1 8 2 14 0 79 1 93 3 76 1 14 9 73 4 30 3 60 5 66 1 99 1 89 9 26 3 48 8 32 8 18 2 8 8 78 2 82 9 50 6 50 7 32 3 22 4 73 4 95 7 71 4 44 4 37 1 30 7 13 2 5 3 71 8 79 0 9 4 91 9 12 6 49 4 99 3 58 
40 4 38 7 69 9 2 4 59 3 66 3 95 9 26 6 68 3 1 9 63 5 94 8 12 6 54 5 37 3 71 3 93 3 77 2 54 0 4 8 19 3 7 9 34 3 98 0 71 0 58 9 41 0 5 8 2 3 19 1 21 1 33 6 54 0 40 8 97 2 81 8 93 5 45 7 33 1 29 4 60 
40 2 46 5 35 2 69 8 38 3 91 9 31 1 65 7 35 2 64 7 38 5 70 1 86 4 7 6 16 3 34 5 42 3 14 0 26 0 3 3 41 1 39 3 35 4 6 4 77 1 25 4 51 8 70 1 3 2 30 4 96 7 73 8 24 7 68 6 13 8 53 7 74 2 100 5 95 3 56 8 83 
40 8 86 8 47 1 41 2 8 6 44 8 87 1 54 9 33 3 74 6 24 3 57 6 74 8 7 8 2 1 23 4 9 6 60 2 41 1 51 4 7 8 70 3 99 0 71 1 54 0 93 8 36 8 91 5 85 6 12 9 91 4 89 3 71 5 28 4 51 5 85 9 41 1 27 0 73 9 81 4 32 
40 4 33 9 41 9 92 5 30 5 32 3 37 1 67 8 92 3 31 0 38 6 35 0 25 7 1 2 29 8 48 5 42 6 39 3 79 0 86 0 39 1 8 4 97 0 54 8 21 4 89 5 28 2 99 9 27 4 34 2 27 0 52 1 78 1 90 1 78 0 87 2 37 5 17 9 25 0 55 2 67 
40 5 92 7 21 1 48 2 94 1 17 0 35 5 28 0 82 6 55 8 14 1 56 7 6 8 10 6 89 0 38 6 100 6 5 8 94 7 65 6 63 1 92 1 14 2 4 8 54 8 28 5 47 5 64 1 79 6 61 5 58 3 76 1 89 6 95 9 42 4 12 9 37 5 25 5 86 6 97 6 92 
40 6 5 1 42 0 17 8 55 9 82 9 26 7 58 3 26 1 6 3 51 0 34 7 91 9 73 2 80 0 14 9 84 6 1 1 92 9 18 2 61 0 99 7 94 9 50 2 15 8 6 2 6 1 82 0 1 8 40 2 46 0 59 6 97 4 7 0 48 9 10 7 97 1 8 6 21 3 41 4 47 
40 4 35 6 56 3 81 0 98 0 5 2 45 4 99 2 24 3 8 4 31 8 91 6 59 0 19 5 55 1 19 1 87 2 43 0 83 0 52 3 80 2 35 0 2 9 85 8 46 1 84 2 14 8 86 7 27 9 13 1 32 9 24 0 72 7 73 1 23 1 43 0 96 5 11 3 57 0 82 6 1 
40 7 63 4 49 3 18 5 67 7 97 6 61 6 35 4 63 9 46 8 90 0 45 5 50 0 20 8 50 2 41 1 75 6 46 4 34 3 61 4 10 1 56 2 36 6 92 2 81 3 3 5 81 9 23 5 53 6 18 9 71 7 12 6 30 2 22 3 19 9 90 6 21 1 23 4 65 4 45 1 73 
