10 10
40 7 90 3 71 8 77 0 98 2 2 8 5 6 58 6 86 0 23 4 67 6 10 2 20 1 49 7 90 6 67 0 77 8 14 0 69 4 26 9 59 8 58 6 57 9 24 0 42 7 21 1 14 8 67 4 2 4 61 7 17 2 3 0 24 8 2 4 59 8 51 6 53 8 10 9 22 4 80 7 94 
40 1 73 0 78 2 35 3 100 1 73 7 66 1 66 0 50 9 25 1 5 6 92 1 55 5 16 6 44 2 50 1 29 7 25 8 41 7 9 8 33 0 50 7 62 1 64 4 55 9 34 4 74 7 43 3 69 2 9 3 93 3 93 2 51 1 29 4 32 8 40 1 37 9 87 5 5 8 48 9 75 
40 7 8 1 24 0 56 9 41 6 42 4 94 3 31 8 61 8 93 8 55 5 52 7 60 4 96 7 51 3 89 4 80 8 8 3 7 2 73 6 10 4 54 5 6 5 15 3 45 6 70 4 22 9 38 4 30 4 8 9 97 8 43 5 49 6 50 7 31 5 60 5 69 5 47 9 50 3 37 6 21 
40 2 19 8 23 4 78 8 15 2 71 1 51 1 76 8 62 0 41 4 42 5 82 1 32 7 73 2 59 2 48 5 88 9 31 4 24 6 4 6 55 8 82 1 31 2 10 4 22 2 9 9 80 6 97 2 60 2 69 8 13 6 34 2 34 7 13 1 29 0 3 9 8 3 35 4 88 0 77 9 84 
40 3 89 1 28 6 24 9 64 9 45 4 40 2 8 0 25 1 92 5 76 1 69 2 20 7 32 2 41 4 73 1 14 3 60 8 93 2 86 0 71 5 41 8 8 0 9 8 7 2 10 1 9 9 98 5 52 5 90 3 66 4 67 0 53 1 21 6 36 8 61 7 6 9 7 5 80 1 97 3 76 
40 3 83 9 1 9 98 1 34 6 46 6 68 3 22 2 52 1 84 0 63 1 61 2 65 1 19 5 59 3 59 1 6 3 54 0 28 6 59 0 34 6 85 5 88 8 82 4 44 4 32 8 20 8 85 1 20 1 78 7 8 7 17 3 19 5 15 2 94 1 47 3 16 0 59 1 31 5 72 1 70 
40 1 8 5 56 9 6 6 93 8 66 2 45 1 36 4 87 2 53 9 13 2 31 3 42 1 60 3 79 2 33 1 97 0 24 8 63 9 69 5 11 6 42 6 14 9 34 8 54 4 81 6 58 3 97 7 94 4 21 3 62 5 99 3 10 2 43 5 93 9 51 5 29 9 25 0 81 9 91 0 89 
40 3 39 9 65 7 40 0 5 4 72 7 17 0 17 3 56 4 80 4 18 7 94 0 6 6 75 2 65 4 73 0 98 5 60 1 44 1 26 7 21 5 23 7 2 4 23 0 31 1 37 8 32 0 27 5 91 9 48 1 25 2 78 6 54 6 20 3 87 4 94 5 91 9 79 6 90 6 15 9 59 
40 8 11 1 50 1 55 7 98 8 86 3 46 7 52 9 52 8 86 6 2 0 74 7 56 2 73 1 28 5 91 8 84 7 97 8 78 1 3 8 55 9 2 0 61 2 54 2 39 1 52 4 46 8 91 1 48 6 72 6 77 7 5 1 23 3 55 3 34 0 65 8 51 2 80 2 44 3 5 1 76 
40 8 39 7 84 0 22 3 51 9 14 3 55 6 14 1 5 1 91 1 61 0 65 8 67 0 73 6 37 6 74 0 46 8 14 9 79 0 6 4 52 2 85 7 100 9 70 5 67 2 89 8 91 2 95 6 29 8 36 7 83 1 43 5 88 9 42 9 87 7 68 4 64 3 2 2 19 1 12 8 53 
