10 10
40 1 80 0 21 2 13 8 90 3 39 1 21 3 33 7 33 6 39 0 76 9 46 9 71 1 100 9 33 9 34 6 100 5 49 7 63 0 16 5 52 3 23 8 66 7 28 7 89 5 38 4 63 2 37 2 95 7 65 9 74 7 25 7 95 0 64 3 54 6 61 7 89 6 83 4 81 6 94 0 75 
40 9 20 1 35 7 3 2 35 5 44 8 79 9 1 5 82 7 53 6 20 5 12 5 20 2 88 7 36 1 56 2 77 2 77 7 68 4 70 7 87 3 10 1 99 8 12 4 47 7 17 4 56 7 88 1 76 1 57 5 30 1 22 3 85 9 37 9 57 8 63 1 20 6 6 5 3 3 45 5 42 
40 3 78 5 24 0 39 4 85 5 68 2 72 7 71 7 75 1 7 1 76 4 12 3 95 5 84 6 85 3 84 1 21 9 47 8 79 9 12 0 94 9 18 4 90 0 40 7 33 4 11 5 95 4 23 4 8 4 77 6 66 2 7 9 23 4 84 4 7 0 41 1 38 5 54 2 59 4 2 1 81 
40 2 97 9 8 0 30 8 60 8 73 7 26 0 72 9 87 3 3 9 88 6 60 2 50 3 40 5 49 8 26 3 52 3 72 3 98 7 73 1 72 3 38 8 72 8 46 4 93 3 21 0 47 6 10 2 99 0 90 8 100 5 39 8 11 1 96 4 78 7 65 5 40 9 92 6 96 8 66 8 93 
40 9 48 4 75 0 10 2 94 0 38 2 66 9 31 3 78 1 22 0 6 6 43 2 79 2 29 6 30 8 16 9 41 4 87 9 11 7 79 7 5 9 70 7 35 3 85 2 63 1 22 0 49 7 69 6 2 5 21 4 82 5 58 8 72 3 46 3 44 5 36 4 11 3 18 6 7 0 70 1 31 
40 1 10 0 14 2 48 3 99 5 18 1 73 8 63 5 31 8 66 7 17 6 63 9 53 8 24 4 83 9 50 5 71 0 55 8 28 8 26 3 100 8 54 8 62 7 13 3 67 2 70 3 34 8 93 4 71 7 62 3 38 2 75 8 42 3 47 4 7 6 46 7 77 3 61 9 90 4 100 6 23 
40 0 52 9 17 2 45 7 93 8 76 8 100 2 51 3 42 9 55 7 85 8 69 5 100 2 88 8 51 2 59 8 17 8 71 2 49 2 91 2 71 6 51 2 9 6 74 6 55 9 14 7 100 2 83 0 33 3 38 3 91 4 6 6 22 9 77 5 77 9 88 1 64 7 48 5 77 1 95 7 75 
40 5 81 1 64 1 45 9 2 7 27 9 95 2 51 1 21 6 35 0 52 1 21 2 65 6 12 6 58 5 14 1 50 9 2 4 24 0 29 0 75 9 85 9 48 6 98 2 29 5 98 6 74 6 99 7 44 2 49 9 84 9 32 5 17 9 37 7 31 5 10 4 81 9 78 3 18 4 10 2 37 
40 0 51 7 34 4 72 4 54 2 66 3 53 0 53 3 68 4 37 4 19 6 91 8 84 7 9 5 50 3 53 8 98 7 89 1 33 8 14 6 36 6 8 1 81 5 45 2 9 2 77 6 44 2 83 6 15 5 18 2 72 4 13 5 44 0 12 5 49 1 46 8 30 5 31 1 79 7 35 0 53 
40 4 14 7 29 8 31 9 75 6 25 2 95 3 51 3 49 8 6 3 50 0 44 0 35 5 91 1 97 4 2 9 21 7 96 0 92 8 86 6 88 1 61 9 77 1 41 0 57 2 93 1 58 0 78 3 87 7 6 3 15 1 15 6 44 6 7 9 41 2 21 4 69 7 32 4 44 1 41 3 19 
