10 10
40 7 84 0 41 7 53 3 78 4 82 2 99 1 4 6 52 0 6 7 27 6 48 7 22 4 46 2 31 5 18 7 82 8 8 9 33 8 84 6 72 3 44 3 36 1 89 8 41 5 58 0 9 4 68 0 100 8 49 4 79 3 49 1 67 7 3 0 63 7 99 9 65 8 94 5 71 9 43 9 33 
40 9 36 2 76 8 59 7 75 7 54 8 76 9 43 7 10 6 17 0 34 1 40 8 93 1 85 6 66 2 81 6 13 1 17 2 75 6 40 8 57 2 80 1 25 6 73 9 49 4 85 5 18 5 80 3 69 9 19 8 26 4 80 2 28 5 8 3 11 6 7 2 60 1 30 3 48 8 9 4 98 
40 8 20 0 63 9 3 3 61 9 83 2 8 7 52 4 16 4 16 2 84 3 8 5 38 9 68 4 78 9 45 7 71 4 14 1 59 8 32 2 21 5 77 4 22 6 81 4 54 5 63 2 28 2 53 4 25 7 89 3 11 5 99 2 91 6 15 6 83 6 53 8 16 9 88 0 5 7 88 5 70 
40 3 64 2 98 4 56 0 24 9 23 7 42 3 63 4 57 9 58 4 59 2 88 2 96 1 69 2 99 6 49 0 52 8 11 2 57 1 59 5 3 8 7 9 21 9 23 3 81 1 36 5 68 6 50 9 71 1 41 1 88 5 99 5 82 3 31 0 58 8 15 5 73 5 19 9 40 7 32 3 48 
40 5 54 5 20 5 75 9 40 3 54 8 41 7 1 2 51 3 85 3 64 7 55 0 67 7 51 1 98 4 30 0 40 9 67 9 32 6 8 7 73 8 68 9 82 0 3 8 18 7 86 1 72 6 10 5 51 2 53 5 17 3 78 3 67 1 36 6 38 5 7 5 13 0 14 3 67 6 51 6 22 
40 3 83 7 44 3 96 4 75 9 86 7 72 2 54 3 13 1 68 6 62 7 54 8 75 0 92 3 88 2 82 9 88 1 81 4 92 3 28 8 23 1 5 0 64 4 46 5 11 6 47 9 66 0 51 6 52 4 35 3 83 6 29 8 64 7 13 1 25 7 25 8 88 4 93 0 15 1 24 0 17 
40 9 67 4 39 1 53 5 79 8 80 9 38 9 93 6 12 6 72 6 57 2 70 6 9 5 36 0 49 5 55 4 41 4 10 1 46 5 99 6 66 8 55 4 58 4 36 1 81 1 29 0 96 4 56 9 34 7 8 2 76 2 83 3 10 3 94 9 47 0 82 5 11 6 59 4 37 4 10 8 89 
40 4 99 2 79 2 77 4 16 5 43 5 65 0 25 2 28 7 80 8 77 7 64 2 86 7 94 4 63 7 38 6 13 5 57 2 12 1 97 8 14 5 48 7 16 6 27 9 59 4 53 8 96 3 92 4 24 3 2 0 79 7 7 4 89 7 30 8 41 5 48 0 6 9 52 8 19 4 100 6 79 
40 7 53 4 83 3 41 8 45 6 93 5 6 9 62 3 100 0 21 8 81 8 35 3 96 0 3 9 33 4 64 8 100 4 4 7 59 5 14 0 83 6 98 5 95 4 3 8 26 8 25 5 96 8 40 4 74 7 51 6 30 2 71 8 74 8 90 9 61 5 7 4 73 2 61 4 18 4 81 1 15 
40 8 58 3 69 0 41 6 13 3 15 5 76 3 4 9 100 2 10 4 25 2 31 7 74 1 31 2 90 9 7 1 67 9 55 2 18 4 42 1 59 2 42 5 63 9 45 4 36 7 9 9 57 7 80 9 74 8 42 5 90 8 15 2 83 3 44 1 5 2 72 1 90 8 89 5 45 4 6 8 10 
