10 10
40 0 71 1 75 9 58 1 77 8 15 3 81 3 58 3 85 2 11 5 11 3 14 4 86 8 70 8 50 8 58 3 98 9 90 5 16 9 55 8 47 0 79 7 27 7 95 4 48 5 52 5 24 8 96 8 87 5 58 5 43 7 77 1 29 1 71 4 28 4 84 6 18 0 85 5 79 4 75 5 74 
40 2 16 4 36 1 47 4 93 0 58 6 63 4 3 2 91 4 95 8 92 7 82 2 9 3 40 3 46 2 98 2 23 1 12 4 95 9 47 5 99 8 59 7 23 7 50 9 45 9 26 1 21 2 78 6 17 5 55 6 59 8 6 0 4 4 19 2 48 1 38 7 88 8 48 0 78 1 65 0 75 
40 2 14 7 3 5 36 4 71 0 56 3 55 0 75 0 27 7 55 6 91 7 44 4 90 0 42 5 34 0 35 8 26 0 8 8 73 2 98 6 49 4 67 1 90 2 56 1 95 5 92 9 31 7 70 6 25 1 75 0 3 8 49 2 41 6 44 3 55 3 80 4 76 3 39 8 84 3 22 5 98 
40 4 35 8 60 6 40 9 45 1 13 7 48 8 80 2 30 5 48 6 94 7 48 1 63 7 19 1 6 4 55 3 34 3 12 0 20 5 37 5 46 1 18 4 67 5 46 4 49 8 70 3 8 5 54 6 84 0 50 0 78 5 91 8 66 2 24 6 10 2 81 5 11 4 83 4 13 4 55 2 81 
40 1 87 8 41 0 17 5 43 2 52 3 75 9 63 4 39 6 21 1 40 5 95 2 29 1 39 8 44 0 62 1 8 5 70 3 29 1 43 0 57 3 79 8 2 4 42 4 42 4 84 0 82 1 36 1 99 6 42 6 77 8 76 6 27 7 18 3 39 9 65 3 84 5 25 3 14 0 56 0 60 
40 3 6 3 39 4 16 7 49 3 56 0 84 9 5 0 19 5 11 2 5 1 7 3 22 3 10 5 8 8 59 3 93 0 87 4 65 0 58 9 59 3 26 8 12 9 53 0 38 0 33 3 99 8 39 3 37 2 88 9 92 7 82 0 79 5 80 8 68 4 59 3 12 5 71 9 49 2 10 1 98 
40 3 47 1 48 0 73 8 97 0 28 0 37 4 41 7 41 1 71 0 21 0 15 6 81 7 60 0 57 1 33 3 14 0 86 6 92 0 93 8 35 1 31 7 77 6 59 5 23 1 61 0 89 0 86 9 67 7 20 7 67 1 52 9 4 3 100 1 1 9 88 7 96 6 59 4 36 6 27 1 97 
40 4 59 0 61 6 73 8 82 2 31 2 28 6 70 7 37 9 29 4 70 1 97 4 61 9 62 6 47 8 79 0 54 1 1 2 18 7 54 6 76 6 17 5 88 6 100 0 17 6 50 7 59 8 98 5 41 0 2 2 29 5 48 9 77 1 60 4 36 3 57 1 93 2 59 1 40 6 76 5 52 
40 2 67 6 22 6 42 5 92 1 45 4 6 1 42 3 77 4 16 7 21 9 70 7 32 1 10 9 53 9 73 7 3 2 74 3 47 3 4 5 61 1 47 0 100 7 84 4 70 7 78 8 22 6 56 2 21 5 1 3 81 0 22 2 54 2 81 7 68 1 96 2 67 2 98 9 81 7 55 9 29 
40 4 44 7 73 7 81 5 20 8 97 9 87 3 28 5 35 6 42 5 35 0 50 2 48 9 7 2 30 0 32 0 15 9 43 1 97 6 100 6 46 7 81 1 80 6 57 8 65 5 48 0 49 9 25 8 13 4 45 5 18 1 93 8 91 1 13 4 5 0 89 7 92 2 14 6 24 3 63 1 40 
