10 10
40 0 94 7 83 8 50 8 84 1 3 1 7 9 30 6 40 0 25 0 18 6 64 6 98 1 4 1 2 9 5 7 44 4 52 2 36 5 52 9 28 4 32 9 45 3 77 4 59 9 10 9 63 8 2 4 73 2 5 8 97 2 8 2 11 1 71 6 44 3 33 8 10 6 89 3 17 0 94 2 72 
40 5 69 4 65 1 78 2 62 4 64 8 13 2 46 7 98 0 31 4 40 6 89 9 99 1 60 4 21 7 60 9 53 8 5 7 6 5 92 4 72 3 81 8 53 3 52 2 4 6 33 2 56 6 30 1 11 1 38 2 82 0 5 7 38 8 37 3 5 7 14 9 68 2 40 1 80 7 46 8 45 
40 2 54 9 83 2 80 4 88 3 40 8 70 3 71 5 53 2 61 5 25 0 17 8 80 8 1 2 11 4 45 0 48 5 8 8 19 7 80 1 18 2 22 7 34 3 61 8 39 1 36 6 84 3 18 4 3 3 54 4 86 4 1 8 92 2 34 3 36 0 32 0 31 7 83 6 31 6 45 1 24 
40 6 7 2 58 7 57 2 83 5 2 6 36 4 15 2 33 7 76 5 13 8 20 6 66 8 26 3 88 2 22 0 76 1 49 1 22 4 82 4 92 5 32 7 23 3 88 6 35 9 5 9 25 5 84 7 32 9 9 8 42 4 12 9 75 3 45 4 43 3 43 3 14 4 75 9 79 1 26 2 16 
40 3 24 5 24 7 1 6 87 2 17 9 91 4 35 1 84 6 53 0 95 3 41 3 84 5 23 8 26 6 55 2 80 9 95 1 39 0 59 1 82 0 99 8 10 8 43 3 23 1 85 7 89 9 54 7 97 1 28 2 60 0 52 7 97 7 50 8 30 9 1 0 6 5 61 8 19 1 29 7 46 
40 6 79 6 91 8 74 8 17 7 15 4 3 4 28 1 61 2 85 6 81 0 6 2 14 6 95 7 50 9 52 3 61 5 66 5 14 2 84 5 46 6 47 1 60 7 59 4 24 8 18 4 45 3 21 3 49 9 48 8 43 6 36 6 52 2 74 2 93 0 50 0 100 1 5 5 56 1 6 8 4 
40 0 40 6 98 3 11 5 20 5 55 3 6 1 68 1 22 4 79 6 31 9 69 9 55 2 89 3 35 7 62 1 44 6 71 9 75 7 45 7 8 0 81 2 50 2 16 6 75 6 57 0 1 1 35 1 52 3 55 3 75 8 41 5 10 4 82 3 49 0 36 2 90 0 72 3 70 6 94 8 13 
40 2 78 4 88 0 11 8 7 0 58 3 47 3 80 5 24 3 25 3 86 2 41 5 95 7 89 9 20 1 76 2 22 5 92 4 88 3 87 8 1 1 44 3 37 1 6 7 91 1 93 7 44 9 99 7 72 2 96 7 60 7 4 8 71 7 92 7 12 5 62 1 35 6 60 7 17 6 72 8 97 
40 4 85 7 9 5 56 5 96 8 97 1 65 4 64 0 41 6 14 2 88 2 89 1 14 5 30 1 97 0 27 9 17 9 7 4 58 0 40 7 19 0 12 4 87 6 2 6 90 4 93 8 33 2 25 0 73 7 19 8 45 4 5 9 48 9 69 6 83 8 33 3 87 3 61 5 54 8 78 1 37 
40 6 19 8 18 8 94 8 60 4 51 0 98 5 7 3 68 2 19 9 76 8 25 3 50 0 78 2 45 7 72 2 68 6 98 1 58 7 7 7 18 1 4 3 37 8 56 8 24 9 95 3 18 7 88 5 39 3 60 0 76 8 21 4 19 4 88 6 76 4 65 1 90 0 56 9 65 3 9 9 75 
