10 10
40 0 51 7 64 6 42 0 34 0 12 9 13 8 22 8 51 6 55 6 19 7 79 1 82 7 90 2 96 0 58 0 23 6 40 0 96 0 81 6 12 6 88 6 62 4 28 2 75 0 16 9 27 9 85 0 75 5 39 8 95 0 75 1 46 4 8 0 28 1 87 8 96 8 61 6 66 9 72 1 70 
40 1 62 7 97 7 88 6 3 1 16 4 54 3 57 5 90 1 1 1 9 6 60 6 32 6 72 7 51 3 100 2 98 8 17 0 81 0 41 9 69 5 12 2 38 3 24 3 77 1 95 1 29 8 58 4 65 5 5 9 39 5 97 9 17 1 66 8 33 8 46 1 35 6 99 7 55 8 66 0 93 
40 5 73 9 12 4 92 4 47 5 4 2 20 4 72 5 2 0 95 7 76 4 64 5 96 4 58 5 17 6 64 3 46 9 31 0 44 2 82 6 18 6 32 6 92 5 42 1 25 0 47 4 97 1 41 2 52 0 92 7 13 6 79 1 30 8 92 8 91 8 9 4 65 2 89 7 92 2 44 1 89 
40 2 57 5 28 0 17 3 7 8 65 2 1 5 53 5 85 5 61 8 42 7 72 3 20 4 95 6 86 3 69 4 10 6 29 3 30 9 87 1 50 2 59 6 85 7 96 2 25 1 84 2 17 4 48 3 46 1 6 0 58 8 49 3 18 1 29 6 43 4 38 4 93 8 48 9 9 0 66 4 79 
40 9 14 8 52 6 86 1 11 5 76 6 17 2 44 9 86 4 26 6 87 7 65 7 50 7 29 6 99 3 61 7 38 7 10 9 74 8 93 3 31 4 64 6 38 5 100 1 98 9 51 5 64 1 41 3 59 9 89 1 38 8 62 3 27 1 19 3 73 8 97 9 43 8 58 2 69 7 69 2 47 
40 0 23 6 71 1 94 6 31 9 68 8 82 3 4 6 94 5 57 3 21 5 45 0 33 2 91 5 63 1 11 2 94 0 50 0 19 3 100 2 86 9 73 7 20 2 25 4 79 0 56 4 79 6 97 3 36 5 20 7 87 1 9 4 81 1 45 4 35 1 85 4 30 4 89 6 12 5 11 8 49 
40 4 20 5 60 1 76 9 89 7 18 8 74 0 87 0 39 0 5 2 13 0 51 5 9 5 97 0 68 5 17 7 69 1 75 1 26 5 6 9 55 0 62 2 53 1 73 8 42 2 59 3 21 4 35 8 65 9 9 9 28 8 32 0 74 8 21 2 4 6 94 3 84 8 9 8 10 2 57 8 42 
40 5 87 6 64 3 79 9 13 2 39 6 26 2 74 3 37 7 84 5 59 8 50 0 98 9 3 6 78 1 47 8 53 2 26 6 82 2 11 6 46 1 6 6 38 2 38 8 1 9 62 4 36 7 36 0 39 9 46 2 81 9 23 8 82 6 96 4 23 7 88 9 8 4 65 5 18 6 61 5 21 
40 6 38 6 3 3 45 6 37 3 52 7 42 8 47 3 30 1 34 4 8 3 89 2 23 1 1 0 70 0 37 9 72 8 69 9 1 1 88 9 97 7 18 2 75 6 73 5 93 4 40 8 16 2 45 7 78 9 40 6 40 9 61 5 88 3 38 5 10 6 68 6 46 8 20 2 4 4 86 6 27 
40 3 54 3 77 3 47 8 47 4 60 5 2 2 79 6 65 2 89 8 79 0 76 7 53 5 63 6 70 8 85 5 74 3 13 0 40 3 24 2 44 3 33 2 7 5 4 6 33 0 30 1 42 7 31 8 33 1 81 7 29 8 61 8 4 0 70 1 6 5 44 5 35 7 44 2 68 5 68 4 6 
