10 10
40 5 18 3 100 1 61 2 41 7 4 4 77 9 82 0 67 0 52 8 85 8 91 4 41 6 31 9 1 4 42 9 85 3 60 7 88 9 77 9 86 8 11 5 97 9 66 8 57 7 35 9 89 4 84 8 72 8 9 0 17 0 53 8 89 5 37 6 34 9 13 1 82 1 73 0 72 9 52 9 71 
40 0 53 6 63 4 3 1 59 1 64 1 54 0 84 8 33 4 46 9 52 9 99 6 30 8 96 4 63 4 61 7 50 4 73 2 22 9 15 8 78 9 13 8 53 2 51 9 73 9 20 3 71 0 89 9 8 5 27 2 83 2 4 4 99 5 90 5 52 9 31 8 59 7 26 2 46 6 72 0 46 
40 9 58 7 99 6 61 2 49 7 64 6 9 5 89 2 15 6 40 9 96 6 89 7 54 1 5 3 52 7 94 1 61 5 38 3 56 5 10 8 91 0 34 8 34 3 2 2 78 7 47 1 17 6 71 1 49 8 39 1 46 7 71 8 2 5 81 1 36 3 5 9 46 3 52 6 33 0 36 3 3 
40 9 35 1 15 1 55 6 33 9 57 0 32 0 56 2 22 2 9 8 8 0 44 9 27 3 52 1 40 2 30 3 38 8 97 9 78 4 83 1 20 5 96 3 60 3 25 1 46 5 98 5 71 0 62 9 88 8 1 4 87 9 69 3 46 7 99 7 70 4 24 4 50 1 22 3 69 7 44 8 41 
40 6 3 7 38 6 76 8 49 1 95 5 12 8 59 6 58 2 66 5 52 8 23 6 69 5 80 7 42 3 17 4 75 8 61 6 10 3 71 3 92 9 13 1 37 5 69 2 62 6 44 7 56 3 95 9 58 0 52 7 14 5 67 4 24 2 7 9 79 7 93 7 29 9 25 3 23 1 52 6 10 
40 3 59 8 88 3 49 9 12 1 67 6 11 5 79 3 96 2 86 5 6 3 26 9 93 9 21 3 92 3 8 4 36 6 8 4 34 9 68 6 49 6 7 5 45 0 22 9 86 7 36 3 91 8 44 9 94 7 57 1 58 5 26 2 28 9 77 8 87 3 59 9 38 7 28 2 66 6 60 6 52 
40 2 70 5 23 5 26 7 10 0 59 2 86 5 30 6 96 8 85 9 53 2 71 1 69 0 69 0 8 7 94 5 18 5 7 5 85 8 13 5 4 4 77 4 67 1 38 3 74 9 73 6 66 5 8 5 1 4 58 8 27 6 77 9 35 9 77 6 81 7 70 3 19 0 89 4 33 8 51 3 58 
40 6 36 8 59 0 75 7 62 8 68 4 70 0 4 8 85 1 34 6 16 3 85 1 98 5 80 0 24 2 26 0 5 9 75 7 76 5 9 6 77 8 56 6 43 9 71 6 64 9 13 3 69 8 79 2 49 4 92 9 8 8 22 9 18 7 77 1 84 5 61 9 40 0 68 9 5 0 97 6 49 
40 0 15 3 55 1 66 0 69 7 1 2 51 4 46 1 2 9 3 9 54 5 48 6 78 9 44 4 77 6 63 1 53 4 7 8 49 2 66 4 47 3 62 8 69 4 96 5 33 6 92 6 28 4 24 5 63 7 87 4 65 7 14 3 77 8 15 9 94 0 16 7 95 6 36 2 44 5 61 2 23 
40 8 44 5 1 6 12 0 40 4 81 6 74 8 92 9 98 3 35 4 38 9 26 6 95 0 65 9 84 6 75 7 39 1 38 4 34 3 78 3 45 7 88 6 19 1 78 8 67 3 37 4 26 5 36 3 48 6 58 2 85 5 23 0 77 5 86 0 54 5 36 7 67 7 20 3 87 3 26 5 5 
