10 10
40 4 45 0 10 5 19 4 36 4 17 9 25 5 5 6 6 5 37 2 5 8 27 1 28 0 74 0 34 0 11 6 37 1 2 3 42 2 84 5 40 9 54 0 85 7 52 0 38 8 16 9 72 4 29 8 44 0 41 9 15 3 34 6 42 8 34 3 13 3 65 4 64 9 54 2 51 4 11 9 66 
40 9 60 8 81 0 84 9 62 4 24 1 91 6 18 4 11 6 40 1 63 4 9 3 5 4 21 3 67 6 40 3 15 8 1 5 16 4 66 2 53 7 79 8 36 1 96 8 96 1 54 9 66 8 44 4 19 0 7 6 62 6 55 0 77 6 69 1 65 5 8 8 82 7 100 0 40 8 100 3 86 
40 6 51 7 7 0 96 2 8 1 99 1 5 4 55 4 34 2 37 1 37 9 57 8 64 4 67 3 54 7 60 3 14 3 39 4 24 6 78 2 77 1 8 3 56 7 61 4 82 4 33 2 7 3 20 8 99 2 37 4 88 9 10 7 22 8 11 7 71 2 92 5 46 1 68 8 26 3 81 6 94 
40 2 13 7 98 9 86 7 32 6 75 7 38 2 16 9 9 6 30 5 47 1 22 5 43 3 69 0 11 9 30 6 25 4 73 7 64 9 3 1 72 7 8 3 44 2 25 8 79 4 23 7 80 2 23 7 20 3 3 8 60 3 66 4 86 4 88 1 82 0 63 2 97 5 90 4 57 1 39 3 52 
40 2 80 0 56 3 74 3 90 7 88 5 45 0 52 2 84 8 19 8 9 2 50 3 54 0 13 6 1 4 40 3 25 6 59 6 25 1 92 5 43 7 97 7 28 9 82 1 50 6 93 1 26 2 34 5 49 1 93 6 55 9 53 9 66 1 99 9 32 0 20 8 14 6 21 6 39 1 85 8 10 
40 2 74 3 63 4 47 1 1 3 86 7 56 2 88 4 81 7 69 0 98 3 57 0 15 0 84 4 36 1 20 6 89 1 72 6 77 5 5 9 36 0 18 9 77 1 93 5 74 0 82 6 40 6 36 2 18 3 12 3 25 9 56 2 93 5 76 3 37 8 83 4 40 5 27 3 6 2 54 1 60 
40 4 74 6 85 9 84 6 51 9 20 0 78 1 93 2 87 2 11 6 4 9 100 6 66 4 73 1 91 6 2 1 86 8 60 6 31 5 96 2 92 8 9 6 14 0 11 0 69 6 35 2 82 2 22 6 81 4 62 4 33 4 38 7 6 3 13 2 78 9 55 7 40 6 24 5 39 2 38 9 9 
40 8 39 0 9 8 5 0 28 5 64 2 65 1 35 2 46 6 35 0 27 2 56 4 49 0 14 7 5 5 42 0 57 5 60 9 96 6 70 3 54 7 78 6 82 1 40 1 72 1 25 1 83 3 64 2 15 5 81 2 94 3 10 0 85 5 88 1 100 3 96 1 13 0 31 4 48 9 25 2 69 
40 2 22 1 19 4 52 7 95 5 21 6 27 5 7 5 100 8 27 1 98 6 16 9 47 9 89 1 13 7 20 6 64 6 32 3 10 4 67 5 34 5 89 6 89 2 5 4 81 0 42 2 66 3 72 5 53 8 81 2 1 6 40 8 35 9 38 0 81 7 26 8 32 3 33 7 81 7 63 9 6 
40 9 58 9 56 2 87 2 29 8 74 1 54 6 53 5 22 1 65 5 93 0 33 2 74 0 36 6 79 6 11 4 54 4 81 4 28 5 56 4 100 0 77 4 20 9 99 2 23 4 25 8 11 4 56 0 8 1 17 6 81 5 78 6 81 1 1 9 34 6 73 2 1 7 21 1 95 3 60 8 69 
