10 10
40 4 2 4 23 8 35 9 85 9 51 6 64 9 51 9 8 0 16 1 70 3 65 3 67 7 40 5 33 7 53 0 15 2 47 6 32 5 35 5 76 7 93 6 12 6 14 7 96 2 43 0 100 8 95 8 39 8 45 5 80 6 58 1 65 9 9 0 82 8 5 1 74 9 32 4 88 2 35 9 64 
40 2 48 0 18 9 11 0 51 6 90 4 21 1 72 9 63 9 2 1 39 2 62 3 66 5 24 3 88 5 100 4 86 5 92 7 91 8 2 2 80 2 10 9 33 3 33 9 64 2 92 0 71 1 48 1 50 6 100 5 20 1 18 6 30 3 52 3 44 1 73 9 30 0 1 0 91 2 1 1 47 
40 3 70 2 97 8 20 0 75 5 84 7 20 7 54 2 11 3 88 8 40 9 59 2 94 9 18 6 43 5 73 8 92 9 17 7 62 0 95 7 89 3 11 5 98 0 92 0 20 0 58 9 55 3 15 7 99 5 92 7 29 1 44 4 59 5 32 8 31 4 86 3 9 9 68 7 93 4 44 5 74 
40 3 91 5 78 7 26 9 87 7 73 3 2 7 67 8 20 2 53 3 39 0 72 7 56 1 11 3 73 1 17 6 69 8 28 3 14 5 18 3 4 5 19 7 82 8 7 6 52 7 36 5 66 0 75 8 14 0 93 6 77 5 93 3 10 6 47 1 72 7 85 6 21 1 39 0 59 1 44 5 62 
40 9 44 4 89 2 34 5 19 3 94 5 63 0 31 9 15 1 88 4 39 8 83 0 86 3 95 5 75 5 26 5 19 1 33 1 63 2 71 0 8 0 32 8 4 8 23 6 31 7 31 5 43 2 3 8 53 4 4 6 72 7 59 0 61 3 5 6 74 2 48 5 8 8 10 8 90 8 78 9 56 
40 9 81 5 44 4 74 3 25 7 6 7 47 0 89 2 38 0 90 0 36 3 72 8 84 6 9 1 49 1 73 4 40 7 25 8 7 5 61 9 63 1 25 3 89 0 10 5 88 1 62 3 51 1 14 8 65 8 52 7 89 9 67 4 27 9 59 4 66 3 4 9 3 2 93 9 4 8 42 0 17 
40 5 73 1 11 0 43 2 14 1 33 2 76 8 19 8 45 2 34 4 51 8 25 5 22 6 78 1 55 3 69 4 26 6 34 7 49 7 38 6 49 6 71 3 7 2 23 1 3 8 35 6 100 5 63 6 49 3 65 6 17 2 68 4 49 3 13 1 36 2 96 4 96 3 92 8 56 0 5 7 63 
40 8 4 2 93 2 47 3 55 0 92 4 34 6 61 8 58 8 22 0 31 7 8 5 78 2 86 2 95 7 40 2 80 3 59 8 28 9 64 5 42 7 17 2 67 8 51 9 4 7 48 4 11 8 91 0 16 8 23 3 11 6 6 9 30 8 56 1 58 1 9 0 19 3 76 5 29 0 74 6 28 
40 0 60 2 61 1 94 9 23 2 33 4 80 7 77 2 81 6 77 5 83 8 83 5 8 2 34 9 73 5 63 5 55 3 75 5 51 0 55 1 33 2 19 7 73 1 92 0 90 8 8 2 27 1 85 0 14 0 9 6 76 9 13 6 34 3 44 8 62 2 64 2 57 0 53 9 33 2 58 3 55 
40 5 79 0 57 4 15 7 97 5 61 3 28 5 51 7 99 2 20 3 86 7 54 6 73 5 75 7 63 8 85 0 69 2 36 3 25 6 63 0 77 0 18 6 61 0 70 9 51 3 11 6 65 5 96 9 52 9 90 9 99 9 68 2 88 4 19 0 47 5 46 5 5 1 42 6 49 2 62 5 32 
