10 10
40 8 97 1 84 1 70 8 30 7 40 1 7 9 54 6 48 7 15 7 70 4 65 8 36 4 50 0 32 2 19 7 60 6 24 3 16 9 26 3 23 6 33 2 61 9 47 0 67 5 35 2 18 2 100 0 18 5 4 7 57 8 84 8 26 4 34 8 6 0 2 3 14 6 45 4 5 9 58 5 41 
40 4 71 5 68 6 67 9 61 6 55 0 3 9 13 0 49 5 91 8 18 7 74 8 53 8 33 9 36 4 73 2 44 7 83 7 90 5 69 7 89 8 81 0 29 7 55 5 47 9 59 3 31 4 14 7 52 6 35 9 14 9 78 8 40 3 27 5 38 1 48 6 4 4 15 6 63 6 17 6 75 
40 4 45 1 20 1 6 1 78 3 61 1 23 5 99 2 63 6 55 2 11 4 35 7 7 4 61 6 71 2 4 5 6 4 24 2 9 5 43 1 50 2 44 5 16 9 50 1 72 0 93 6 81 8 98 2 90 0 26 5 36 0 33 9 99 0 67 3 45 5 50 1 77 4 44 4 37 2 42 8 89 
40 2 44 4 82 1 16 7 70 2 36 6 10 5 24 0 18 0 92 2 11 1 37 4 31 9 60 2 32 4 14 2 57 2 87 9 43 4 19 5 59 6 72 0 38 2 11 3 91 0 6 1 26 4 79 6 25 3 55 0 9 8 16 4 84 3 77 0 30 4 72 3 65 5 12 6 58 8 47 5 24 
40 4 10 4 8 2 83 8 47 7 37 5 1 6 70 2 100 5 23 4 30 1 47 5 49 1 70 6 80 0 6 1 2 8 66 7 20 9 52 9 100 1 94 7 62 9 53 5 23 2 73 2 97 6 64 3 40 3 95 1 85 9 76 7 89 2 76 4 69 4 67 5 55 1 98 4 76 2 27 8 63 
40 0 32 1 86 2 84 4 63 4 51 7 100 1 10 1 20 1 80 7 40 0 38 8 97 4 60 4 36 2 58 6 18 8 34 9 30 9 36 6 60 4 66 5 42 1 68 8 13 1 44 0 99 5 94 8 23 9 63 5 75 8 87 0 90 7 47 0 64 2 45 0 29 7 52 4 35 0 44 9 15 
40 4 60 8 44 6 68 4 62 3 64 5 25 9 96 1 58 1 30 6 13 3 86 7 22 0 20 3 3 6 97 6 41 1 77 7 96 8 73 6 2 6 5 9 15 2 12 3 75 5 5 3 75 6 6 1 94 8 50 7 21 0 22 3 87 4 19 1 64 9 23 8 86 9 13 0 87 8 69 1 11 
40 8 38 6 62 6 100 2 62 0 13 1 41 3 55 9 1 0 95 1 83 2 93 1 89 5 75 3 39 2 64 6 34 7 95 0 76 3 92 8 35 4 80 2 54 7 8 8 44 6 40 9 35 0 14 6 65 1 29 8 68 0 38 4 32 0 53 8 73 9 24 2 52 2 66 6 26 9 1 6 52 
40 2 28 8 53 4 7 7 68 1 57 3 22 5 36 3 49 4 59 3 60 9 62 1 71 8 65 0 59 2 4 7 53 2 26 7 60 6 65 7 63 8 80 4 46 1 44 7 97 1 76 8 98 4 83 2 86 5 43 0 93 6 45 3 38 4 61 9 13 1 9 0 44 0 67 9 9 9 82 8 22 
40 8 8 9 22 7 56 1 96 6 21 9 85 5 34 4 38 8 63 5 60 6 98 2 95 3 63 9 90 5 21 6 41 7 28 1 28 8 11 9 10 9 63 4 8 7 57 3 79 9 72 6 54 7 48 7 36 6 42 8 71 3 8 1 22 8 5 9 89 6 56 8 35 7 96 8 64 2 4 4 54 
