10 10
40 9 27 5 68 0 44 5 20 0 100 7 88 3 40 1 34 0 29 2 32 7 47 9 58 0 100 9 90 7 73 3 90 6 39 8 86 2 74 6 83 8 5 6 74 5 97 9 80 6 79 7 8 9 97 7 29 0 38 7 78 2 58 7 21 1 38 3 28 1 25 0 40 0 75 8 71 0 94 9 39 
40 9 73 2 73 6 73 5 81 6 4 4 83 3 11 0 83 6 44 5 8 8 94 7 91 3 61 9 43 4 73 8 23 6 59 2 24 9 56 8 59 0 16 2 34 2 84 1 1 6 79 0 47 6 88 4 26 1 96 9 83 8 1 1 73 1 25 3 6 9 99 8 88 2 62 2 98 2 14 9 94 
40 7 29 2 59 3 73 5 55 0 28 2 20 0 92 8 2 1 9 1 7 4 89 4 92 9 8 5 8 6 81 7 65 1 31 3 15 3 99 7 83 0 26 8 59 3 68 0 86 6 84 4 12 3 88 0 29 8 25 5 42 3 56 6 99 8 22 5 46 5 66 8 56 4 62 0 29 4 66 8 77 
40 0 5 9 83 6 27 6 20 5 2 4 49 1 92 4 81 2 7 4 87 7 95 8 45 9 11 1 6 8 4 4 1 0 7 1 59 5 10 2 60 0 95 7 51 6 1 5 96 3 91 7 96 8 67 6 20 8 33 0 19 8 51 1 89 4 20 5 5 1 9 0 71 7 13 8 57 5 95 5 36 
40 2 24 5 49 1 51 2 13 3 69 9 41 6 13 6 19 7 12 5 63 0 16 7 66 4 92 1 32 0 24 5 51 3 63 9 28 8 40 4 100 3 10 5 61 6 33 8 96 8 67 4 37 1 93 7 82 9 68 2 6 2 93 3 21 1 54 7 23 5 61 1 81 9 40 2 68 7 46 3 46 
40 8 27 7 21 6 77 8 57 1 55 6 2 6 39 0 47 1 59 2 27 4 32 5 35 5 53 5 44 5 52 2 39 6 68 1 66 6 72 4 76 2 31 2 9 7 21 5 61 8 5 4 90 4 64 5 84 7 86 5 2 3 18 1 62 9 93 5 12 2 43 2 68 2 58 6 16 1 5 5 74 
40 4 60 8 91 1 23 5 69 3 1 5 53 5 93 6 64 5 43 2 21 2 38 7 11 2 100 2 58 3 49 8 79 9 47 4 14 1 49 3 31 7 96 6 40 9 5 3 3 6 71 1 15 3 46 6 46 2 31 8 1 3 93 7 17 1 30 6 9 9 81 3 4 3 68 4 9 7 44 2 83 
40 0 58 3 81 7 83 6 52 5 69 8 38 1 58 3 60 7 78 0 8 7 68 4 96 9 78 7 56 5 5 8 47 9 53 0 22 3 45 6 15 1 34 4 11 5 19 7 38 1 98 0 28 9 63 6 29 3 72 4 65 6 77 0 15 7 27 8 61 5 23 0 96 6 25 1 72 8 52 9 73 
40 8 90 5 60 0 86 3 57 9 10 9 52 6 86 5 23 7 9 2 66 2 42 4 75 8 71 8 83 3 81 2 2 6 35 7 57 5 58 1 22 8 23 4 95 6 2 5 76 3 92 2 63 3 37 6 73 0 47 9 43 6 70 9 52 2 76 7 55 3 100 6 74 1 39 1 69 3 53 6 19 
40 7 67 4 74 8 94 6 26 0 53 4 6 2 97 1 36 7 36 9 13 2 91 4 73 2 77 9 21 1 41 3 35 5 68 1 61 5 33 2 18 0 86 7 60 7 72 0 84 0 54 8 38 0 30 9 90 9 30 7 88 4 35 0 16 3 89 4 10 7 97 2 17 2 34 0 70 4 56 2 9 
