10 10
40 5 95 5 53 8 4 1 12 9 46 8 69 8 41 2 5 3 71 1 4 0 62 3 48 0 51 2 24 7 41 2 19 4 9 5 47 2 74 4 81 0 65 4 49 1 23 3 13 7 17 6 31 1 66 2 98 6 8 7 64 8 22 5 70 3 60 7 32 3 83 6 64 5 83 9 56 9 82 0 63 
40 2 15 3 67 6 51 0 93 1 39 7 12 0 5 2 18 0 22 7 81 4 75 5 47 4 27 3 76 3 12 5 89 8 29 7 20 2 27 9 20 3 28 0 75 6 73 5 28 1 6 1 4 5 32 9 70 2 61 6 7 1 11 3 38 2 8 1 39 8 89 2 2 6 21 5 54 0 21 9 42 
40 5 79 0 84 1 87 8 47 7 96 5 19 9 80 1 87 3 17 2 22 7 83 6 62 7 16 0 5 2 4 6 70 9 27 7 30 8 46 8 2 7 79 9 5 0 42 1 31 9 27 1 3 5 94 0 87 1 91 3 48 1 96 7 84 1 79 3 36 4 33 5 83 1 75 5 44 6 98 2 21 
40 5 27 7 62 6 44 7 27 7 76 9 65 4 32 7 48 8 9 4 79 6 90 4 98 9 38 5 61 0 59 2 70 9 96 8 86 8 43 9 77 2 61 5 73 2 73 8 97 3 40 1 83 7 28 4 17 6 82 2 1 2 85 6 27 6 54 3 70 5 47 6 9 1 19 4 57 2 29 7 29 
40 6 68 2 7 5 67 6 77 3 61 5 8 5 21 0 24 3 56 1 25 9 75 4 65 1 15 8 13 2 41 2 51 0 17 7 3 1 95 8 96 6 25 9 11 4 23 7 34 1 18 1 38 0 94 5 92 9 50 1 54 0 7 9 28 2 60 6 50 4 95 9 76 9 79 9 46 9 90 7 88 
40 6 36 9 47 6 58 1 50 5 36 3 60 4 62 0 65 2 78 0 85 0 36 0 14 8 96 9 79 0 81 7 90 7 29 9 9 5 67 0 83 2 95 0 95 3 2 3 78 6 10 1 96 7 6 6 90 5 32 0 68 4 76 4 5 9 31 8 58 6 73 5 69 1 31 7 59 6 90 8 39 
40 4 5 4 81 0 33 8 24 8 5 4 7 0 54 6 46 3 96 0 85 9 30 4 51 2 69 7 72 2 10 2 84 4 71 7 6 4 1 4 52 7 45 6 60 9 82 9 91 3 12 9 12 9 64 7 32 4 57 7 52 1 48 8 54 6 48 9 65 5 94 0 97 3 61 8 6 1 69 7 47 
40 6 99 8 84 3 13 5 32 2 67 0 96 4 15 8 50 3 95 6 91 9 62 8 77 0 6 8 13 4 84 1 23 7 99 3 58 9 91 3 29 1 24 8 62 3 91 7 72 3 45 9 68 8 28 1 52 7 37 7 8 7 49 0 35 1 27 3 84 7 82 2 38 7 84 5 70 3 81 4 33 
40 5 14 2 75 8 21 2 68 0 28 0 2 2 57 5 4 8 36 1 3 0 41 5 75 4 88 4 66 4 11 8 33 6 39 2 32 9 71 7 86 9 95 6 81 6 5 0 48 4 85 0 15 6 92 7 97 1 41 4 16 8 19 3 46 2 2 4 38 0 33 7 94 5 98 3 13 5 23 2 51 
40 7 32 8 90 3 76 1 56 2 56 6 26 9 9 0 34 1 30 6 18 1 97 0 33 5 8 5 9 0 60 5 90 6 70 3 43 9 82 0 24 1 7 9 12 6 30 0 2 2 50 4 5 7 75 9 67 3 23 0 53 8 37 4 19 3 95 0 35 8 38 9 28 1 73 4 14 2 13 0 59 
