10 10
40 6 61 9 34 1 67 3 89 6 47 3 66 3 28 0 73 2 70 5 96 4 22 5 8 8 51 2 74 2 30 4 21 6 67 8 40 4 23 2 47 6 58 9 41 7 71 8 71 6 77 8 6 9 22 3 47 7 32 1 72 2 63 1 1 6 2 6 46 7 62 0 55 3 59 5 29 0 78 7 53 
40 1 35 8 89 0 73 4 42 7 72 8 66 3 72 5 69 8 10 0 41 8 100 3 2 6 81 3 54 4 91 5 57 3 6 5 16 2 66 6 72 3 29 6 64 0 4 5 88 9 22 5 92 9 2 9 22 3 51 9 83 1 90 8 83 2 79 7 54 4 2 5 73 6 26 9 27 4 47 9 82 
40 5 4 4 78 1 27 7 45 0 7 4 34 1 54 6 21 4 24 6 54 9 70 5 97 8 97 2 89 1 95 1 98 2 6 0 36 3 13 8 41 7 33 9 66 5 16 1 59 6 1 1 18 8 79 9 39 6 34 0 62 8 26 1 80 8 79 7 72 3 87 8 97 7 67 4 66 4 85 2 17 
40 0 84 7 3 1 46 0 34 5 85 5 46 7 34 9 76 9 2 0 71 1 89 4 28 9 39 3 59 0 25 1 48 0 5 8 94 3 55 5 94 1 29 4 44 5 42 0 44 2 78 7 83 6 33 6 24 4 91 1 46 4 19 0 10 2 64 7 53 2 47 9 45 6 20 5 67 6 81 6 90 
40 5 26 3 46 1 17 5 70 8 10 4 13 5 72 8 8 3 46 1 90 7 42 1 2 2 51 5 74 1 48 5 9 7 15 9 3 2 25 7 81 9 39 0 7 3 25 9 39 8 53 5 81 1 49 0 60 4 79 6 27 9 29 7 17 4 55 0 85 7 4 9 45 0 94 1 58 9 51 9 63 
40 2 5 5 74 0 32 0 89 6 84 4 80 3 19 2 54 3 80 5 54 1 46 7 49 9 60 8 74 5 65 0 74 9 54 9 1 9 95 6 42 8 6 0 18 4 15 3 32 4 78 9 10 5 66 8 29 0 86 4 96 4 59 8 55 3 17 6 87 4 95 5 51 0 86 3 13 0 90 9 97 
40 7 89 5 82 4 91 5 81 7 47 2 35 2 39 6 35 5 4 0 100 8 29 1 44 5 8 6 47 5 27 2 61 7 88 2 2 2 49 2 70 4 12 4 33 2 17 7 6 1 52 7 36 3 25 1 18 3 25 0 33 2 75 3 32 2 31 1 66 9 50 3 39 4 41 4 77 9 98 0 51 
40 2 42 9 60 8 48 6 4 0 83 9 91 1 12 9 20 8 23 4 60 2 79 1 96 6 22 0 38 4 10 5 52 3 39 0 13 4 6 7 70 4 5 9 19 2 86 1 31 2 16 3 14 7 98 5 84 9 31 0 31 6 17 3 51 2 49 8 96 3 6 0 98 7 13 3 98 7 32 3 26 
40 3 89 6 54 1 6 9 74 2 76 2 57 6 46 1 2 9 99 5 91 6 55 4 46 7 55 8 71 4 95 1 10 2 35 8 21 5 54 7 57 5 23 1 89 5 47 8 44 9 86 9 31 6 60 0 76 8 27 4 21 0 95 7 48 6 68 4 23 6 27 3 4 5 71 0 64 8 19 4 27 
40 0 80 1 32 1 86 7 53 4 45 9 81 3 6 9 90 7 90 7 4 6 50 9 37 4 92 5 64 7 23 0 97 3 65 7 31 1 38 6 100 7 45 8 35 7 31 9 35 8 62 2 25 3 71 4 56 6 65 7 87 5 10 4 53 2 59 9 58 3 23 7 3 8 11 2 38 5 35 7 45 
