10 10
40 0 77 9 74 9 61 5 100 4 76 4 23 4 90 4 88 0 15 1 59 9 21 6 82 9 26 9 63 3 78 0 67 6 64 2 22 3 9 9 91 9 10 2 33 1 95 4 67 9 8 3 59 1 21 1 46 3 9 3 82 5 12 2 83 8 99 0 15 1 16 2 35 4 12 1 84 8 66 6 17 
40 6 59 4 90 7 77 0 45 8 81 1 51 5 41 8 94 6 73 6 45 1 5 7 93 2 82 1 45 4 93 8 64 2 70 4 55 8 73 2 46 3 63 5 90 5 17 0 65 4 30 1 62 2 48 2 49 6 50 3 25 0 31 6 73 6 61 4 74 1 97 9 74 7 65 5 47 0 44 4 55 
40 9 26 7 30 1 42 6 51 4 26 2 41 8 9 7 92 5 3 6 99 4 6 6 7 5 61 7 16 2 96 5 98 4 24 3 88 6 77 4 93 3 58 9 11 6 81 6 11 5 32 9 65 5 76 6 94 5 28 7 32 8 63 3 80 3 18 9 9 2 75 2 63 7 47 9 23 8 12 3 9 
40 8 51 8 30 3 53 6 53 8 37 4 23 1 11 9 38 5 83 4 25 4 30 6 7 3 29 0 55 3 41 1 72 2 7 3 19 1 99 1 93 6 76 7 68 7 18 0 14 4 37 1 6 1 19 7 84 8 27 0 68 9 99 4 94 0 41 1 70 6 68 4 5 0 7 8 7 9 32 7 47 
40 9 8 9 36 2 27 1 84 1 68 2 42 9 23 1 74 7 89 3 12 2 13 8 94 3 47 5 34 0 74 2 87 5 83 0 11 2 61 1 13 7 97 2 11 1 91 7 61 8 16 6 34 1 82 3 20 7 44 2 93 7 25 5 8 3 7 5 89 6 3 6 60 2 14 0 72 0 100 4 18 
40 0 32 7 42 7 6 6 53 0 56 7 78 6 12 2 97 7 26 1 56 3 71 2 89 4 67 1 38 7 72 1 8 6 35 1 62 8 76 9 91 8 43 5 42 1 33 3 90 1 2 6 4 7 75 8 82 7 13 4 55 5 94 8 59 2 14 8 61 0 62 4 81 5 12 1 68 0 17 7 28 
40 4 60 5 15 1 28 9 95 6 11 4 10 8 92 3 17 7 19 2 51 8 42 8 3 2 94 5 79 7 54 7 14 3 41 8 24 2 69 9 15 3 96 9 30 0 4 2 57 8 79 7 6 8 92 2 38 5 54 1 99 6 76 6 9 4 42 9 7 1 45 1 78 5 72 6 55 4 76 1 30 
40 5 39 4 70 4 71 4 41 1 77 2 91 0 97 0 91 9 88 7 38 0 53 5 10 3 22 3 78 4 21 4 48 4 60 9 26 1 50 8 86 9 67 2 1 5 60 3 51 4 40 7 99 2 47 7 44 7 76 0 83 6 37 3 98 7 43 0 82 1 36 8 36 6 44 8 18 2 45 4 76 
40 0 80 0 3 3 94 9 55 6 27 4 98 5 67 8 30 7 48 8 89 1 71 4 16 7 75 9 65 2 49 1 71 8 28 0 70 6 2 3 13 0 88 7 59 3 86 6 71 2 64 7 52 5 51 9 69 8 38 2 21 7 8 9 29 8 81 7 36 5 58 2 39 1 25 1 7 2 11 1 69 
40 5 30 1 39 4 33 6 48 5 50 2 26 4 18 2 73 6 6 6 48 8 43 4 45 4 37 6 3 0 90 0 62 8 94 4 39 5 17 0 90 6 52 8 65 5 76 2 61 5 8 2 34 5 66 5 24 8 56 3 64 2 84 4 27 8 25 3 21 3 96 7 41 8 65 9 69 2 4 4 69 
