10 10
40 3 87 8 64 5 38 5 50 7 59 8 82 8 74 8 72 3 52 6 48 8 75 8 62 6 13 9 37 1 55 1 68 0 46 4 89 9 34 8 54 3 70 5 9 8 47 8 86 4 44 7 97 6 69 1 37 5 73 8 6 1 25 2 14 1 3 8 98 5 38 0 63 6 16 1 88 9 74 7 73 
40 6 1 6 72 1 12 8 97 6 23 2 46 3 12 0 83 8 17 9 87 4 13 0 44 2 100 7 71 4 31 5 5 9 9 7 30 9 22 2 39 0 65 8 14 0 46 5 87 2 29 9 58 9 8 7 45 2 29 9 7 1 68 5 24 2 71 0 41 4 28 0 65 0 37 0 46 7 39 6 36 
40 2 30 0 45 4 35 4 23 8 41 5 74 9 59 0 54 0 56 2 33 9 44 9 22 4 84 2 90 7 16 3 33 5 31 9 30 2 20 9 28 5 41 9 46 1 3 3 37 3 66 9 57 7 82 3 38 1 59 2 99 5 94 6 7 3 63 7 29 3 41 5 30 7 64 4 68 8 41 0 7 
40 6 33 2 97 7 28 5 1 1 54 3 65 3 81 0 93 3 64 5 2 4 21 7 82 4 66 0 96 5 79 0 48 8 82 8 59 1 15 1 99 5 40 5 19 5 64 9 75 3 29 6 46 9 48 7 14 3 66 3 53 2 67 0 68 5 65 7 7 2 44 7 81 2 70 9 36 8 83 7 9 
40 3 82 1 18 4 42 7 8 5 33 3 42 7 68 1 14 0 26 9 43 9 62 3 41 6 70 8 83 1 95 7 30 6 15 4 76 2 3 3 10 8 41 6 50 5 97 3 55 1 94 2 72 2 33 6 10 9 91 6 78 8 79 4 96 5 93 2 1 6 85 9 79 8 50 7 24 8 1 1 39 
40 7 88 7 15 1 65 2 72 9 7 7 75 4 72 3 6 3 78 1 92 7 98 0 26 0 59 8 57 3 21 0 22 3 100 7 15 4 52 6 27 5 59 2 100 5 43 0 91 6 19 0 14 3 7 7 10 9 75 4 63 8 11 3 73 3 42 3 19 7 9 0 6 0 69 2 51 6 91 4 29 
40 6 60 2 95 7 5 2 15 3 61 3 61 6 77 9 55 0 13 3 60 1 89 6 55 8 93 4 11 5 24 7 84 2 82 9 61 7 64 3 22 3 50 1 86 2 56 4 88 1 84 2 12 8 2 7 7 1 55 0 4 6 59 8 1 0 61 1 51 1 84 4 32 7 4 0 80 8 19 2 54 
40 8 37 5 37 7 37 1 71 0 2 5 47 2 81 3 43 0 31 8 79 8 9 7 72 6 97 2 99 9 46 2 79 5 6 0 13 6 71 9 84 6 6 7 66 5 68 4 8 6 48 4 93 4 15 4 48 4 40 6 64 3 21 6 72 6 5 7 13 4 77 9 74 8 53 9 90 6 97 6 3 
40 3 97 6 64 3 61 8 13 4 45 1 55 7 33 1 82 2 11 4 12 3 64 6 52 6 91 4 87 9 99 4 65 1 19 3 67 9 85 4 32 5 62 4 94 2 44 2 93 9 41 1 88 3 8 9 8 0 93 7 50 4 4 3 66 1 50 6 65 6 2 7 20 1 36 2 21 9 54 2 6 
40 0 54 2 50 3 95 7 88 0 44 1 7 9 21 2 84 7 35 0 61 8 75 9 7 8 59 7 100 6 37 5 10 8 11 0 68 9 67 8 94 6 10 1 30 6 73 5 71 1 64 7 49 6 70 3 85 6 5 6 50 3 86 5 84 6 65 9 76 9 40 7 76 4 91 4 21 5 36 1 9 
