10 10
40 0 32 3 93 0 40 5 16 4 6 3 12 8 99 2 72 3 14 1 31 8 93 3 93 8 6 4 43 3 18 7 79 2 53 4 23 4 69 9 2 1 41 6 31 3 27 7 72 8 85 7 21 1 43 5 74 7 35 5 65 1 81 2 36 0 57 9 54 4 10 0 8 1 32 4 67 0 84 2 84 
40 4 92 7 39 7 67 9 75 9 24 1 38 9 3 6 79 5 25 3 65 2 21 1 11 5 26 7 83 1 23 4 73 0 94 7 91 8 86 7 76 8 89 8 43 5 32 1 45 7 44 1 46 4 70 0 4 2 48 2 96 3 55 3 78 3 86 1 22 1 66 3 85 7 24 9 75 2 64 9 47 
40 8 88 9 56 8 47 3 29 1 100 8 41 9 98 5 20 2 57 5 100 8 71 1 19 5 60 8 84 7 37 1 62 0 95 8 49 2 77 3 60 6 64 1 19 1 73 4 36 1 38 2 59 5 72 8 41 1 94 0 77 7 85 6 98 8 31 8 100 9 54 8 38 7 29 2 40 0 55 4 19 
40 5 92 2 64 3 12 0 66 6 82 1 90 2 33 8 99 2 79 0 26 8 1 8 59 0 42 2 65 1 45 5 32 9 90 9 2 3 79 8 61 2 11 0 50 0 52 8 10 9 96 5 2 8 33 8 83 6 1 9 94 2 91 6 12 0 14 1 65 1 17 7 83 5 18 7 33 8 100 0 26 
40 2 21 1 94 7 55 9 56 5 96 2 1 8 17 2 22 8 48 8 76 4 31 1 93 2 48 1 22 4 89 3 82 8 42 6 31 3 53 0 25 1 97 6 85 4 29 4 100 1 74 0 43 8 48 3 61 6 40 0 79 0 29 4 15 6 52 8 58 6 4 7 56 0 87 6 24 2 91 1 69 
40 8 44 2 11 2 62 2 69 6 16 2 32 6 90 8 78 7 69 6 49 6 57 6 38 1 29 8 69 7 58 0 40 2 78 4 92 1 79 2 15 4 52 8 9 8 69 9 28 3 50 9 18 1 64 4 70 8 5 3 36 8 48 4 27 9 17 9 41 8 77 7 30 0 82 4 14 6 2 4 15 
40 8 45 3 51 3 88 7 58 6 23 2 33 9 51 3 62 9 88 0 93 8 100 3 13 3 52 6 76 0 40 8 43 7 21 9 7 9 58 5 93 4 28 0 86 8 11 4 91 4 83 9 98 9 27 3 26 6 17 8 3 8 28 4 82 1 26 8 66 7 47 8 39 7 30 6 73 8 34 2 51 
40 0 67 6 13 1 65 5 89 9 59 3 41 3 50 0 77 2 46 4 66 3 98 5 39 1 17 4 64 5 17 2 82 5 87 6 52 0 25 1 12 0 12 4 92 9 59 0 10 3 88 2 5 0 58 2 12 4 2 4 16 7 40 6 14 7 4 4 15 6 1 5 75 4 84 6 52 0 15 4 89 
40 7 26 0 38 8 4 8 31 2 41 9 63 3 38 0 22 9 7 8 61 5 87 3 48 2 78 0 64 6 32 9 65 5 82 4 37 7 33 4 2 4 20 9 71 6 93 3 83 8 29 9 19 6 63 9 19 5 28 4 69 4 60 7 34 8 43 7 68 2 68 5 82 5 79 0 88 6 61 2 18 
40 4 54 3 60 8 82 7 62 9 14 1 76 8 32 2 2 5 77 6 21 4 51 2 3 8 14 5 30 0 43 1 98 6 97 9 38 8 1 3 51 1 95 0 38 5 85 5 22 8 44 1 25 4 28 4 22 3 19 7 59 9 25 6 42 8 66 1 43 8 71 9 69 9 88 2 72 4 51 9 83 
