10 10
40 0 5 6 6 9 50 8 54 6 97 4 34 1 91 3 8 5 85 0 82 6 82 4 41 6 35 5 4 1 5 1 53 8 54 2 88 1 37 8 59 0 64 1 93 3 49 5 10 8 90 4 1 2 20 7 8 3 41 2 73 9 61 0 34 4 91 7 79 5 84 6 83 2 43 3 1 8 40 4 61 
40 8 87 5 20 0 74 5 32 8 73 8 31 9 74 6 15 8 33 1 71 7 32 6 71 3 75 3 87 9 3 0 65 1 65 1 2 8 89 2 90 7 8 1 9 5 17 5 3 1 30 3 98 1 99 6 4 5 45 3 3 0 77 5 83 5 38 3 74 2 7 4 74 8 45 3 25 6 5 9 53 
40 7 17 3 89 1 67 8 42 2 92 9 4 7 36 8 97 3 31 0 96 4 91 6 6 7 64 0 33 3 34 5 89 7 60 9 20 4 78 4 62 1 60 4 58 0 42 1 80 3 28 6 69 2 65 2 82 3 95 9 35 9 42 1 12 2 63 0 20 0 41 9 42 3 7 7 50 8 71 6 38 
40 9 38 8 100 1 13 6 34 0 15 7 22 2 81 3 36 0 97 1 31 3 40 1 63 8 64 5 24 5 83 6 96 1 3 9 31 0 82 5 98 3 25 9 47 0 43 1 46 8 14 7 76 1 93 9 20 1 45 1 40 7 49 2 17 1 33 5 73 4 58 6 58 1 47 0 71 5 54 4 88 
40 2 93 0 86 1 26 2 69 6 11 4 77 2 66 0 41 1 10 0 27 3 42 7 82 1 4 1 72 6 21 1 58 5 40 5 16 8 84 3 33 2 44 6 24 3 99 5 42 2 19 4 66 0 19 9 79 6 43 0 27 1 9 6 61 8 85 2 47 9 46 6 66 8 30 8 98 2 53 3 93 
40 3 87 1 42 6 10 2 89 4 31 4 40 8 34 9 33 6 93 8 66 7 62 4 57 8 13 8 28 5 32 7 58 5 60 0 48 8 66 3 74 8 54 7 40 9 90 1 64 5 35 7 60 9 95 8 54 7 57 6 79 9 29 8 19 3 68 8 67 7 4 0 85 3 27 4 51 4 88 1 33 
40 9 41 1 82 4 81 1 50 1 59 9 1 7 58 9 45 8 70 8 38 1 65 6 37 3 3 6 10 8 73 3 57 6 16 2 95 8 49 3 89 3 76 2 14 9 20 7 65 3 89 3 56 5 42 1 24 7 14 9 17 0 67 8 19 7 41 0 96 4 53 7 87 1 7 4 96 7 80 2 10 
40 4 98 3 9 0 30 6 75 7 95 9 13 5 55 9 14 4 8 5 56 0 36 9 81 2 26 1 70 4 28 1 16 0 97 2 49 7 47 2 66 4 65 7 44 6 10 9 75 6 46 1 84 5 11 7 39 5 88 5 84 8 57 1 48 3 11 4 30 3 95 4 71 2 24 3 39 6 49 6 70 
40 5 85 9 49 8 17 2 19 7 27 2 59 3 51 8 96 6 5 7 57 4 37 6 43 2 90 9 32 3 57 3 22 4 2 7 73 9 82 8 91 8 13 0 96 0 65 9 93 7 50 1 95 7 34 1 19 5 56 4 22 5 80 8 17 2 25 7 4 4 2 4 8 3 31 2 77 5 21 6 74 
40 6 22 0 19 1 16 7 13 6 98 3 54 3 20 3 28 2 98 9 28 5 24 7 51 3 85 4 14 3 30 5 45 9 100 1 68 8 16 6 44 2 60 2 59 7 81 2 17 9 94 8 6 7 58 4 57 5 7 6 14 1 31 4 5 5 72 1 98 6 79 3 26 0 61 5 41 3 16 0 41 
