10 10
40 8 91 8 31 2 83 3 71 8 33 2 25 2 74 5 39 1 94 8 96 2 38 9 46 4 92 6 12 1 37 4 63 5 16 4 88 4 16 7 13 0 45 5 28 6 69 8 11 5 23 6 11 6 74 2 56 1 58 8 60 1 44 6 65 6 61 1 77 5 49 9 78 3 62 8 13 3 86 1 33 
40 9 93 5 56 2 91 7 28 9 65 0 28 1 3 3 4 8 77 2 42 7 78 5 77 6 94 5 42 0 7 7 91 3 100 5 17 3 20 3 37 4 56 7 14 0 82 7 38 3 29 7 1 1 53 8 66 0 11 4 8 5 14 2 70 1 70 6 30 4 98 4 50 0 75 5 61 7 77 0 51 
40 8 9 7 86 5 81 8 82 9 22 7 14 7 1 0 17 8 20 0 19 4 28 4 14 2 27 3 53 3 57 0 80 1 16 1 62 2 55 2 44 6 32 5 74 5 6 6 31 6 58 2 8 8 93 2 76 7 20 9 74 0 19 3 52 9 1 9 79 6 48 8 63 0 33 2 38 8 19 0 17 
40 5 82 4 4 9 45 3 83 1 82 2 7 7 61 5 50 6 57 3 73 3 82 0 50 0 40 0 92 7 55 9 19 8 7 1 36 8 36 4 30 1 54 9 95 1 78 3 100 9 88 0 40 6 41 4 1 2 62 3 91 1 79 5 9 8 57 8 10 8 60 0 48 8 90 0 80 2 87 0 97 
40 1 46 5 21 5 36 3 41 6 50 1 98 3 78 3 90 5 90 8 35 7 29 5 98 6 18 4 54 9 44 6 46 3 27 9 67 2 22 8 44 5 93 7 43 4 7 2 10 4 43 4 83 0 9 2 83 6 24 4 43 8 37 2 59 9 75 4 11 2 66 5 68 6 72 3 84 7 93 1 8 
40 9 98 7 78 8 29 5 12 8 89 4 67 8 99 4 8 4 65 9 3 5 9 0 14 1 96 2 4 2 53 6 76 4 21 7 64 6 4 2 65 9 60 6 29 4 40 9 50 0 66 0 27 8 64 3 97 5 12 4 85 2 33 3 33 9 55 5 81 0 86 3 63 7 78 8 40 4 32 4 29 
40 8 39 2 43 9 61 4 30 5 5 3 67 2 16 4 51 9 27 6 1 5 33 1 26 5 90 2 72 9 8 0 59 1 85 4 20 8 87 7 80 1 27 7 63 1 12 0 57 4 30 3 74 3 43 9 22 8 58 7 75 1 72 5 71 4 53 2 35 6 79 0 56 4 65 8 12 5 18 1 66 
40 0 69 0 12 2 80 6 76 7 51 6 56 1 21 6 66 1 33 1 58 8 72 6 36 3 99 7 19 9 95 1 44 5 42 8 81 1 41 2 3 5 71 6 41 9 53 9 59 1 58 1 29 9 77 4 27 5 42 6 21 1 86 1 76 2 75 3 4 0 75 9 98 1 82 7 17 5 23 5 15 
40 4 16 8 18 4 28 6 96 0 81 1 81 0 4 6 32 1 47 3 79 0 85 6 34 1 55 4 29 7 57 2 64 6 76 9 54 4 100 1 24 7 15 8 20 6 49 7 21 3 58 5 72 9 75 9 47 7 7 1 17 1 47 2 95 0 15 2 79 6 22 1 62 8 22 3 43 0 21 1 68 
40 6 23 8 11 7 45 5 86 3 39 9 63 0 46 0 67 1 57 6 86 4 38 8 71 0 39 9 92 9 32 2 42 6 47 6 63 6 65 6 71 9 10 2 4 1 85 6 15 6 93 6 57 1 7 3 36 2 5 1 43 7 96 7 11 0 1 2 68 4 16 6 34 7 76 5 30 1 60 5 9 
