10 10
40 3 93 2 70 9 10 6 36 5 36 6 55 0 23 5 64 8 60 9 37 9 34 2 76 1 97 6 87 1 45 4 16 9 77 4 11 6 22 5 75 4 72 0 51 6 72 3 43 2 55 9 23 1 18 9 24 3 90 9 64 4 40 9 52 2 12 0 92 5 28 2 57 2 6 4 47 5 89 2 54 
40 6 74 3 97 3 10 9 57 9 3 4 21 7 56 4 63 1 20 2 38 4 97 7 38 1 93 4 48 0 11 0 68 3 37 0 72 4 28 7 46 1 64 2 18 6 39 7 8 2 7 0 63 4 9 0 95 3 23 1 72 4 42 6 25 5 77 8 78 3 65 7 46 7 20 1 24 7 91 5 57 
40 4 76 5 6 5 81 8 64 0 94 6 59 9 46 0 79 7 56 3 2 6 91 1 89 0 7 3 21 3 61 4 74 0 55 7 11 0 29 9 54 8 23 0 27 7 79 9 9 5 16 5 80 7 8 7 29 1 80 5 6 2 17 1 47 0 85 3 81 9 78 9 100 9 47 6 72 5 52 9 20 
40 7 87 9 27 9 38 3 64 4 73 0 69 2 32 3 43 6 13 5 18 7 94 3 22 3 2 5 92 4 96 2 51 9 36 6 89 2 40 9 50 9 46 4 77 2 35 2 98 2 27 0 12 3 23 1 22 9 49 9 51 3 46 3 85 0 74 9 91 3 50 2 75 0 28 1 79 7 10 3 27 
40 8 24 7 8 0 61 6 14 0 78 3 67 7 78 3 84 8 15 4 30 9 51 3 54 9 60 6 77 9 98 6 63 9 44 6 54 1 60 8 63 4 5 5 21 6 52 7 80 1 16 3 20 3 78 9 72 3 11 8 40 6 99 6 96 1 83 6 94 4 92 4 68 0 82 3 66 7 95 1 88 
40 9 41 1 47 3 65 3 66 7 58 0 50 9 13 5 36 5 50 5 70 5 21 9 29 8 87 1 31 7 91 4 57 8 97 9 32 3 14 4 30 0 83 3 40 2 99 1 70 3 20 1 98 6 12 0 35 4 78 6 75 4 26 3 67 0 26 3 95 5 87 4 89 4 15 1 50 4 49 1 42 
40 5 61 0 9 4 68 9 59 3 83 7 29 7 63 4 43 0 32 5 68 7 82 0 40 4 7 5 34 3 53 2 23 7 52 5 75 9 42 0 37 8 75 9 97 7 94 4 73 8 57 1 41 9 73 3 85 8 19 9 81 6 70 2 22 3 13 3 98 2 99 0 12 3 7 2 31 6 91 0 79 
40 7 53 2 59 2 38 4 6 8 22 6 1 4 100 3 9 7 26 5 74 8 28 8 31 3 79 1 20 5 68 6 39 9 63 4 84 6 99 8 31 6 49 2 7 1 41 6 51 9 19 4 22 5 7 4 99 0 36 9 59 3 96 8 74 9 30 0 91 2 99 9 1 4 70 6 34 6 75 6 10 
40 5 67 4 62 1 68 9 69 5 40 2 56 7 34 4 89 8 8 3 22 2 11 4 56 9 93 3 71 1 41 7 2 0 16 7 92 4 67 5 41 0 42 6 23 5 75 0 89 5 77 0 66 2 94 4 72 3 54 1 74 6 90 9 48 5 91 9 91 6 48 1 14 2 1 3 47 3 79 6 31 
40 2 100 9 24 3 95 6 41 0 19 1 41 2 71 6 69 2 75 2 40 2 20 8 62 9 30 8 97 0 57 9 83 6 73 1 37 4 13 0 45 9 18 8 14 9 57 7 26 8 5 2 53 1 3 5 26 2 44 7 47 5 36 6 92 8 50 9 15 3 24 7 13 4 96 6 11 3 67 3 88 
