10 10
40 8 90 9 33 9 93 2 99 5 85 4 76 6 61 4 15 8 10 8 4 0 75 1 98 9 78 7 10 6 63 2 68 5 86 0 95 5 1 3 4 9 54 5 96 1 43 8 85 1 93 1 4 0 42 6 42 5 91 0 62 0 62 9 95 2 32 8 93 1 60 9 52 3 98 1 7 2 75 9 36 
40 1 51 5 36 6 73 5 87 8 38 8 86 5 23 5 48 6 2 7 65 5 95 1 90 8 70 9 60 1 69 0 71 6 13 1 15 3 83 7 11 1 15 2 23 6 43 7 43 7 14 3 70 1 98 8 64 1 69 2 16 5 34 6 94 2 76 0 9 2 32 3 6 8 89 1 71 9 79 3 14 
40 3 87 4 7 5 90 8 69 1 78 8 68 5 30 5 10 0 68 5 42 7 75 8 92 2 20 4 94 1 54 8 98 0 67 0 21 3 96 2 24 4 70 9 42 1 8 9 6 4 1 7 23 8 31 9 18 2 95 5 3 7 25 6 8 1 84 8 23 9 90 5 16 9 34 4 68 8 73 3 92 
40 1 51 8 42 1 39 1 90 4 1 7 40 5 81 0 57 3 64 5 41 7 29 5 68 4 57 2 28 2 62 8 60 5 13 0 82 6 48 0 84 3 57 0 59 2 21 4 55 6 91 3 13 1 22 2 94 3 72 4 16 3 52 1 75 5 24 8 7 5 71 6 53 0 27 3 19 4 49 2 35 
40 3 77 0 26 9 26 9 28 6 82 7 18 1 7 9 28 2 13 9 34 1 94 5 51 4 54 2 96 8 43 8 76 4 5 2 83 4 55 7 1 5 2 2 75 9 78 7 67 6 25 4 8 5 47 9 30 2 31 8 91 4 52 0 50 7 41 0 50 8 23 2 91 6 85 0 52 0 5 1 3 
40 3 93 3 49 0 53 8 45 0 25 5 78 0 78 3 27 9 22 6 86 1 56 5 54 7 78 4 48 1 45 9 50 1 31 9 30 4 70 9 48 6 85 9 4 7 38 1 63 6 82 8 3 0 74 2 41 7 76 1 24 9 4 8 79 0 7 2 78 2 42 4 52 8 17 6 98 4 23 1 71 
40 5 80 3 72 3 66 2 16 2 65 9 34 9 72 0 82 0 30 4 87 7 83 1 3 0 93 4 46 6 34 1 33 5 40 8 48 9 100 8 38 6 24 2 39 4 33 6 77 3 67 5 47 7 2 6 44 2 89 5 26 2 89 3 86 7 20 9 90 1 1 6 24 5 86 2 16 4 87 9 97 
40 4 51 5 82 9 90 9 93 7 1 0 90 9 75 9 17 2 83 0 82 9 2 7 72 0 69 1 100 0 48 9 1 2 88 8 37 1 26 9 78 2 45 7 37 3 34 3 11 0 74 7 73 8 81 9 82 8 52 7 62 8 3 8 48 0 3 1 73 0 92 1 97 5 99 0 33 8 11 7 28 
40 9 32 3 74 9 63 1 41 8 21 2 82 6 8 3 99 8 72 2 57 6 80 9 38 8 46 3 82 6 51 4 11 3 28 8 85 6 92 9 53 3 71 4 100 7 3 3 1 2 66 8 61 6 92 1 69 6 77 6 19 5 48 4 26 8 85 4 85 4 86 4 65 8 89 3 37 6 71 8 13 
40 9 53 0 60 0 22 2 96 1 20 7 92 5 14 0 52 2 47 9 4 7 56 7 80 9 60 7 22 2 100 9 81 1 71 8 79 1 25 7 6 0 60 0 64 9 100 3 60 5 27 1 1 9 52 8 90 4 61 3 96 0 85 8 100 5 59 8 73 0 79 0 65 3 21 6 90 3 23 3 61 
