10 10
40 1 45 2 73 4 52 1 89 1 48 1 89 5 9 1 53 3 68 8 53 9 82 9 67 3 78 6 80 1 7 3 87 2 46 0 32 0 25 8 15 9 68 6 75 3 29 8 53 9 93 2 61 5 1 5 28 9 71 4 92 2 87 7 59 5 84 6 25 0 9 0 63 3 50 0 75 8 25 0 31 
40 1 3 1 80 0 10 0 76 9 54 3 100 5 76 9 25 5 8 5 31 7 56 8 45 4 13 5 57 9 2 0 41 9 97 6 81 4 64 7 14 7 46 5 59 5 6 8 35 7 32 0 85 3 19 6 60 2 89 1 98 0 5 6 41 1 61 2 39 4 81 8 79 7 36 0 64 1 17 2 78 
40 9 14 0 21 6 36 1 40 2 42 3 75 9 6 7 37 6 88 3 20 5 6 0 69 8 65 6 12 5 51 1 65 0 32 1 13 6 61 2 87 7 3 3 8 2 27 8 52 1 75 3 51 4 61 1 5 2 4 4 24 1 26 3 92 5 34 6 47 7 39 5 90 7 39 4 37 7 53 2 81 
40 5 39 5 50 9 12 3 3 2 53 8 67 9 16 4 31 1 5 4 22 8 80 1 93 7 41 0 84 6 38 7 50 9 52 9 40 3 30 0 80 6 44 6 61 5 25 1 32 3 82 6 72 2 97 0 98 0 49 3 41 1 68 4 74 5 62 3 52 6 48 5 63 3 25 0 67 1 14 6 72 
40 4 28 0 41 3 43 6 8 6 29 3 92 6 91 6 7 4 4 0 92 2 73 1 74 4 73 8 8 6 52 3 72 3 84 4 29 5 71 4 90 3 43 0 38 4 67 5 73 9 46 7 75 9 76 4 46 4 68 3 93 0 43 2 81 3 97 1 1 4 29 6 10 2 49 1 21 3 30 5 16 
40 6 16 6 1 9 81 3 92 5 54 9 48 4 6 6 14 6 85 0 98 0 91 0 89 9 52 8 38 8 66 6 6 1 73 5 8 1 12 4 68 4 23 4 71 7 55 7 67 1 55 9 13 6 79 1 73 1 71 6 23 6 19 1 96 5 72 7 66 7 59 7 76 7 36 1 50 8 47 9 32 
40 2 23 5 71 5 32 1 57 7 20 0 90 0 5 6 84 7 32 1 68 9 54 5 27 1 67 3 73 5 23 3 60 4 7 8 74 0 98 8 68 8 30 3 17 0 71 0 94 4 65 3 89 6 41 1 83 4 43 8 42 9 74 1 95 4 74 5 72 9 83 4 66 9 46 9 60 5 69 2 69 
40 7 95 9 68 4 63 3 33 8 11 6 42 9 29 7 46 7 25 8 41 4 6 3 43 0 25 5 13 8 30 8 50 5 88 0 91 8 43 1 45 3 68 1 90 8 29 5 55 5 60 9 41 4 34 8 32 1 19 2 38 4 20 6 28 1 82 1 78 3 15 5 76 8 33 3 52 4 75 2 77 
40 2 90 4 35 0 80 7 39 2 4 5 78 9 67 3 31 5 42 0 18 6 15 1 86 3 34 4 20 0 71 3 45 3 96 5 20 8 96 2 22 7 89 7 56 2 47 0 51 5 86 6 26 9 69 0 23 8 43 7 71 7 2 9 51 3 91 7 77 0 44 2 9 7 45 8 96 9 42 7 65 
40 7 82 6 31 6 24 8 92 7 44 6 32 7 6 6 24 5 79 9 97 8 19 8 92 6 53 9 12 3 52 0 23 2 74 5 66 2 84 5 83 2 83 9 22 0 97 6 58 9 10 3 85 0 27 7 1 5 19 4 99 1 63 7 34 2 91 6 75 5 89 9 24 9 86 6 66 3 81 7 63 
