10 10
40 8 13 5 79 2 70 0 6 0 77 8 4 4 4 3 93 9 48 9 52 6 97 3 71 0 62 6 32 5 63 9 39 5 82 4 56 2 8 1 26 4 79 5 33 4 46 7 75 5 39 7 79 5 93 5 79 0 14 0 56 4 65 0 45 6 49 6 63 2 55 5 93 7 54 8 39 9 10 8 37 
40 5 61 8 35 0 66 1 8 5 41 2 39 7 97 8 97 0 13 2 83 5 71 7 71 7 83 2 55 2 13 5 64 5 84 2 46 6 51 9 65 8 31 5 55 5 61 2 28 8 74 7 36 6 2 3 60 6 78 4 75 2 4 1 96 1 86 8 42 1 27 0 64 8 81 3 87 6 53 0 83 
40 2 26 9 7 9 70 3 11 6 69 9 32 7 4 9 40 0 95 4 52 9 17 8 92 9 68 5 19 4 74 9 48 0 68 5 45 6 44 4 66 8 24 3 3 4 8 1 41 8 20 2 88 1 17 7 79 6 4 5 81 2 55 4 98 6 35 6 14 3 12 9 81 7 10 3 34 1 49 6 2 
40 8 30 2 74 2 96 0 9 0 90 9 44 6 18 8 6 8 64 8 37 0 74 7 92 4 31 4 35 7 52 5 29 9 47 4 26 5 36 4 57 8 93 4 75 0 93 9 72 5 67 2 67 1 79 7 3 9 68 2 1 8 30 2 66 5 88 5 46 9 32 1 78 8 1 5 60 4 30 8 91 
40 9 6 5 68 3 37 0 56 0 63 6 15 3 33 1 36 1 35 2 28 8 6 3 27 2 87 1 60 0 67 5 85 2 30 2 20 8 55 4 100 4 39 3 38 7 7 1 28 3 45 4 17 2 76 5 46 0 94 2 97 7 55 6 28 5 82 0 80 9 25 2 32 8 91 7 69 6 22 9 81 
40 5 26 7 46 2 28 1 42 7 46 4 39 9 97 9 11 4 19 3 100 8 82 6 35 8 81 6 77 0 98 0 17 9 61 2 34 1 33 0 97 6 90 4 14 8 49 7 93 8 55 2 93 3 67 3 69 8 25 2 17 3 34 1 54 3 21 5 29 0 98 6 25 7 65 1 3 7 32 1 95 
40 5 87 0 12 2 7 0 28 1 50 9 70 9 30 4 96 0 35 9 96 1 79 1 49 5 21 6 70 8 53 2 23 9 56 3 13 1 78 6 65 2 15 1 82 0 34 6 17 4 78 7 90 4 100 2 86 8 49 1 52 9 43 8 77 9 26 5 61 1 49 0 50 4 4 1 36 6 86 7 78 
40 6 9 5 92 1 2 0 95 1 71 6 47 3 13 0 90 7 29 3 54 7 16 0 18 4 56 3 73 5 75 9 15 3 16 0 32 4 36 7 23 4 76 1 9 8 91 0 49 9 90 9 91 8 73 4 4 8 80 7 97 2 87 1 44 2 93 9 84 9 24 8 7 1 1 9 84 6 65 3 56 
40 8 18 2 91 2 21 7 23 2 4 9 47 2 62 4 80 0 44 9 91 6 87 5 14 1 75 9 73 1 5 2 21 3 63 2 25 6 46 6 73 7 94 9 32 3 44 2 32 6 3 6 74 0 86 8 98 5 21 2 99 5 20 2 44 8 55 7 37 9 22 9 59 8 51 0 35 0 86 2 24 
40 6 15 2 10 6 32 7 35 7 35 6 71 1 50 1 71 9 74 4 49 9 89 5 27 3 54 8 66 3 25 6 84 6 10 8 96 0 17 9 57 5 2 4 100 7 51 8 48 1 61 1 66 3 71 9 77 7 25 8 29 6 92 9 42 4 43 3 27 3 75 9 5 3 16 7 76 3 43 4 76 
