10 10
40 1 100 3 94 3 8 8 86 1 41 4 42 6 85 0 23 7 52 3 59 7 24 7 79 6 32 7 37 7 35 6 19 7 98 1 75 8 3 0 71 4 36 3 11 4 71 3 83 8 75 4 96 0 80 6 93 9 12 5 74 6 58 1 76 8 68 1 39 9 51 3 41 8 100 4 28 7 21 4 91 
40 6 4 4 96 4 43 6 27 8 74 0 74 3 46 5 70 7 54 9 46 2 83 2 58 9 15 9 18 0 7 6 69 0 47 0 7 9 70 9 74 5 21 0 11 3 71 3 93 8 56 8 76 7 16 2 39 7 64 8 60 5 11 1 44 7 33 2 47 5 74 8 21 4 49 6 90 1 59 4 51 
40 0 42 4 64 7 71 4 5 3 93 2 49 8 40 7 85 7 23 7 68 2 99 5 27 6 75 0 18 3 66 3 51 1 72 3 24 2 13 4 57 0 33 7 12 2 84 6 1 6 4 8 69 8 67 9 38 2 56 2 77 0 52 6 13 5 91 4 21 0 7 7 88 1 13 3 37 8 93 8 92 
40 9 91 1 28 2 28 0 94 8 97 1 24 5 30 0 94 5 3 2 63 3 74 3 71 4 92 2 94 3 21 0 41 9 37 8 82 0 57 5 51 2 1 1 67 0 31 5 88 1 19 5 80 3 16 4 19 6 67 5 94 2 89 3 69 8 48 2 16 5 20 8 16 1 29 1 14 8 44 9 65 
40 5 50 3 79 5 62 4 83 3 83 6 14 9 58 3 39 6 14 9 33 6 76 4 17 5 68 2 37 8 95 6 77 9 60 3 9 0 80 5 86 2 74 2 41 3 90 7 5 0 34 0 69 8 73 4 22 1 6 6 46 2 59 2 74 5 66 9 4 1 92 2 78 5 57 0 18 5 69 5 12 
40 0 9 0 15 0 86 5 56 4 47 0 9 9 52 8 48 7 58 7 96 1 20 7 93 4 92 9 92 8 94 6 93 1 32 4 6 5 86 9 77 8 58 5 47 2 42 3 39 5 36 4 81 3 69 3 85 7 11 1 3 6 79 2 35 3 40 1 65 3 67 8 72 8 97 5 14 1 44 0 42 
40 8 83 7 84 2 62 8 68 1 17 9 25 7 6 0 86 4 1 0 3 7 60 6 97 2 38 0 54 5 99 2 34 5 73 2 99 7 44 2 95 1 64 1 31 7 67 6 58 8 4 7 92 7 74 5 9 6 61 0 58 2 73 4 41 9 16 4 12 8 22 2 46 8 93 1 47 0 36 5 26 
40 8 53 7 1 4 99 9 79 6 10 8 58 2 92 5 15 2 67 6 48 8 27 3 29 0 25 5 97 6 94 5 50 1 12 6 47 9 30 7 11 2 85 9 81 9 71 4 15 8 90 5 70 1 67 5 88 5 54 6 6 4 38 8 55 8 41 6 87 4 86 8 92 7 73 2 52 7 81 6 70 
40 8 88 2 2 5 30 8 42 1 39 1 90 5 89 0 84 7 26 3 9 3 53 7 69 5 87 1 39 4 4 1 29 4 28 6 73 9 73 8 100 8 2 8 75 8 16 7 37 9 1 3 55 6 29 5 22 5 34 1 49 9 84 1 9 4 79 0 56 4 65 0 36 2 49 0 59 5 62 8 54 
40 1 77 2 49 6 64 3 88 5 88 1 4 7 52 0 7 6 93 8 21 9 69 7 76 8 75 5 8 4 72 3 28 2 40 7 22 4 23 6 88 9 90 9 11 9 57 4 75 3 65 5 9 8 72 0 63 0 69 2 33 3 40 8 55 5 2 6 33 9 75 5 71 2 6 1 76 1 10 1 68 
