10 10
40 5 68 2 85 1 40 5 13 3 41 0 89 0 71 2 5 1 83 4 78 1 90 9 47 7 100 2 56 0 78 2 50 1 13 4 89 4 83 5 33 1 80 9 82 5 92 5 89 6 86 5 4 4 6 2 41 0 61 6 80 0 55 9 50 8 62 9 75 0 45 7 100 2 61 5 26 2 11 3 55 
40 8 77 1 17 5 91 5 55 7 3 5 27 2 78 5 5 2 67 0 60 1 29 7 92 3 51 9 89 3 4 3 11 1 24 5 47 9 6 6 68 3 9 9 22 8 19 8 61 5 5 9 77 1 19 4 41 3 45 0 25 7 65 8 9 2 21 5 50 3 53 0 84 0 16 1 74 0 67 5 43 
40 9 45 0 52 6 15 1 5 3 53 4 26 2 88 0 51 3 95 2 33 8 21 7 58 9 100 8 77 8 72 8 10 0 20 6 23 1 53 5 67 6 99 7 59 7 56 3 81 8 78 1 63 2 62 5 78 4 91 4 44 3 87 3 99 9 93 1 25 1 18 8 34 2 10 4 15 4 90 4 21 
40 0 20 0 50 7 71 7 54 4 67 3 90 3 100 1 96 5 55 9 2 5 83 7 46 7 3 4 59 6 1 7 31 5 9 2 54 5 100 0 100 1 13 3 32 0 51 0 13 6 23 5 51 4 40 3 9 0 48 0 79 5 80 7 9 4 33 1 52 1 92 4 8 2 23 3 66 1 62 6 38 
40 8 68 1 23 1 25 2 66 9 23 6 64 6 14 6 11 7 90 4 6 9 17 7 75 2 15 9 5 1 55 6 7 8 77 2 15 4 41 6 89 8 38 9 4 1 60 0 7 4 25 4 41 4 73 4 43 3 16 7 10 9 96 2 98 7 58 5 20 7 59 3 95 5 100 0 81 8 81 5 60 
40 2 27 3 6 3 100 6 78 0 68 6 80 6 24 2 52 4 32 8 84 1 87 2 28 0 63 3 30 3 49 6 88 2 17 4 10 0 44 4 98 0 11 2 26 0 8 0 9 3 44 1 66 7 83 7 6 2 59 6 33 6 39 3 11 2 20 8 79 5 20 2 85 2 63 6 56 8 18 8 19 
40 1 43 5 40 1 64 7 84 6 34 5 67 4 4 8 54 7 36 3 13 2 34 8 34 0 50 2 99 8 16 7 11 0 97 0 2 5 78 1 2 2 25 6 24 6 47 1 29 7 77 2 73 4 55 5 70 4 29 9 2 1 31 9 16 6 81 7 29 3 48 5 57 4 17 7 14 2 48 3 55 
40 4 69 7 7 8 47 5 30 0 42 8 15 9 55 0 71 4 61 9 71 1 29 1 66 7 64 1 65 9 92 6 57 4 90 9 55 1 26 8 7 4 63 0 38 5 39 2 80 5 58 3 95 1 87 2 91 5 66 2 73 8 21 2 34 6 77 0 35 5 14 6 46 4 99 8 8 9 52 8 4 
40 1 89 9 58 3 58 4 61 2 99 4 96 8 58 0 96 5 97 4 1 5 54 9 47 4 23 3 24 0 52 5 78 2 1 9 24 9 82 1 13 7 45 6 43 7 6 7 38 2 70 0 14 6 24 6 78 6 69 7 54 4 72 9 48 5 99 6 25 9 23 4 26 0 81 5 23 8 30 3 98 
40 2 11 2 78 9 85 9 3 5 48 4 8 9 5 3 12 3 91 7 48 7 20 4 30 8 82 2 17 1 36 0 1 6 13 6 84 0 76 9 44 9 45 0 36 5 23 2 25 6 3 2 24 1 46 9 88 4 66 8 27 9 40 6 87 5 51 2 39 6 4 2 9 3 45 4 65 2 42 8 19 
