10 10
40 7 20 8 69 3 93 0 49 9 65 5 95 3 26 8 50 8 92 1 29 8 26 2 46 4 14 2 27 5 50 1 34 8 41 1 16 4 52 3 3 6 38 2 60 2 57 0 64 8 59 5 97 3 39 4 84 3 23 3 1 6 11 2 98 6 5 0 28 1 70 0 9 0 69 0 69 7 83 2 59 
40 6 78 5 89 3 85 6 93 7 3 5 92 8 79 9 18 7 27 5 2 2 24 7 58 9 32 4 37 0 20 7 85 5 13 5 3 9 70 1 83 4 44 2 98 6 74 9 56 7 34 5 2 5 44 6 26 1 23 1 22 6 94 3 33 0 54 5 24 4 52 8 57 0 63 7 87 7 23 5 14 
40 0 75 9 100 4 28 1 72 3 7 0 90 8 88 6 74 3 52 3 35 5 26 4 8 5 56 9 5 5 44 2 67 2 14 5 54 6 58 6 100 6 72 3 14 1 22 6 46 3 17 2 100 4 35 2 81 7 98 3 94 4 64 7 39 3 14 1 42 6 40 7 47 2 50 2 40 0 77 9 53 
40 2 49 6 5 9 42 1 97 6 12 2 45 9 26 5 84 9 25 1 68 7 33 0 15 6 44 0 44 2 69 6 81 5 21 3 98 3 15 7 43 4 81 5 92 0 13 6 88 3 2 9 27 9 26 3 10 1 17 3 80 4 31 7 92 4 35 9 37 9 62 3 72 1 11 2 95 6 40 2 70 
40 8 82 2 68 6 86 9 63 0 11 1 28 5 96 4 93 4 52 8 46 0 33 9 6 4 98 5 85 6 63 3 26 7 21 5 72 4 68 7 29 7 20 9 7 9 74 9 12 6 88 3 45 2 93 8 27 7 86 4 20 7 13 2 3 9 84 5 62 8 20 2 69 8 55 0 79 4 2 0 35 
40 2 79 8 44 9 79 7 76 0 90 8 70 4 7 3 77 4 7 0 79 5 4 6 93 9 90 8 86 0 13 2 91 2 80 3 9 3 54 7 17 2 66 9 34 8 70 6 78 0 83 3 34 5 38 4 97 2 36 6 17 3 52 5 91 8 77 1 71 0 86 7 45 1 43 4 3 0 23 6 25 
40 2 11 4 43 9 94 9 97 3 51 9 54 5 36 9 100 2 49 9 2 0 67 7 43 2 46 2 97 4 53 7 95 3 73 1 92 3 78 1 87 5 21 1 57 1 23 8 48 8 62 5 96 3 11 7 76 0 95 6 8 4 26 9 15 0 3 2 24 8 2 6 16 2 77 0 98 2 100 1 35 
40 4 31 4 63 0 38 6 55 0 39 2 96 2 14 4 25 4 43 9 11 4 12 6 78 3 68 4 76 4 73 2 22 3 83 3 5 2 95 6 62 7 72 0 52 6 77 6 45 0 34 8 44 8 86 7 91 0 45 5 93 5 26 2 21 6 75 8 17 4 82 8 88 7 9 4 50 0 2 5 35 
40 7 98 1 82 1 96 0 76 5 94 2 62 4 88 6 79 8 41 5 15 6 95 4 34 1 27 9 71 8 1 1 31 9 92 8 55 8 78 3 40 1 26 2 34 8 83 6 2 1 9 5 78 3 12 7 81 2 65 7 4 4 8 2 36 8 99 6 98 3 93 6 35 1 50 1 72 6 50 7 84 
40 1 18 3 3 9 59 7 45 2 1 2 24 2 100 8 81 0 27 7 19 1 88 1 58 7 30 2 36 5 70 7 10 4 65 9 79 5 32 4 53 8 75 2 46 3 63 6 41 3 57 6 24 3 22 7 21 2 71 9 85 6 92 1 95 5 39 0 44 7 20 9 50 2 81 5 75 9 39 0 17 
