10 10
40 9 18 8 67 6 87 9 17 9 89 5 85 0 89 6 30 2 25 2 94 6 17 5 49 3 55 3 95 5 84 8 98 3 21 9 32 5 18 2 7 3 9 0 40 2 95 7 58 9 33 6 94 5 23 6 32 1 27 1 5 7 56 6 88 7 15 0 84 3 96 8 50 7 80 7 68 4 44 2 44 
40 2 86 1 100 4 6 8 58 6 84 1 93 5 37 6 50 0 29 6 74 1 29 8 89 8 40 5 48 6 54 6 48 4 68 1 76 1 91 3 44 9 32 1 94 7 88 8 93 3 4 3 3 2 76 5 7 5 39 1 22 9 46 9 67 1 90 1 12 6 63 8 68 2 22 3 1 4 39 3 48 
40 2 18 1 66 9 53 6 81 3 74 1 86 6 41 3 36 2 41 7 80 9 18 0 85 6 24 0 20 6 35 6 69 9 82 4 2 5 20 8 14 1 31 1 38 9 100 5 33 8 52 4 14 4 92 7 59 2 80 2 78 4 83 8 96 6 97 1 89 8 69 2 69 3 61 5 46 0 20 0 24 
40 5 25 6 33 7 56 3 2 5 53 3 95 2 60 7 94 0 79 7 27 6 61 1 99 4 13 3 93 6 4 6 99 1 86 8 70 9 95 5 42 1 44 0 58 5 20 6 6 4 17 2 86 6 80 9 86 7 36 2 64 0 41 0 10 8 15 4 84 8 18 0 78 4 44 8 84 0 71 3 35 
40 6 50 7 18 5 19 4 99 3 99 0 97 7 59 3 91 2 54 1 26 7 32 8 78 9 15 2 6 2 69 2 87 3 100 1 96 2 7 0 85 3 28 4 49 6 94 8 58 9 70 0 6 7 98 4 23 8 25 9 51 7 8 8 79 5 81 7 79 7 89 1 82 9 49 4 90 7 72 1 22 
40 7 71 7 92 4 28 1 40 8 55 4 7 6 67 9 60 7 42 6 83 1 79 7 49 4 25 3 36 0 54 2 29 3 47 3 18 1 44 2 59 8 31 8 80 4 36 9 47 6 42 9 26 1 75 0 91 2 88 1 76 5 33 4 57 2 28 2 71 1 68 1 83 8 81 8 87 2 17 6 2 
40 9 7 3 96 0 88 2 64 6 77 0 10 7 12 4 82 3 57 9 82 2 15 8 9 5 23 6 31 6 94 8 19 3 100 7 41 2 81 0 85 7 59 8 18 4 35 3 57 8 1 3 19 5 32 1 70 0 27 2 49 3 4 8 45 1 3 5 26 5 3 2 15 3 17 6 64 7 100 6 33 
40 5 61 9 26 5 51 1 98 8 71 0 13 4 70 8 69 3 23 2 86 6 20 5 100 9 74 9 86 1 55 1 56 8 51 9 68 8 74 8 98 3 16 9 96 9 17 8 67 0 53 1 18 9 61 1 25 9 91 9 70 3 56 9 55 3 21 9 32 8 50 7 69 1 43 2 63 2 23 5 83 
40 4 57 5 55 1 84 2 40 7 80 7 61 0 50 8 34 7 90 7 64 7 99 0 10 2 68 9 69 1 18 9 28 5 27 1 73 3 32 6 83 0 99 9 42 6 46 1 21 0 56 6 32 2 14 1 72 6 55 4 62 6 97 7 9 4 88 7 22 4 57 4 16 0 1 0 92 6 46 4 56 
40 6 99 0 5 6 62 3 36 7 2 8 45 2 9 3 25 9 28 4 88 8 76 8 30 2 6 1 29 0 80 1 61 3 62 5 6 1 21 6 70 9 95 2 14 2 4 6 25 6 94 6 76 9 66 8 85 2 63 4 31 1 94 9 54 7 81 4 61 8 98 0 9 5 47 1 48 7 5 9 44 
