10 10
40 5 100 0 15 1 53 7 90 0 81 5 49 0 97 8 36 8 76 6 23 5 69 7 90 8 94 8 71 8 5 2 90 3 34 5 33 5 16 6 33 7 68 5 68 7 72 5 33 8 10 8 47 9 97 2 63 0 61 5 60 5 77 5 61 5 59 7 28 7 52 9 92 9 63 8 8 8 83 3 28 
40 9 58 3 25 1 93 2 86 9 54 3 67 1 50 3 28 9 14 9 48 4 56 9 96 1 83 0 1 9 51 2 20 9 51 3 27 1 90 3 54 9 18 6 69 0 36 6 91 3 100 1 70 8 61 1 72 4 40 8 59 8 24 0 93 6 31 8 11 8 19 3 91 9 93 7 76 0 83 3 51 
40 1 85 5 99 9 45 5 34 9 48 4 47 9 24 4 5 1 13 4 76 2 92 6 85 4 94 4 52 5 30 0 95 3 30 1 100 7 44 8 3 4 50 0 36 1 62 7 82 7 92 3 24 4 89 6 6 7 88 7 52 6 38 4 1 6 88 4 60 3 1 8 67 3 6 1 81 2 48 9 15 
40 1 39 1 75 1 100 3 41 6 17 4 49 9 80 2 63 6 48 1 77 0 53 1 41 4 68 9 11 7 79 6 24 8 8 5 75 9 70 7 34 0 93 3 87 3 13 0 85 1 33 6 46 5 91 3 92 3 29 9 48 8 11 6 94 0 27 9 57 0 9 6 98 3 28 2 91 7 51 6 3 
40 5 89 4 64 5 9 0 17 8 57 2 10 9 60 1 9 9 28 3 70 3 27 6 40 2 82 8 18 9 27 5 72 5 88 4 5 4 84 0 72 6 53 4 99 4 16 4 87 7 67 1 96 1 10 8 64 7 44 6 85 8 23 5 40 4 69 8 85 6 74 4 83 2 15 1 61 9 96 9 93 
40 8 56 4 64 0 39 5 53 5 19 3 21 0 44 9 4 3 38 1 74 6 9 3 27 1 74 9 25 7 46 7 89 3 12 0 19 1 32 1 36 2 98 3 35 7 92 6 77 6 99 9 48 6 64 8 24 4 47 5 57 1 98 6 13 9 43 7 29 3 57 8 64 8 40 3 56 1 76 5 74 
40 7 82 1 30 6 55 8 73 8 76 2 44 9 83 4 13 1 62 4 41 5 4 3 10 2 75 7 82 9 77 7 91 3 49 8 34 4 53 2 9 7 87 1 10 1 48 6 64 1 20 3 64 7 3 5 98 5 91 8 29 0 43 1 80 6 32 0 54 6 100 6 16 1 44 3 77 0 92 8 53 
40 0 35 3 27 6 44 4 16 2 53 9 18 9 69 2 16 7 16 1 49 2 33 5 18 2 15 0 14 3 87 2 2 7 37 1 40 8 55 6 29 8 37 2 62 9 87 6 93 4 38 1 84 3 32 1 25 6 6 0 59 8 15 6 98 0 64 9 35 6 99 5 78 5 41 9 79 7 44 2 79 
40 5 78 7 78 9 6 6 63 6 82 2 15 6 78 8 55 9 36 7 63 7 44 1 51 2 40 6 66 5 63 2 61 5 38 5 70 7 63 5 62 9 41 2 42 4 36 0 62 9 33 1 18 2 75 7 13 4 88 1 80 3 4 2 2 8 41 7 92 7 47 2 64 4 96 1 50 4 86 3 99 
40 2 100 2 27 8 15 0 35 1 29 8 73 5 20 2 72 1 48 4 62 5 42 0 55 0 51 6 40 5 55 9 88 5 64 3 56 8 48 9 53 5 71 1 14 1 1 2 23 9 82 0 25 6 69 2 12 4 4 3 52 9 100 3 51 6 23 5 69 4 80 4 62 3 66 1 75 7 61 7 66 
