10 10
40 7 9 1 9 2 41 1 54 1 79 6 28 5 70 3 54 5 89 5 24 9 14 4 40 6 95 8 30 1 64 1 25 4 84 9 19 3 9 6 1 1 69 0 62 2 100 7 67 1 58 7 5 2 83 3 59 1 13 1 52 4 84 3 62 0 50 2 34 4 44 6 81 6 37 2 83 9 23 3 71 
40 8 83 1 67 0 90 8 8 9 60 7 88 6 44 3 53 2 76 4 84 3 65 2 82 2 4 2 73 0 5 9 54 9 21 0 4 9 75 9 97 1 61 7 4 5 8 0 2 9 50 2 36 8 30 7 37 3 20 7 23 7 98 8 72 4 90 6 71 2 84 1 90 2 50 2 17 8 2 3 23 
40 1 31 9 60 5 96 7 1 6 92 3 25 4 53 3 19 0 38 3 56 5 4 7 26 6 74 9 4 3 90 4 17 6 43 5 9 7 68 7 76 5 81 6 97 0 51 4 10 4 36 4 61 9 24 2 22 5 80 1 6 0 84 5 10 7 82 1 69 4 69 3 36 2 18 8 97 0 51 4 11 
40 0 4 1 55 0 3 0 82 0 5 4 80 7 81 6 33 4 15 7 99 1 78 6 33 5 45 3 56 4 9 6 82 7 30 9 74 7 37 0 34 1 29 5 69 0 32 4 82 3 49 6 91 2 87 5 8 9 22 6 30 1 100 6 78 3 68 1 54 6 83 0 24 6 74 3 55 7 31 2 50 
40 5 29 4 47 6 89 6 50 4 25 9 67 3 97 7 50 4 51 3 25 3 43 6 100 0 28 7 58 6 16 5 77 9 46 5 16 1 40 7 68 8 71 5 9 1 13 9 94 5 6 4 26 2 45 5 96 8 83 2 99 9 11 6 1 6 78 4 87 4 62 2 35 2 93 2 25 7 82 1 23 
40 8 99 9 13 1 34 4 66 7 97 6 66 3 45 1 100 1 79 3 97 9 82 8 71 5 9 8 38 7 35 0 45 3 44 5 95 3 71 6 50 8 83 5 81 1 46 4 77 5 27 6 57 2 89 9 15 8 10 5 13 5 94 9 66 0 40 5 58 8 100 6 80 3 11 7 14 9 68 6 37 
40 5 64 8 41 1 4 0 36 9 71 3 32 2 100 9 96 7 38 7 93 7 88 7 30 3 37 1 86 9 99 3 88 0 7 0 41 1 29 7 27 5 48 4 90 5 34 2 53 4 77 3 84 1 10 3 44 5 15 9 100 3 4 0 45 2 73 0 90 6 23 6 94 1 37 8 61 7 31 4 15 
40 3 5 5 74 7 67 2 23 2 46 2 20 0 12 5 11 7 79 1 34 4 14 2 30 9 52 6 7 9 35 7 86 6 94 1 39 7 58 3 98 5 73 5 56 0 83 8 30 5 48 0 72 0 79 3 87 2 87 7 2 8 11 2 33 2 52 7 61 2 15 6 90 2 9 5 18 2 12 0 92 
40 5 63 4 72 9 39 6 55 9 43 8 34 2 15 4 49 3 64 5 4 8 43 0 8 9 92 2 81 0 17 6 100 8 63 6 63 5 81 7 30 0 53 6 97 3 35 0 47 5 89 9 77 5 5 6 42 8 10 9 13 6 1 2 53 2 43 3 31 6 17 6 35 6 36 9 81 9 71 6 74 
40 9 96 7 13 6 99 0 52 3 33 2 96 5 56 5 43 7 17 6 90 0 70 8 25 3 41 2 85 1 76 8 9 3 1 0 67 7 65 9 7 3 1 4 44 1 24 3 15 1 82 2 100 9 91 6 55 5 85 3 19 3 87 2 15 8 87 9 44 8 45 2 6 9 49 3 69 1 12 8 62 
