10 10
40 3 75 4 1 2 30 6 22 1 27 2 94 9 88 2 82 3 39 7 63 5 27 2 84 1 41 6 65 8 100 6 89 4 10 4 23 4 49 0 49 3 24 9 97 3 99 7 3 3 89 7 79 6 18 9 16 8 74 5 5 5 13 7 67 6 7 4 15 7 48 5 92 8 41 8 71 4 25 6 9 
40 1 13 7 11 3 35 3 39 0 13 1 41 7 5 1 69 3 68 5 50 1 84 5 96 7 95 3 100 1 34 3 59 2 36 3 42 1 48 0 38 9 60 0 59 2 35 9 73 0 14 1 3 4 92 6 95 9 18 7 49 6 81 3 47 9 2 7 54 1 55 8 74 4 60 5 44 1 73 1 4 
40 1 91 8 91 5 85 3 48 0 52 5 5 7 44 9 13 8 88 8 31 4 7 0 66 6 92 1 73 8 81 7 15 9 9 7 6 7 27 2 98 9 27 6 37 2 63 9 29 5 6 2 33 6 81 8 31 2 52 8 99 0 94 4 68 3 67 1 10 9 32 6 94 4 68 3 95 0 63 5 59 
40 3 95 8 18 4 25 9 74 3 76 2 6 6 96 6 39 1 84 4 49 5 54 5 37 0 36 3 33 8 56 1 74 4 5 8 6 1 62 7 77 6 11 1 64 5 18 3 66 4 60 1 22 3 43 0 72 4 67 5 19 5 24 3 94 0 67 6 72 3 15 8 71 2 29 7 61 4 34 6 4 
40 7 22 0 29 9 16 0 38 5 11 5 98 0 1 1 4 9 37 9 23 2 11 4 96 1 89 9 85 9 21 8 43 7 30 4 27 1 1 7 86 6 84 9 99 8 31 6 6 0 98 1 24 3 88 4 77 7 28 5 33 6 12 6 83 3 59 5 66 1 47 6 37 1 42 2 77 7 46 0 88 
40 6 21 7 67 2 91 0 54 6 26 1 13 2 42 2 12 4 70 1 61 6 98 2 86 5 96 0 19 9 21 8 81 0 86 5 7 9 25 2 14 7 80 1 68 8 63 5 88 4 85 0 36 1 99 7 14 7 17 4 1 6 11 5 36 7 66 4 14 4 63 4 49 4 25 8 26 5 91 5 85 
40 8 56 3 58 3 34 0 61 0 34 3 33 3 58 7 73 1 32 1 89 0 48 7 40 3 25 6 64 7 54 0 64 2 31 0 29 0 49 7 47 3 51 9 34 2 40 5 7 2 30 7 42 7 27 5 47 7 53 8 39 2 18 9 58 8 27 6 30 6 89 5 71 2 29 1 24 1 16 4 89 
40 6 70 7 90 6 37 8 42 8 39 7 56 1 38 8 8 1 92 3 75 5 2 8 23 9 25 0 57 0 86 1 79 9 43 9 91 5 66 9 88 8 79 9 68 5 20 3 22 5 11 2 8 4 83 5 49 4 39 7 86 7 4 1 61 4 81 1 80 4 93 2 100 8 62 9 97 0 46 4 23 
40 2 21 6 45 8 13 7 61 3 37 7 37 8 45 7 4 4 6 8 9 8 11 1 10 5 62 5 3 4 71 7 29 0 88 9 40 1 29 1 89 9 67 4 8 2 82 2 68 7 30 7 68 0 28 0 4 0 99 8 72 3 78 2 5 2 65 2 97 4 41 4 89 0 44 2 100 6 77 5 99 
40 7 11 2 46 0 62 1 63 6 94 6 14 0 31 6 73 9 96 4 72 4 37 9 74 9 27 0 74 1 35 2 24 4 88 9 51 7 82 0 68 1 12 5 58 3 10 6 22 0 89 8 50 4 48 1 26 0 79 0 43 0 34 3 12 2 98 0 72 1 68 8 61 9 47 7 28 0 24 5 96 
