10 10
40 2 68 9 74 4 16 4 17 6 99 5 53 0 20 5 33 5 84 5 83 8 51 2 4 6 30 0 24 9 87 7 13 6 68 9 100 2 91 5 31 3 52 1 70 4 94 5 37 3 41 0 16 4 84 6 15 9 41 2 6 6 57 3 14 8 18 2 52 1 71 4 34 3 36 7 57 3 33 0 45 
40 6 85 4 5 2 48 1 83 2 10 6 83 5 44 0 47 9 98 3 45 6 18 6 63 7 23 5 68 9 13 4 45 0 79 2 78 0 41 8 41 9 56 3 92 5 40 2 50 1 45 2 12 3 46 8 62 1 68 7 99 8 68 6 38 6 45 4 16 1 7 8 22 6 40 3 48 2 73 5 55 
40 3 83 7 32 9 91 3 41 0 20 7 74 8 88 5 37 8 94 6 19 6 60 3 42 8 51 7 72 1 53 8 77 2 1 5 85 6 48 2 5 3 57 4 11 1 99 3 34 9 64 1 71 6 16 0 66 8 94 0 73 4 90 2 17 6 92 6 79 2 85 1 90 7 21 2 35 4 93 0 84 
40 5 61 0 61 3 2 0 37 6 68 8 35 0 3 7 60 0 49 6 92 7 65 1 12 8 100 5 24 8 72 2 48 4 83 2 64 9 96 1 29 7 85 9 38 6 30 0 57 8 17 4 100 7 27 0 58 7 35 0 85 8 70 0 21 4 58 1 11 6 83 6 67 4 74 0 82 3 12 8 17 
40 2 4 3 49 0 94 4 29 1 4 7 96 0 92 0 39 8 71 9 11 9 28 0 1 1 40 2 3 5 43 9 13 5 29 4 65 3 88 0 4 7 26 5 21 6 48 1 19 7 29 8 73 9 13 3 92 3 10 1 43 8 48 0 14 3 89 3 97 4 96 5 88 7 10 8 19 6 79 3 41 
40 2 40 0 47 2 45 4 37 2 11 5 17 0 87 3 73 9 19 9 89 7 3 5 7 2 9 8 66 6 44 2 31 9 79 4 49 1 63 6 10 2 52 3 35 4 4 7 61 8 39 6 63 2 11 3 26 3 32 4 4 7 55 6 83 9 79 5 90 7 16 9 96 4 16 5 65 1 1 1 57 
40 6 76 9 81 4 13 1 97 1 19 0 31 9 39 6 23 1 87 7 43 1 58 5 43 5 24 0 78 6 20 1 64 4 2 9 60 2 18 0 21 5 76 5 97 0 93 9 53 7 85 0 50 2 92 0 98 5 31 1 74 8 18 0 66 1 49 7 47 6 39 7 34 7 75 8 85 6 66 0 57 
40 6 71 5 82 3 49 0 16 6 4 1 5 7 54 5 84 9 45 2 32 5 24 9 40 6 19 1 69 5 96 4 90 5 36 3 53 6 9 5 87 9 72 1 60 1 12 5 9 1 27 2 49 3 29 5 10 0 5 6 37 0 16 2 59 5 41 0 42 2 88 1 13 7 39 3 1 2 5 5 52 
40 9 27 2 51 0 48 0 13 2 33 4 16 8 68 4 31 9 43 2 37 7 10 3 1 0 3 2 56 5 80 2 62 2 62 2 61 0 99 2 40 1 59 5 56 2 35 2 39 4 6 5 8 2 43 5 88 5 97 3 68 3 64 8 37 6 50 0 79 7 72 1 60 7 46 2 37 1 33 6 90 
40 6 82 4 54 0 56 7 14 7 24 1 84 4 98 9 12 6 74 7 49 8 11 1 6 4 26 3 98 9 31 3 45 7 80 5 94 7 7 0 80 3 91 7 8 4 85 9 70 1 71 5 93 2 95 6 31 0 71 7 31 6 65 3 80 7 56 2 31 6 54 5 24 9 92 7 21 2 61 4 55 
