10 10
40 7 46 4 29 2 85 9 68 8 67 3 61 8 13 6 74 3 17 8 61 7 80 5 30 7 58 0 61 2 79 2 61 1 48 7 70 9 13 2 5 3 42 1 52 1 86 6 74 8 51 3 35 8 77 6 97 6 28 1 23 3 97 4 88 1 42 5 77 2 20 6 94 0 63 0 32 9 28 7 87 
40 6 48 9 85 0 68 4 20 9 29 7 27 1 62 9 87 7 16 1 77 8 74 6 66 1 86 2 49 1 60 3 26 6 82 0 26 7 20 1 70 4 18 4 67 9 78 9 83 8 64 5 33 6 94 0 98 0 72 2 65 1 47 6 12 0 66 6 85 6 21 6 100 8 18 6 79 6 10 1 35 
40 4 42 7 14 6 50 9 47 2 71 4 48 4 23 4 66 5 77 9 72 0 16 6 11 1 65 1 30 5 58 3 18 5 59 8 30 9 72 4 47 2 46 0 36 3 29 9 90 4 66 4 20 7 45 6 44 3 49 5 80 2 2 1 6 2 74 7 91 7 26 8 9 7 96 2 91 8 68 7 67 
40 8 26 0 95 9 67 0 51 7 50 2 13 0 30 2 35 0 88 1 45 1 92 6 27 9 99 4 2 7 32 8 44 6 45 4 17 9 42 8 49 2 54 4 23 0 29 1 67 2 99 2 4 9 46 5 17 3 43 7 6 5 40 8 97 1 52 4 75 7 80 1 21 1 73 1 18 9 5 0 42 
40 9 25 7 36 8 79 4 96 3 8 8 63 4 50 4 13 5 26 3 72 1 61 5 48 6 71 1 78 5 44 9 9 1 10 1 16 1 59 4 21 7 50 0 42 9 27 1 100 4 73 0 44 0 38 0 63 3 1 0 78 7 79 9 95 1 69 4 97 8 52 9 98 3 63 0 36 8 56 2 92 
40 1 84 9 5 2 50 4 43 2 4 9 99 2 16 5 65 7 84 4 91 0 14 0 72 8 98 7 58 3 36 2 58 7 75 2 96 5 23 9 71 0 75 5 51 7 13 8 18 5 79 7 55 3 78 1 71 6 36 9 22 3 66 1 38 1 85 3 47 5 88 9 9 3 33 7 63 0 61 4 86 
40 9 74 9 95 8 37 3 25 0 51 8 48 7 10 9 80 9 72 9 80 1 27 5 81 9 13 2 15 7 48 8 71 9 65 9 95 8 68 5 6 2 98 2 87 9 80 0 38 4 57 0 65 4 95 8 44 4 53 2 77 3 86 9 32 1 49 9 85 3 6 9 81 8 89 4 90 0 65 9 16 
40 2 43 3 64 3 21 5 57 9 54 5 95 2 99 4 1 3 91 0 82 5 53 8 76 4 86 4 76 0 65 9 7 4 53 1 88 0 54 2 83 4 74 3 61 7 37 8 64 8 71 2 48 7 12 3 66 3 84 9 35 1 69 9 25 7 49 1 89 7 18 5 96 6 22 5 80 9 89 3 5 
40 1 98 6 52 4 95 9 8 4 8 6 86 2 43 5 30 2 76 0 49 9 79 6 90 6 11 5 13 5 47 5 6 9 70 3 32 7 25 2 27 0 55 0 12 7 58 8 23 2 49 2 71 9 76 3 33 1 15 7 19 2 82 7 54 0 18 7 94 7 64 9 92 7 40 8 55 2 60 6 11 
40 8 93 5 27 1 42 7 48 2 77 9 2 9 10 4 29 2 87 2 87 2 37 9 96 7 97 7 23 3 20 6 38 4 59 0 45 8 13 5 27 8 43 8 49 3 12 0 82 9 94 8 77 2 17 2 56 0 31 9 1 6 43 3 5 9 37 6 1 7 49 7 67 7 2 4 41 4 92 9 27 
