10 10
40 8 39 5 9 8 13 8 33 3 14 2 71 2 7 4 82 5 51 3 83 6 18 0 84 9 47 2 23 6 88 9 48 4 38 0 60 6 48 1 43 4 99 1 56 0 3 0 62 6 94 9 14 6 91 1 32 2 75 8 17 5 87 8 21 4 85 9 19 5 91 4 83 0 89 2 12 1 30 7 23 
40 7 32 0 53 6 50 3 53 9 68 9 59 6 4 7 94 9 92 7 12 2 69 9 37 2 30 3 75 3 81 0 85 0 23 4 7 8 56 1 11 0 68 8 17 9 6 2 98 2 11 3 63 5 77 0 11 6 72 5 72 5 99 3 88 1 11 2 26 8 32 4 89 8 83 0 58 0 32 2 55 
40 0 76 9 40 1 82 7 97 6 66 6 84 3 81 9 23 7 14 4 81 4 88 5 17 9 65 6 14 9 60 0 70 9 84 0 56 5 2 8 41 0 10 3 83 7 26 0 20 6 7 2 40 0 18 9 92 6 100 4 49 9 38 1 25 9 47 9 81 4 59 8 60 2 92 4 69 0 71 0 18 
40 4 58 7 7 2 35 2 61 1 86 1 49 5 46 1 76 4 15 2 49 0 59 1 87 0 78 2 16 8 89 0 98 0 80 9 2 1 24 1 86 0 34 9 75 8 82 9 84 7 58 5 49 9 13 6 56 3 99 5 66 0 83 0 51 1 41 2 9 8 33 2 87 0 75 2 22 1 9 6 90 
40 4 58 8 75 5 88 9 28 1 70 3 4 5 64 6 3 7 59 8 15 9 39 3 40 5 43 4 18 1 91 4 7 4 75 7 90 3 96 9 76 9 21 0 61 5 82 7 77 6 54 6 18 7 40 2 23 8 40 3 31 8 59 4 8 2 35 8 89 6 51 0 25 7 45 2 63 3 89 7 35 
40 1 30 9 46 1 66 1 61 5 21 6 46 7 4 7 62 1 94 1 21 2 89 0 3 7 93 1 8 7 100 5 1 4 91 0 7 1 11 1 37 3 22 9 21 1 27 7 95 9 59 1 82 3 69 8 39 1 26 9 33 2 97 0 90 1 80 6 69 5 9 2 73 9 96 1 75 7 22 3 54 
40 6 31 6 91 3 46 0 94 0 62 5 70 9 25 0 24 8 68 8 67 1 20 8 47 8 61 5 25 8 3 9 11 0 65 7 35 0 8 1 73 3 77 9 84 5 72 1 96 9 50 1 57 2 52 8 46 9 5 5 8 0 87 1 22 3 84 0 77 4 52 4 97 8 61 2 69 8 37 3 75 
40 4 55 6 64 8 13 6 81 2 6 6 73 6 43 0 43 8 81 3 13 9 79 8 61 0 93 3 85 2 90 0 3 0 55 5 49 8 23 3 60 9 42 1 23 3 98 9 14 8 86 5 54 3 82 3 2 1 60 1 72 4 95 4 90 1 91 3 24 2 6 4 21 4 3 1 16 1 75 5 5 
40 5 15 3 50 1 17 7 59 5 97 5 82 7 23 4 48 1 9 5 17 9 13 0 24 8 95 5 16 9 63 4 81 1 77 4 21 2 86 7 51 4 39 6 90 5 56 0 86 8 93 5 29 0 62 7 11 0 37 1 27 9 81 9 3 4 57 8 92 6 41 8 43 9 50 3 34 0 28 2 71 
40 0 82 3 53 7 5 1 70 1 13 2 33 8 5 1 40 6 7 6 38 4 34 7 7 9 98 7 93 9 22 0 71 3 8 6 47 1 100 4 7 4 84 2 41 9 90 8 55 7 31 2 88 9 78 7 40 2 86 1 73 4 77 7 49 2 97 3 87 7 29 8 97 1 44 5 72 4 47 9 59 
