10 10
40 2 90 3 38 8 4 9 89 2 79 5 69 3 54 6 10 3 89 4 95 8 56 0 93 6 23 2 33 3 68 9 10 0 82 0 72 8 86 6 42 3 56 0 53 1 48 2 38 0 95 5 52 8 75 9 60 2 74 2 26 4 77 6 100 5 20 0 93 3 16 3 23 8 56 4 95 4 99 4 11 
40 8 98 7 18 0 6 8 37 8 88 5 49 0 93 5 11 9 16 1 23 4 40 7 18 5 3 0 56 2 98 8 68 6 3 0 14 9 33 6 38 6 94 0 36 3 88 4 54 3 35 0 3 7 48 9 61 7 53 6 52 1 19 5 74 3 9 3 1 5 21 7 62 0 90 4 50 2 54 7 70 
40 0 64 4 93 0 79 1 40 7 97 3 41 4 50 5 75 7 25 6 22 0 65 4 58 9 87 0 56 1 47 4 74 8 93 9 96 0 32 9 47 1 41 0 10 0 51 0 62 4 89 8 33 6 59 9 90 9 62 4 7 1 41 2 95 9 47 1 12 6 78 8 67 8 2 8 50 5 40 7 63 
40 8 45 2 69 3 97 8 79 4 37 1 71 4 22 4 23 7 58 0 9 2 40 6 12 5 54 5 72 6 46 4 82 8 41 5 99 7 16 3 43 3 62 8 22 3 73 9 65 6 2 0 37 7 69 6 32 9 86 4 57 8 5 5 98 8 95 7 78 8 15 5 19 6 23 3 77 1 30 7 5 
40 2 37 3 60 4 83 2 32 7 37 0 63 8 4 3 4 0 68 8 39 2 15 6 31 1 10 6 65 9 3 4 39 6 30 9 52 1 68 4 26 0 5 1 69 2 68 4 66 4 60 5 84 2 92 2 2 7 27 1 88 5 70 9 80 2 47 9 93 3 20 4 56 5 20 4 48 7 50 9 16 
40 5 61 7 7 6 34 6 54 8 37 3 11 8 28 3 92 9 24 5 100 8 70 0 34 5 9 7 62 8 95 4 20 1 97 2 54 5 46 3 64 4 66 4 81 3 73 1 88 2 75 1 38 0 19 1 69 7 42 9 19 1 18 7 2 4 48 7 74 7 32 3 98 4 66 7 54 5 39 6 72 
40 7 34 2 76 5 87 7 20 8 35 4 55 7 70 1 3 0 64 9 60 8 91 6 50 1 35 0 19 4 20 3 3 6 31 3 10 5 64 0 68 1 62 4 97 1 12 9 76 5 24 4 26 5 53 5 43 4 58 1 86 6 80 4 7 6 81 1 70 1 78 4 8 3 77 7 48 8 90 7 43 
40 8 100 1 36 2 12 0 15 2 20 5 70 6 11 6 39 5 21 0 80 9 38 8 57 6 13 0 77 8 85 0 93 9 8 9 37 6 50 8 46 0 35 0 23 5 46 3 37 8 25 2 32 3 44 6 17 0 45 4 18 0 47 5 92 1 66 1 93 2 37 7 93 7 92 8 98 1 3 1 12 
40 3 23 1 6 3 3 1 71 1 66 9 42 3 68 1 4 5 8 7 5 5 19 1 55 5 18 5 42 1 21 5 25 3 9 5 45 7 88 7 34 6 43 0 94 0 57 7 12 0 66 0 71 2 54 7 51 5 81 8 19 5 81 3 50 1 81 5 80 1 51 2 90 7 27 8 95 5 28 5 62 
40 6 49 3 14 1 68 2 21 8 96 6 28 8 71 8 92 8 34 5 67 9 50 3 7 3 26 6 63 6 53 4 88 8 22 2 61 2 11 6 47 6 71 7 40 3 66 6 29 1 88 0 63 8 66 9 100 1 32 9 12 7 41 8 10 5 84 6 17 9 74 7 100 5 85 8 18 6 65 1 67 
