10 10
40 5 95 3 15 5 71 8 34 9 37 0 28 6 77 3 50 8 93 9 73 8 75 3 9 7 100 4 70 3 85 5 93 5 67 2 60 7 87 7 90 4 95 3 41 8 5 7 1 4 53 1 57 5 92 2 73 1 37 0 43 9 3 4 69 4 13 9 56 5 57 1 14 2 63 8 37 2 64 4 39 
40 1 8 1 24 1 38 3 69 6 66 0 45 6 24 5 74 3 98 9 3 4 40 7 69 3 1 6 82 4 81 8 81 5 86 3 71 4 55 7 28 4 48 7 70 4 93 6 60 0 41 0 10 2 93 4 51 6 2 3 78 7 57 3 85 5 25 4 21 8 36 4 81 3 70 8 46 1 54 7 35 
40 3 62 4 83 2 88 3 48 5 84 2 80 2 56 6 74 1 89 9 15 5 60 7 49 2 60 3 18 5 81 4 82 6 75 9 91 0 17 1 95 6 52 8 58 6 65 8 78 7 55 8 61 8 7 9 88 8 13 2 47 7 63 1 92 3 85 9 15 3 46 1 55 8 37 8 79 0 43 0 16 
40 6 92 0 18 5 19 4 96 8 66 1 67 5 44 9 58 1 67 2 16 9 18 3 61 9 51 1 24 5 53 5 62 1 1 7 100 7 100 5 89 6 54 2 61 5 29 9 99 2 7 3 95 5 65 8 70 5 50 5 50 6 17 0 51 0 45 4 38 1 69 2 71 3 78 9 11 4 22 9 48 
40 4 35 4 45 4 76 8 35 6 19 6 77 8 80 7 4 5 13 7 39 0 6 0 61 8 85 6 27 2 80 1 49 7 85 6 96 3 61 9 17 3 79 6 44 9 92 3 39 4 61 3 71 9 73 3 3 5 96 5 47 2 30 8 61 2 91 4 21 9 13 5 42 2 41 5 82 7 41 0 39 
40 3 15 8 58 5 16 9 1 0 28 5 51 4 77 2 68 2 50 4 91 2 89 6 20 9 14 5 89 2 58 2 51 1 36 5 3 4 25 6 91 6 22 3 6 1 18 8 83 6 33 1 25 6 76 5 48 7 90 8 16 3 25 6 22 1 84 6 69 8 55 8 53 0 95 8 43 9 23 5 7 
40 8 83 0 1 7 78 5 19 0 80 8 85 2 21 1 57 5 84 2 32 2 94 2 12 0 22 9 41 6 85 8 60 6 29 6 6 2 63 4 15 7 12 1 56 1 28 2 60 2 73 7 57 1 1 2 55 0 49 8 30 8 7 4 69 5 18 0 25 8 51 4 4 3 64 9 22 1 21 1 54 
40 6 82 2 68 9 38 1 80 2 54 6 8 8 23 7 76 6 98 4 69 6 56 1 2 7 55 8 85 4 44 8 37 9 76 1 1 9 55 7 9 5 10 4 59 8 44 2 27 3 22 6 70 4 77 4 45 5 24 3 46 9 51 1 60 6 7 5 62 6 64 7 7 5 88 4 45 2 79 3 23 
40 1 64 1 13 3 83 0 33 2 48 6 27 9 40 7 51 8 80 3 74 1 3 8 93 2 68 8 77 7 38 9 56 0 89 9 83 0 87 1 29 6 93 3 73 7 60 1 23 6 84 2 29 3 44 8 77 4 72 6 51 8 2 2 65 2 37 3 12 2 14 1 65 3 84 3 86 8 31 1 50 
40 6 49 1 51 3 11 0 89 3 82 4 88 4 10 0 12 0 50 2 78 3 10 2 52 0 47 2 45 1 28 8 17 9 50 4 5 2 21 0 90 7 3 8 66 4 91 5 56 8 37 1 41 9 59 5 76 2 12 3 54 9 24 8 75 4 1 7 75 8 40 3 84 8 92 0 85 5 22 1 59 
