10 10
40 2 17 5 43 7 70 2 85 6 68 4 39 8 28 5 90 4 66 9 41 8 51 9 68 2 34 3 53 4 38 2 98 7 73 4 1 7 53 6 51 5 47 3 60 8 61 7 90 9 83 4 49 5 80 1 67 3 17 7 45 9 2 4 50 2 35 6 92 4 3 8 32 7 19 6 66 8 71 4 73 
40 5 17 7 69 3 49 0 10 6 48 5 75 9 54 9 71 5 5 6 31 4 13 2 90 0 24 2 2 6 49 1 56 1 50 8 33 2 59 8 45 2 92 2 13 2 98 1 93 3 13 8 4 5 52 3 27 0 98 4 89 6 54 2 87 3 24 0 46 5 88 7 58 7 4 2 12 0 8 2 54 
40 5 26 3 51 9 30 4 14 8 34 3 50 4 69 1 61 6 88 2 55 1 41 1 78 1 38 4 8 2 33 8 29 3 53 4 7 5 81 5 16 2 5 0 68 0 13 2 27 5 38 2 62 9 25 9 54 1 79 3 15 8 14 0 81 3 5 6 42 0 44 3 94 5 4 8 43 8 15 0 39 
40 6 23 5 73 7 46 9 92 6 77 7 38 5 86 3 71 5 45 3 73 1 56 5 13 7 28 2 81 6 42 0 55 5 88 1 89 3 79 1 64 9 18 1 7 5 53 5 73 9 73 9 93 6 36 1 39 9 50 7 2 0 60 7 45 1 43 9 61 0 1 0 40 4 97 9 30 4 56 5 54 
40 4 18 7 83 1 40 2 66 5 5 9 23 1 24 0 82 2 20 4 10 3 41 4 86 3 32 1 90 1 1 1 93 0 82 8 71 2 31 4 57 5 8 0 24 1 89 7 75 1 32 2 43 8 80 9 90 4 53 8 20 7 16 5 90 6 37 7 70 5 65 1 99 6 5 1 66 4 62 6 14 
40 4 67 0 3 1 52 1 38 8 98 8 64 2 71 8 26 5 91 3 22 5 58 6 42 5 5 1 41 0 67 0 93 9 39 9 88 8 22 0 94 2 61 9 57 1 8 8 24 2 7 7 41 9 65 0 56 2 92 0 39 8 57 6 65 9 22 4 76 5 42 4 43 4 61 5 29 9 84 9 89 
40 2 68 8 27 9 59 7 85 0 29 3 28 7 72 1 13 1 22 1 25 0 44 4 73 1 93 3 12 2 28 1 54 0 37 8 100 4 27 3 33 1 28 3 3 5 83 4 7 6 63 4 54 1 84 2 39 2 95 9 26 7 59 3 98 6 48 0 75 2 37 4 52 1 76 7 58 1 68 6 99 
40 9 42 7 11 6 94 6 30 4 73 1 48 1 39 2 78 6 89 8 1 8 23 3 67 5 47 8 20 3 80 8 35 6 81 8 57 6 67 8 81 7 21 5 60 7 96 1 66 2 100 1 67 5 8 7 17 6 67 9 44 2 38 9 93 4 24 4 48 8 21 8 46 9 54 4 35 1 68 6 67 
40 9 91 0 36 3 85 8 31 3 9 4 78 8 42 1 41 2 61 7 64 8 6 1 77 0 8 7 17 6 79 8 7 6 82 3 98 8 7 8 37 4 85 0 21 4 95 7 83 4 13 4 43 2 3 3 49 0 16 1 78 8 38 9 59 0 84 8 2 3 7 7 82 4 34 1 17 4 32 0 93 
40 5 8 6 47 9 70 9 3 0 54 0 75 7 51 5 50 5 92 5 88 3 36 7 93 0 47 3 45 4 30 2 54 3 51 3 41 1 18 9 44 1 63 3 79 2 77 1 32 3 19 0 100 1 85 5 93 2 52 9 90 5 63 7 79 2 60 4 10 0 99 3 4 4 9 7 81 2 30 4 30 
