10 10
40 1 12 7 30 2 9 3 94 1 57 0 73 2 67 2 41 3 35 1 29 4 74 4 14 5 95 3 22 4 53 4 74 0 79 9 57 7 32 4 86 2 8 3 87 7 6 3 86 5 53 5 21 0 8 9 87 7 80 7 15 0 87 1 28 2 88 2 11 4 52 7 44 2 23 0 7 2 41 3 62 
40 5 93 4 34 5 84 0 76 5 2 5 28 0 9 8 2 9 5 2 30 4 71 6 82 3 15 8 83 3 72 0 10 1 63 6 95 6 88 3 6 1 5 0 6 2 45 3 95 3 78 5 62 8 74 6 63 8 58 2 36 6 61 0 18 4 25 4 88 6 83 1 67 9 15 9 70 9 34 6 33 
40 4 3 9 19 2 69 4 44 8 74 9 18 0 86 4 57 9 95 7 9 1 92 1 39 2 10 7 29 3 40 9 61 7 62 3 13 4 95 4 91 5 16 9 10 0 3 7 90 3 99 7 34 8 10 7 69 7 91 5 12 9 15 5 75 4 31 5 42 4 76 1 42 8 55 0 58 1 66 0 8 
40 7 19 8 35 0 97 5 91 5 51 7 56 6 44 3 10 5 96 9 8 8 82 2 47 9 88 1 49 5 61 5 64 7 90 1 20 5 18 7 33 1 64 8 16 4 33 0 75 9 44 2 35 2 11 6 5 4 12 5 8 1 43 7 65 1 90 0 66 5 74 9 35 1 51 3 99 0 54 4 22 
40 8 20 6 98 7 84 6 96 2 79 8 89 1 95 0 31 7 42 9 30 8 81 4 18 6 79 5 33 0 65 7 74 5 56 3 57 5 17 5 70 3 83 7 9 8 11 7 71 5 48 5 25 7 91 7 93 4 63 3 53 7 90 8 33 4 19 6 4 6 58 5 66 2 52 6 69 3 69 4 29 
40 8 68 6 30 5 43 2 35 3 53 6 73 9 6 6 39 2 72 5 22 1 8 3 15 3 70 8 80 5 76 3 16 0 91 9 85 1 15 4 30 9 46 2 96 1 73 9 69 4 45 8 37 0 99 0 92 5 100 8 53 1 82 2 33 6 38 8 56 7 12 4 35 4 7 1 2 1 65 3 13 
40 1 79 3 13 9 58 5 87 8 30 6 43 0 84 7 22 9 52 2 79 5 93 1 29 4 91 7 36 6 35 6 79 9 18 1 34 5 83 6 53 2 70 5 54 4 80 5 40 5 99 1 70 2 28 9 24 2 69 8 83 2 38 3 82 2 83 5 27 0 87 5 26 8 49 2 28 1 20 6 8 
40 6 29 0 43 8 68 3 13 5 56 9 98 7 50 0 55 6 58 2 62 1 88 3 56 1 94 1 48 0 51 7 14 5 3 5 25 1 86 2 66 3 58 6 29 4 47 6 7 0 33 7 45 6 46 6 98 1 51 2 23 6 20 1 73 8 41 2 89 6 11 7 44 2 57 8 99 6 6 6 75 
40 9 74 5 79 1 88 4 32 2 91 3 61 8 80 5 3 5 3 8 43 9 49 5 3 2 1 0 96 5 60 7 3 8 71 4 23 6 37 1 38 8 66 4 85 5 96 4 78 5 88 2 25 6 50 3 9 6 44 9 46 3 84 2 76 3 41 9 60 0 37 1 78 8 7 9 87 6 76 0 42 
40 8 81 1 100 1 10 2 86 2 85 5 65 3 57 2 8 7 90 6 32 7 64 6 84 5 46 2 29 4 96 3 72 5 55 2 4 1 58 9 82 4 36 1 11 9 2 1 19 0 67 6 63 4 58 3 24 2 43 8 71 0 14 5 23 2 92 0 61 9 36 5 26 7 68 2 55 8 46 1 92 
