10 10
40 3 4 9 92 7 16 6 68 6 33 9 79 7 87 4 43 6 11 8 64 1 67 2 4 4 84 9 78 6 10 6 64 4 95 7 59 5 16 4 40 7 87 2 97 4 50 7 44 6 90 0 72 6 26 3 68 1 76 6 78 1 47 8 73 6 30 4 70 1 47 5 15 7 29 2 31 4 86 7 68 
40 0 22 3 85 1 58 3 40 2 1 1 34 6 38 2 65 4 26 9 16 7 46 6 23 3 66 4 9 6 75 6 24 5 87 3 34 4 63 9 84 4 45 0 51 6 58 9 54 7 98 3 65 8 26 0 85 7 14 4 1 7 20 9 42 4 71 8 83 4 42 6 2 1 97 6 8 8 45 4 25 
40 8 43 3 26 2 66 1 3 5 84 6 81 6 46 3 65 9 47 7 80 1 82 0 65 0 34 0 3 3 56 1 29 8 92 0 12 2 95 7 28 5 66 8 87 3 19 4 16 4 99 9 84 2 23 9 20 2 41 3 99 4 29 8 6 3 88 3 1 1 19 7 91 4 46 3 31 3 53 5 19 
40 7 5 6 90 6 33 6 52 9 15 4 63 6 53 8 18 9 93 9 6 7 57 4 71 0 20 8 42 5 74 1 48 2 13 8 19 9 57 5 79 5 2 0 58 3 25 2 29 8 67 0 90 5 17 8 18 4 72 7 31 8 56 1 9 4 57 8 43 7 58 0 62 2 60 2 18 4 39 4 67 
40 1 73 1 35 6 31 8 96 4 65 2 11 2 17 9 74 6 38 6 26 7 58 2 11 9 85 3 15 0 47 9 88 2 43 0 28 5 36 7 86 1 53 6 78 8 14 0 8 2 28 5 97 2 18 2 56 4 28 9 11 5 52 2 95 6 30 8 18 3 37 1 7 0 99 2 11 7 92 6 84 
40 9 27 9 99 7 16 5 62 3 39 1 60 7 92 6 21 2 27 2 2 1 57 6 65 4 69 1 27 7 77 9 21 0 10 6 46 2 80 5 37 5 46 0 39 3 15 7 38 8 39 4 82 7 76 5 31 3 74 8 9 1 17 3 50 8 40 5 48 7 31 7 29 7 63 0 4 5 88 8 34 
40 3 10 3 55 2 100 4 12 8 93 1 17 5 24 8 40 0 30 0 34 1 23 7 100 1 6 8 8 6 11 1 27 5 74 1 48 5 4 4 18 6 70 2 97 6 91 0 13 0 34 4 97 6 5 5 8 8 89 0 44 2 64 4 56 7 69 5 8 4 88 3 34 0 76 2 12 3 62 2 92 
40 9 35 0 98 2 84 3 73 1 73 3 29 7 24 7 1 7 78 7 7 4 31 8 87 7 39 1 22 2 87 2 34 0 58 7 46 5 78 5 76 6 5 7 59 4 1 4 71 6 74 9 42 9 46 6 35 5 71 1 65 1 66 0 48 1 28 2 9 5 46 1 87 3 28 0 2 7 59 1 38 
40 6 44 1 47 7 42 0 3 2 21 7 52 8 47 4 29 1 29 9 12 4 47 5 87 4 91 4 44 9 63 0 42 6 44 2 21 7 41 3 88 7 92 4 22 1 17 4 75 6 4 9 100 7 37 1 82 1 48 4 30 0 82 8 37 9 6 2 33 0 26 9 90 4 40 7 18 3 10 1 42 
40 9 75 2 32 9 92 4 30 4 5 7 76 7 8 0 13 4 52 1 91 9 35 3 100 9 71 1 17 0 34 9 85 9 15 6 60 9 61 2 36 9 62 7 90 4 46 8 46 4 59 8 75 0 55 1 69 2 74 7 27 4 98 0 21 1 61 8 6 2 30 1 48 0 82 6 91 7 95 8 85 
