10 10
40 5 21 5 13 1 12 7 3 1 59 3 38 3 62 4 44 4 2 1 78 4 23 5 36 7 33 8 28 1 49 8 93 7 28 1 4 8 92 2 53 7 34 4 68 2 1 6 77 1 83 7 60 2 26 5 66 8 100 5 87 8 80 7 43 7 37 7 24 9 81 4 2 4 12 4 100 4 38 0 60 
40 0 77 4 19 4 99 6 47 6 92 2 82 9 67 9 33 4 70 7 40 1 10 9 93 2 72 2 99 0 82 5 1 0 67 6 64 6 6 0 64 8 77 1 97 5 8 2 64 5 97 7 20 1 33 6 2 0 30 9 92 4 93 5 41 0 3 2 25 1 31 1 64 3 69 0 39 6 72 3 51 
40 2 31 7 87 9 53 8 51 2 44 5 77 8 77 9 32 6 93 2 32 4 7 8 2 5 69 5 59 5 5 5 35 6 83 8 77 2 34 5 58 6 35 8 66 1 83 7 63 5 91 9 21 9 5 8 66 9 91 7 46 0 34 1 60 4 7 1 59 3 22 8 63 6 77 6 67 7 42 0 3 
40 2 97 0 11 8 7 9 16 5 28 7 81 7 66 9 16 7 39 9 38 6 92 6 72 8 100 2 20 2 11 8 39 3 2 5 61 2 1 2 57 3 89 5 95 9 23 2 77 3 31 1 79 7 53 6 17 6 83 3 18 3 30 9 72 2 73 1 41 9 43 3 53 1 22 3 96 9 72 1 62 
40 1 63 5 96 0 26 9 69 4 36 0 57 3 36 9 41 5 1 5 95 6 87 2 55 8 4 5 32 5 1 1 35 3 30 8 55 2 27 2 69 0 100 1 59 2 11 3 8 6 83 4 86 8 83 2 47 1 96 8 96 5 63 6 92 0 90 4 59 4 74 7 56 6 82 0 9 9 100 3 82 
40 7 32 1 30 6 98 8 83 6 27 1 56 7 35 2 55 3 66 1 50 1 82 5 28 1 18 0 90 2 46 6 79 3 25 7 10 8 88 7 43 8 36 8 35 6 11 0 90 8 44 0 15 7 23 0 32 6 38 8 84 0 74 8 76 2 85 6 23 3 45 8 16 9 96 5 62 1 84 0 8 
40 2 26 0 98 4 84 6 56 9 48 0 86 7 30 1 7 0 21 9 7 0 46 1 94 4 82 8 31 6 9 3 55 2 23 2 6 5 95 2 44 6 12 8 60 3 33 4 52 2 2 2 53 7 55 9 100 0 38 7 77 7 82 0 49 9 77 4 13 3 73 0 54 7 77 6 96 1 99 8 75 
40 9 37 2 4 1 16 6 31 6 74 6 46 8 87 7 40 5 14 1 19 5 23 7 97 5 19 3 78 3 4 3 46 7 99 9 14 7 92 5 67 0 18 2 52 5 46 3 15 6 87 7 12 0 51 6 60 7 12 4 81 6 79 0 26 7 15 0 59 2 7 9 87 1 77 6 38 2 65 1 90 
40 5 87 0 65 8 24 8 67 1 74 1 93 5 22 2 24 4 13 7 5 3 36 2 46 6 91 0 37 8 9 4 56 1 17 3 79 1 91 0 37 1 78 6 25 4 11 9 2 9 75 7 79 1 10 1 21 5 100 4 7 7 8 9 46 0 95 8 32 0 66 9 40 8 39 6 14 4 69 9 75 
40 8 52 6 45 0 2 7 58 5 27 6 98 5 29 1 16 0 98 0 1 1 5 0 63 5 75 6 16 3 15 2 53 5 91 3 79 3 7 5 99 2 59 3 60 5 92 6 29 2 66 0 31 0 56 4 55 7 1 3 40 8 41 8 13 1 66 1 67 7 91 4 22 6 43 1 65 7 69 9 22 
