10 10
40 7 24 3 44 0 71 8 98 7 62 1 69 4 66 6 15 0 8 2 14 0 57 0 96 1 61 3 49 6 92 6 55 5 36 4 2 3 5 6 80 6 10 6 79 1 19 9 52 1 1 3 41 8 64 8 14 1 87 8 1 8 32 0 50 1 61 3 42 3 51 2 81 5 17 8 54 1 28 5 30 
40 8 70 2 49 2 98 0 73 0 35 4 7 5 62 2 38 5 39 6 90 7 84 5 22 2 35 3 75 9 27 8 40 7 65 5 2 7 40 9 54 1 54 9 70 2 18 2 94 5 99 2 75 9 51 2 15 6 25 6 53 8 98 2 64 6 53 0 13 0 7 5 80 6 42 8 24 8 41 9 51 
40 4 11 2 4 4 81 3 35 2 51 6 60 6 52 7 9 7 2 7 45 6 67 5 41 7 15 4 78 7 87 2 28 3 94 6 14 1 95 9 22 2 5 2 26 1 78 9 56 4 24 6 23 4 68 2 8 0 56 3 79 0 42 0 8 5 8 2 71 5 32 4 97 7 42 7 82 9 63 7 14 
40 3 8 1 70 1 30 8 1 3 4 6 87 5 47 9 81 2 6 0 7 9 57 3 96 7 73 9 55 2 69 0 82 3 24 6 75 4 40 1 29 8 81 5 58 6 67 5 33 0 62 5 4 8 71 1 19 9 61 9 2 2 36 5 68 8 1 9 14 8 38 2 43 3 37 1 96 7 37 6 97 
40 6 10 7 59 6 67 7 22 2 26 3 52 8 77 8 100 7 50 2 77 2 84 7 75 8 61 2 49 5 55 0 82 6 1 6 36 5 23 1 84 5 21 3 66 1 91 5 13 6 88 8 71 5 55 6 71 7 76 8 17 0 49 0 38 3 64 2 20 7 35 5 36 1 59 1 10 4 9 0 63 
40 1 41 3 96 4 28 5 44 1 37 2 14 9 8 3 8 3 42 6 36 6 54 0 61 2 43 5 92 3 47 1 39 1 46 3 56 8 58 2 47 3 47 5 40 3 37 7 42 1 60 5 32 2 34 8 20 6 36 3 65 6 73 4 10 3 56 3 29 7 14 1 24 6 96 2 14 9 58 0 4 
40 8 27 6 37 6 30 2 54 7 37 1 43 1 5 1 46 3 37 8 28 5 50 2 51 7 57 0 59 7 98 2 92 1 50 3 78 5 29 7 10 7 43 0 51 8 68 8 14 8 96 0 92 5 24 9 45 6 24 8 9 4 88 6 31 3 21 0 68 5 43 9 92 3 18 3 57 7 22 6 96 
40 3 2 8 70 8 32 2 93 3 24 4 68 2 76 0 27 5 36 3 77 8 10 5 37 7 84 4 29 8 5 6 89 6 17 2 77 1 26 0 44 9 94 7 94 0 91 5 33 9 85 0 2 2 74 5 91 1 22 8 46 1 52 0 98 0 60 7 60 7 33 5 73 1 25 4 48 3 10 3 73 
40 9 84 2 10 8 63 1 18 8 41 6 30 8 49 1 94 7 41 0 89 5 11 7 16 8 26 9 49 9 81 2 49 6 55 6 17 7 74 7 74 0 95 1 34 5 17 1 41 8 27 5 80 0 31 7 86 8 48 5 56 8 28 9 13 0 81 4 52 1 74 4 85 4 79 0 18 8 10 3 83 
40 1 10 1 57 9 85 8 42 1 75 5 82 3 33 2 52 8 21 8 49 3 55 5 17 8 37 5 25 6 45 4 27 4 46 6 98 2 4 9 11 1 21 5 36 8 58 1 29 4 40 0 98 6 91 0 35 8 30 9 31 3 61 9 51 2 31 3 2 7 75 4 49 1 70 8 15 9 44 5 23 
