10 10
40 8 78 7 56 9 83 7 49 1 3 8 1 1 77 1 55 9 40 1 43 8 9 1 8 5 10 7 10 1 39 7 93 3 80 5 56 6 43 4 89 6 9 6 87 6 60 5 67 6 2 6 14 3 44 3 30 8 77 6 71 7 74 7 75 6 37 0 92 9 74 2 79 8 22 4 37 7 15 0 76 
40 2 50 5 45 4 88 8 40 7 28 0 28 0 62 8 93 9 57 8 39 3 81 3 85 0 26 5 64 9 33 9 68 5 100 8 43 3 11 3 44 0 92 0 51 0 5 9 66 2 52 5 35 0 16 9 82 1 92 4 80 6 31 0 19 1 74 4 58 0 80 5 10 6 10 5 71 1 16 0 25 
40 9 65 0 84 0 6 0 75 0 12 3 80 5 71 6 95 2 50 9 43 2 87 7 32 7 7 8 86 3 14 1 27 1 2 6 95 7 71 4 73 9 86 6 64 5 46 5 14 7 51 1 24 6 63 3 14 3 23 4 35 2 53 1 11 3 44 8 44 9 91 0 38 7 58 3 6 7 70 4 73 
40 3 91 1 30 9 43 9 31 2 47 7 71 3 6 1 97 1 67 7 13 3 18 2 54 6 14 2 29 5 28 6 40 9 71 7 9 8 7 5 2 2 71 3 83 7 15 8 53 0 59 5 33 1 48 2 7 8 24 0 59 5 63 6 29 1 60 5 77 9 54 8 97 1 47 3 46 9 77 1 33 
40 5 39 6 83 6 27 0 57 6 66 6 96 0 66 0 31 7 4 3 81 1 3 1 67 5 37 4 46 0 14 1 73 8 24 1 60 0 17 0 100 4 95 5 100 1 87 6 48 8 13 4 100 9 36 9 46 3 71 5 57 3 61 8 22 8 8 1 2 7 6 6 92 8 32 0 43 5 55 7 41 
40 8 15 2 16 0 47 3 8 3 70 0 12 9 70 3 63 0 90 7 74 3 89 3 35 1 6 5 68 3 22 7 56 6 20 5 71 1 33 3 44 0 25 9 73 7 4 4 89 4 99 9 2 8 84 5 24 9 40 0 95 4 35 7 39 0 58 5 30 1 61 9 38 1 67 7 68 1 68 0 97 
40 1 5 6 26 6 97 5 69 0 51 4 13 3 3 4 64 8 24 1 91 1 94 3 53 4 45 2 67 1 33 2 65 3 12 4 94 3 45 1 2 0 80 5 58 9 59 2 43 6 78 9 86 8 95 2 49 8 80 0 21 6 47 5 9 2 98 4 40 1 38 6 86 1 82 8 1 3 45 1 81 
40 1 35 2 35 0 29 5 85 7 2 0 72 4 6 7 82 5 3 4 7 9 52 4 41 3 95 7 47 5 23 3 85 6 80 3 44 3 71 4 34 8 50 5 47 9 3 3 94 0 57 0 66 9 18 7 25 6 83 9 37 7 74 1 62 9 17 6 31 0 93 0 39 2 33 4 16 4 1 0 75 
40 9 66 8 92 7 9 3 45 7 24 9 10 5 78 8 15 0 28 1 23 9 27 0 22 1 67 4 66 9 49 3 68 9 19 6 72 8 19 8 5 3 36 9 62 1 11 2 41 8 30 3 70 7 1 4 70 8 70 0 58 8 84 8 79 5 30 2 61 6 76 1 62 2 3 0 65 5 87 4 23 
40 6 47 1 28 2 12 8 52 7 23 1 10 1 87 3 60 4 50 7 78 0 34 8 4 0 45 4 96 5 57 2 77 4 95 6 13 9 1 3 17 8 71 2 76 4 49 8 44 1 80 9 58 7 92 7 39 2 29 6 65 9 64 7 40 8 44 9 27 4 84 4 72 1 72 4 12 2 72 2 45 
