10 10
40 8 1 9 64 3 12 8 51 1 10 1 80 1 77 9 78 8 14 5 15 2 14 4 76 3 32 8 16 3 99 0 18 2 17 7 19 0 16 3 91 5 16 2 42 7 12 9 96 2 85 5 97 2 97 9 41 6 61 6 90 7 42 6 9 8 34 7 62 7 5 2 31 7 23 6 28 1 33 6 41 
40 8 50 5 68 7 100 1 11 0 46 3 90 3 72 8 4 1 85 2 3 0 83 9 22 8 69 2 56 2 15 7 98 7 12 3 27 5 99 4 69 1 21 8 28 2 41 0 53 7 53 9 43 4 94 5 66 6 21 1 34 0 43 3 29 6 50 6 33 6 90 5 40 3 11 7 14 4 85 8 85 
40 5 49 7 88 5 45 8 84 2 33 5 80 8 7 4 81 6 37 1 47 4 29 3 87 2 88 1 11 6 19 7 10 2 65 7 58 3 92 7 15 5 16 1 26 9 42 2 63 6 60 2 59 5 15 9 2 6 59 7 51 4 86 8 78 6 11 5 76 4 5 7 83 8 47 0 10 5 86 5 17 
40 3 22 7 66 4 90 3 63 6 47 7 40 9 35 1 70 0 86 1 16 8 84 4 89 6 79 5 79 2 15 6 61 1 85 1 93 8 1 6 35 6 45 8 45 3 13 6 70 7 39 0 29 2 8 2 63 2 37 6 19 2 32 3 100 3 43 6 72 6 19 9 46 1 61 7 12 8 8 3 61 
40 0 4 4 73 6 62 3 24 4 39 4 62 6 37 3 26 2 78 2 32 5 4 6 34 0 79 6 57 6 61 4 48 5 20 3 12 4 98 3 43 2 89 8 15 2 52 2 97 8 53 3 96 3 29 7 79 4 31 0 28 6 32 8 40 5 79 7 18 0 53 7 56 4 5 5 46 0 52 9 100 
40 6 86 0 67 8 54 4 69 9 60 7 77 8 66 4 5 8 85 9 12 2 10 9 57 7 97 7 95 7 14 7 27 8 96 1 7 4 56 6 55 4 5 9 12 0 80 9 20 3 94 5 50 0 81 2 3 0 11 1 97 0 89 2 71 5 94 8 98 6 35 5 46 2 56 9 14 0 78 5 70 
40 2 95 4 61 5 96 0 41 7 7 9 6 5 44 3 9 9 81 6 65 5 92 7 48 9 28 4 43 4 92 8 81 6 32 2 3 4 46 2 20 6 7 3 99 2 34 4 95 8 55 3 92 4 82 0 56 1 74 8 10 1 26 8 88 5 13 2 57 7 67 4 95 4 91 9 68 4 50 1 16 
40 7 55 2 52 1 91 9 91 3 100 2 51 5 78 6 39 3 93 0 14 5 93 5 39 7 40 6 66 2 80 2 9 9 95 1 37 5 97 3 95 8 21 8 20 4 10 0 23 8 78 3 64 6 86 2 11 7 57 0 93 0 89 5 68 0 95 5 1 7 10 2 6 4 81 1 96 3 92 8 29 
40 0 24 5 72 5 92 7 54 9 43 0 74 0 7 7 22 3 49 7 16 9 29 9 93 1 20 4 15 6 42 5 32 8 100 0 76 8 52 1 10 3 47 8 68 4 38 0 1 5 46 1 87 7 82 7 74 2 49 0 86 7 38 7 23 4 38 2 1 7 14 6 67 6 6 6 36 7 53 9 10 
40 9 12 2 46 4 92 9 29 4 62 9 83 4 100 1 49 3 27 7 91 5 12 6 40 9 64 5 68 2 82 1 28 4 52 7 7 2 90 0 39 0 97 2 10 8 39 8 18 6 44 3 24 8 83 3 10 8 38 4 73 8 51 4 26 6 45 1 88 4 27 8 21 9 46 8 88 6 74 7 25 
