10 10
40 3 1 5 56 2 33 6 63 4 19 4 81 6 43 4 59 2 42 2 33 2 30 3 43 1 37 8 4 1 7 4 74 2 56 6 83 8 83 1 10 2 91 9 47 4 66 2 18 5 33 6 89 5 83 0 35 5 79 1 23 1 13 6 29 2 10 3 75 9 12 8 9 5 19 3 48 3 71 9 89 
40 9 65 2 46 9 69 4 85 7 77 0 25 1 41 7 24 6 60 0 85 6 44 4 52 9 40 0 14 0 42 1 84 5 10 1 36 0 20 3 16 8 59 3 13 5 56 5 68 3 97 3 92 3 98 7 8 1 58 9 41 5 56 3 38 6 49 0 52 8 66 1 12 9 10 1 5 9 30 5 12 
40 9 35 6 65 2 66 8 88 2 73 1 11 3 29 9 65 0 65 9 17 4 39 0 31 5 71 1 20 9 89 7 64 4 33 9 29 1 99 3 54 5 24 2 21 4 81 5 9 3 40 5 78 7 14 4 10 7 6 5 6 2 88 4 8 2 87 3 15 1 72 8 53 1 48 5 90 7 30 1 77 
40 0 70 3 73 0 62 5 87 4 36 4 50 1 29 3 95 5 69 8 88 4 11 9 45 1 12 9 98 7 54 7 42 3 63 8 66 7 74 6 34 9 74 1 37 5 48 5 40 4 17 3 100 8 83 7 13 8 32 6 63 8 53 2 51 6 43 5 90 9 80 9 27 9 14 7 82 6 87 9 85 
40 6 80 6 18 6 60 1 80 3 18 9 16 2 74 1 1 1 63 4 25 6 50 4 54 9 95 2 46 6 85 0 15 2 16 0 60 7 12 2 74 0 40 1 22 7 25 3 41 6 76 0 53 3 40 1 19 8 78 9 72 1 75 0 70 0 20 6 95 7 72 1 13 6 70 3 5 3 63 2 59 
40 1 92 9 67 6 44 7 24 7 3 0 24 9 59 9 49 4 11 3 41 8 44 1 60 7 98 8 86 2 59 4 68 1 3 8 58 7 28 6 76 2 91 2 50 4 93 9 90 7 50 7 64 3 40 8 87 9 35 0 90 9 17 6 71 4 75 6 4 4 12 8 32 9 71 5 99 7 45 7 37 
40 6 19 9 93 8 22 5 100 6 55 0 61 2 23 3 73 3 63 8 18 7 24 5 19 7 20 9 56 4 75 5 70 6 10 3 23 5 98 0 39 2 77 6 31 9 31 1 24 8 43 6 99 9 7 9 52 7 66 0 18 8 33 2 92 3 53 8 16 1 11 5 61 7 67 9 68 6 92 9 46 
40 2 69 0 4 1 93 7 81 2 98 2 53 0 63 3 51 4 88 1 23 5 84 1 83 2 62 9 29 0 76 0 99 9 92 1 62 7 65 6 57 4 100 4 41 1 72 0 94 8 42 0 97 0 23 5 32 9 19 2 38 5 2 1 92 9 72 5 93 3 72 8 98 2 88 5 12 1 2 3 12 
40 3 83 5 62 6 36 4 90 1 57 8 92 0 5 2 44 6 3 6 49 0 37 4 89 0 42 8 47 3 22 5 45 5 51 9 85 3 62 7 49 8 32 3 49 9 84 0 58 1 21 6 26 1 94 2 98 7 44 5 46 6 29 7 27 1 3 4 61 9 85 8 7 3 62 0 55 0 67 0 68 
40 3 70 8 16 7 48 3 44 8 21 6 70 1 66 2 24 0 22 2 18 9 15 5 27 5 54 9 95 3 89 2 83 0 70 4 98 5 16 0 47 1 26 6 96 9 9 1 60 5 77 9 16 0 23 4 83 7 5 4 34 9 61 2 34 2 18 9 15 3 4 4 68 9 79 3 4 2 82 8 48 
