10 10
40 7 43 1 54 6 76 2 32 6 48 4 30 6 36 9 33 9 19 2 29 2 86 2 78 5 61 5 81 6 39 1 1 6 43 1 54 5 3 2 35 6 85 9 83 3 87 6 22 5 46 7 73 5 1 4 88 3 35 1 10 8 59 5 9 0 85 9 74 7 72 1 98 1 51 2 96 1 82 7 100 
40 2 40 8 55 8 50 5 75 9 2 3 31 0 1 0 88 2 84 4 60 3 8 0 20 2 47 7 63 2 35 7 66 0 25 1 28 3 63 8 2 1 74 4 14 5 83 5 60 7 39 5 8 2 100 2 78 5 85 3 15 4 71 2 62 4 67 8 14 6 76 9 59 7 8 3 40 7 93 5 95 
40 7 17 7 97 7 51 6 43 0 17 0 7 8 78 7 12 3 39 2 75 5 43 3 14 4 61 6 42 6 20 1 8 6 88 7 16 7 91 5 14 2 8 3 33 0 9 7 16 3 66 5 55 7 94 0 96 5 29 1 81 0 21 8 35 7 48 9 25 5 88 0 46 6 37 2 49 2 33 8 56 
40 1 71 1 62 3 100 4 68 2 28 6 32 6 69 4 23 7 4 0 83 4 70 4 88 5 52 7 64 2 76 8 81 5 87 6 61 5 13 9 99 1 10 0 54 6 36 4 82 4 16 2 44 7 49 6 27 4 5 6 35 3 3 1 76 6 81 9 14 5 11 7 60 3 83 1 93 1 72 1 10 
40 6 16 8 71 6 28 6 32 8 94 3 90 5 47 8 98 2 48 6 57 5 83 5 26 8 24 3 24 6 9 3 73 7 64 4 11 7 66 7 29 9 90 6 19 8 84 3 19 7 9 4 96 7 23 0 27 9 33 4 20 2 28 6 55 4 91 2 89 9 13 2 97 2 44 9 16 3 88 9 73 
40 7 67 8 69 8 2 3 33 1 98 8 92 2 6 3 26 1 81 1 71 1 41 1 26 0 41 2 73 7 72 0 98 4 25 4 66 1 95 2 90 1 11 2 45 2 83 0 24 9 13 9 22 6 4 9 64 0 40 5 100 4 72 7 95 7 21 4 53 6 39 6 94 5 91 4 66 7 96 6 100 
40 7 66 9 88 0 52 4 87 3 69 5 50 4 75 3 3 2 77 0 90 1 43 1 42 6 16 7 43 5 90 9 23 6 8 6 11 2 97 9 47 5 1 0 29 8 24 4 86 1 27 8 87 6 20 5 25 4 16 7 76 1 97 1 94 8 50 5 26 8 73 6 70 5 72 6 5 2 15 5 73 
40 4 41 0 66 8 10 5 61 2 95 4 54 7 14 1 72 7 26 7 2 8 51 2 97 5 97 2 36 1 78 7 48 4 28 0 20 7 77 2 88 4 20 8 2 3 73 8 9 3 41 4 72 8 86 4 20 6 64 9 27 3 93 0 6 6 47 7 86 2 93 2 41 3 75 8 64 9 54 8 61 
40 2 71 2 36 1 17 1 55 0 72 4 83 6 80 4 85 0 9 8 45 9 4 2 81 5 76 2 47 0 40 4 77 4 98 6 31 6 48 3 22 6 19 9 12 2 28 1 43 0 52 8 65 7 41 9 82 7 65 1 62 9 52 8 79 0 80 6 19 5 21 2 26 4 24 8 34 1 39 5 60 
40 7 3 4 74 3 96 3 82 7 88 5 43 9 18 5 35 1 52 1 79 7 5 4 63 5 22 1 94 5 71 0 37 9 60 7 26 0 56 1 24 0 81 0 39 6 69 6 83 7 69 2 50 3 51 0 28 4 28 8 33 9 80 7 39 5 12 2 62 0 92 2 11 9 76 5 70 7 37 2 71 
