10 10
40 4 14 4 20 9 53 6 41 2 37 6 71 0 64 2 90 1 15 2 79 1 30 7 52 4 46 5 33 0 13 0 56 5 29 1 4 2 33 4 78 7 5 6 95 1 60 8 77 5 25 3 12 6 81 0 96 4 79 2 65 7 43 7 17 2 34 0 84 9 88 6 64 9 45 1 16 6 64 6 39 
40 8 35 9 89 0 36 3 41 6 25 6 21 8 19 5 59 6 77 0 69 1 34 5 3 4 94 7 6 5 36 2 32 7 15 9 3 6 4 1 22 2 56 6 40 6 55 5 54 0 36 1 46 6 82 7 65 8 81 1 95 1 22 7 70 4 44 7 55 3 14 4 8 3 85 8 16 4 51 8 91 
40 9 31 3 13 8 20 4 40 2 29 6 4 3 54 0 26 5 38 1 47 6 9 8 73 1 42 7 84 1 39 8 47 2 91 6 2 0 87 5 57 4 62 2 42 7 39 3 33 0 46 5 51 3 81 4 19 4 38 9 49 3 35 9 85 8 23 2 67 4 34 9 5 2 12 5 65 6 97 7 99 
40 7 3 1 41 3 88 2 88 8 20 8 95 9 46 2 30 5 36 0 70 3 54 7 47 6 46 6 3 1 83 4 10 7 83 4 8 6 17 3 51 9 16 9 100 5 82 2 28 9 13 1 52 5 47 8 62 1 20 9 96 8 7 0 16 8 91 9 82 7 47 1 3 7 4 7 45 3 87 8 53 
40 3 57 0 57 3 84 3 42 4 86 8 39 2 7 0 80 2 2 1 38 1 48 5 18 3 55 3 57 8 61 3 44 4 82 8 45 1 70 9 63 5 75 4 87 9 15 6 33 0 24 7 50 2 63 6 50 6 14 1 20 5 2 6 12 9 92 8 87 2 38 1 83 5 54 9 43 9 84 0 93 
40 0 73 7 85 2 64 7 18 7 14 2 79 2 21 5 28 3 52 4 17 5 8 7 98 5 97 9 23 0 60 6 90 3 57 1 85 2 9 4 63 3 82 7 53 7 24 1 19 6 3 2 50 9 56 0 50 2 87 4 74 2 76 8 57 7 92 7 32 9 98 3 60 1 17 0 24 5 70 3 45 
40 5 10 4 2 7 67 5 74 8 34 1 18 1 56 7 59 7 98 4 51 6 6 5 98 0 38 0 21 1 42 5 13 4 63 2 82 0 38 4 50 6 36 7 72 9 10 2 20 6 52 0 63 0 12 9 71 6 65 6 90 9 83 3 64 4 49 8 29 8 14 0 82 7 23 3 92 6 68 1 45 
40 4 10 5 62 9 69 1 81 3 29 9 41 9 79 0 40 6 15 4 69 7 52 2 74 6 14 6 9 2 63 5 92 0 79 4 89 7 55 3 73 2 49 4 47 2 93 3 6 2 73 5 42 3 45 5 6 1 87 0 94 2 54 3 92 8 75 3 75 2 95 4 14 3 12 4 53 0 96 8 8 
40 6 65 9 72 1 73 3 64 0 42 1 30 3 34 2 86 0 50 9 78 0 90 7 35 2 37 0 31 0 75 2 24 4 20 8 68 3 21 0 52 1 13 8 50 5 40 0 59 2 64 8 52 9 25 8 98 5 3 0 100 9 33 5 52 8 84 9 5 0 24 0 29 2 72 1 34 1 37 6 37 
40 3 16 3 80 9 96 2 21 4 87 0 19 8 6 3 92 7 97 2 55 5 60 7 100 3 42 6 75 8 56 6 39 1 44 7 34 5 7 9 24 2 7 6 17 4 86 8 15 7 75 9 10 2 54 9 97 4 59 4 50 8 11 3 59 4 71 1 93 5 42 6 27 9 48 4 8 5 96 3 3 
