10 10
40 3 87 1 84 1 69 8 45 5 2 5 22 6 80 7 37 1 42 3 73 0 73 7 57 7 5 1 1 3 32 6 34 5 99 9 47 6 78 8 27 5 6 2 54 8 43 3 78 3 55 0 71 7 33 4 56 2 58 0 86 7 98 1 90 8 70 5 55 9 23 7 65 5 32 1 26 1 7 5 10 
40 2 7 5 21 0 11 9 60 5 41 7 15 5 25 0 29 4 61 8 92 2 91 9 98 9 64 6 5 6 8 2 94 0 47 8 90 0 66 6 52 3 45 5 92 8 44 6 58 2 58 8 90 1 16 7 61 3 24 6 25 3 31 5 15 7 27 1 72 2 34 9 86 6 60 1 74 0 70 2 17 
40 3 51 8 91 7 40 8 43 1 82 5 46 8 84 4 39 7 84 8 91 5 28 2 97 9 25 4 45 0 33 3 76 2 42 0 100 4 99 3 92 3 38 8 66 6 44 8 69 9 3 4 41 2 34 1 52 8 48 9 73 0 49 5 14 0 99 2 10 0 39 9 66 4 91 1 45 0 70 7 20 
40 6 22 1 99 7 41 1 67 4 75 4 96 1 26 5 27 0 55 0 26 8 69 1 12 0 62 9 39 1 12 1 93 5 41 7 99 2 35 3 45 5 35 4 61 2 47 2 91 3 74 3 67 7 24 3 33 0 9 6 87 4 54 3 12 2 48 5 48 8 29 8 13 9 74 9 4 8 32 9 22 
40 1 80 8 15 0 11 0 17 8 46 2 29 7 71 1 73 4 19 5 87 2 82 1 76 2 24 0 41 7 43 0 24 7 27 0 71 8 25 9 52 3 64 6 85 7 18 0 81 9 87 8 72 2 72 5 81 8 77 1 8 9 85 2 5 9 58 5 76 3 81 4 51 8 93 9 80 1 45 6 56 
40 6 85 4 73 8 11 1 90 9 4 5 63 2 63 6 90 3 82 5 19 9 65 5 47 8 62 5 59 8 96 7 2 4 76 5 94 3 2 2 5 7 89 7 75 2 81 1 85 4 36 4 83 1 26 1 78 0 25 8 54 0 48 6 30 8 38 4 95 3 57 5 52 5 97 8 10 7 31 7 94 
40 0 23 3 56 7 74 5 63 1 57 1 63 5 73 0 38 6 27 5 39 6 98 2 17 9 20 6 1 7 52 7 37 6 99 6 65 8 54 6 39 6 11 5 22 1 14 1 97 3 53 3 44 2 19 5 81 8 58 8 46 7 77 7 63 0 78 7 71 1 25 8 31 0 43 0 54 9 91 3 57 
40 1 64 4 59 6 47 9 14 8 92 3 32 0 45 2 49 1 37 3 23 2 83 6 98 2 31 7 68 6 65 4 20 3 60 0 24 9 65 6 16 5 84 5 29 5 59 9 9 4 50 6 33 9 56 4 1 4 81 2 20 6 24 7 25 0 40 1 97 7 63 7 2 3 43 9 36 8 44 2 7 
40 6 22 4 2 6 24 3 62 9 96 9 23 2 93 3 66 3 92 2 35 1 75 4 21 0 100 3 93 0 59 9 12 9 100 8 8 8 97 3 89 0 53 8 59 8 15 0 86 8 98 5 83 7 63 6 24 4 55 5 70 8 99 9 7 1 30 0 36 1 67 0 71 5 25 5 84 8 51 7 81 
40 2 86 8 39 0 98 1 29 0 39 6 26 4 67 8 42 8 81 8 11 9 28 7 69 7 70 1 64 7 51 6 16 1 99 0 61 8 86 5 65 3 22 1 35 6 36 9 27 6 3 8 64 8 87 5 70 7 41 1 16 1 23 8 99 1 5 1 43 3 19 1 16 6 68 6 71 9 33 8 91 
