10 10
40 6 11 0 47 9 71 1 10 3 25 0 20 4 68 8 47 3 84 1 57 7 79 8 81 2 74 9 10 3 34 0 56 0 100 0 63 5 62 4 74 6 19 9 68 7 74 3 33 9 21 4 29 1 99 4 44 6 29 6 23 3 63 1 76 6 97 9 54 3 63 5 37 3 99 9 85 0 98 9 64 
40 7 53 5 14 0 50 0 31 9 45 5 70 1 10 5 49 1 53 8 79 6 91 0 5 3 30 8 92 3 52 4 88 4 21 3 58 4 68 6 35 3 85 8 20 3 100 2 5 3 99 1 94 2 94 8 32 0 13 3 100 1 54 8 14 0 32 3 17 8 60 4 91 8 75 8 61 6 1 4 87 
40 6 12 0 98 2 73 9 72 6 85 0 68 9 43 7 71 9 62 0 26 4 98 1 75 4 46 0 43 8 71 4 1 1 26 5 75 6 29 3 64 9 2 5 17 3 58 7 98 7 32 9 34 1 56 0 5 8 4 2 67 5 35 4 75 8 27 8 90 1 41 0 65 4 99 1 12 1 4 9 2 
40 9 72 4 25 5 19 9 34 0 69 4 32 3 19 8 49 9 55 4 76 9 6 1 72 8 83 6 52 8 42 4 50 5 74 0 70 7 18 9 74 3 100 1 97 8 20 5 72 5 52 4 13 4 4 9 62 6 74 0 5 1 25 7 70 4 91 5 8 0 28 3 95 2 44 4 44 0 41 7 79 
40 0 40 5 44 9 26 0 76 4 90 2 13 7 49 1 14 6 100 6 13 9 45 7 84 9 16 6 98 6 64 2 39 1 98 7 61 3 23 3 25 3 6 6 40 8 43 6 16 4 63 4 14 5 13 1 66 7 94 4 51 2 10 2 47 2 95 4 73 6 8 8 99 8 41 4 58 8 34 7 95 
40 8 90 1 87 0 36 5 68 7 59 4 2 2 20 5 98 7 65 5 29 8 15 1 35 2 39 8 39 1 34 0 6 0 39 9 31 3 18 8 55 1 81 2 96 7 37 3 4 0 38 7 83 0 24 0 87 9 54 4 74 6 95 3 65 5 45 6 3 6 32 6 12 5 57 4 18 9 53 8 46 
40 5 85 2 41 2 50 4 2 3 90 7 64 9 43 5 28 0 56 8 18 4 30 2 27 1 17 2 70 8 32 7 63 5 99 7 7 4 24 9 6 8 27 4 63 8 11 0 27 8 83 6 87 6 99 1 5 8 48 8 90 9 46 6 51 8 57 5 48 1 11 7 75 5 61 2 59 0 100 4 88 
40 5 92 1 52 2 22 8 79 9 38 4 4 0 98 7 69 5 97 6 88 0 35 2 19 2 57 6 20 7 78 6 15 4 69 9 85 9 56 4 20 7 38 9 95 3 92 4 1 5 22 8 80 9 79 5 15 5 61 9 69 6 20 2 67 8 27 1 26 5 44 8 61 7 79 5 66 4 72 0 24 
40 9 82 1 26 5 100 5 38 8 84 0 34 8 70 4 7 1 5 0 86 7 28 6 100 6 60 0 68 3 9 6 1 6 5 3 56 4 81 8 27 2 93 4 9 2 41 9 81 3 90 7 37 2 35 2 54 1 18 7 81 3 8 8 44 4 39 8 63 2 69 0 76 7 27 9 12 3 50 7 89 
40 8 88 8 73 2 91 5 68 6 69 0 49 1 77 7 42 2 37 9 11 5 78 4 93 9 15 8 28 7 84 7 40 6 42 2 29 0 20 5 7 3 18 1 42 1 83 0 58 8 89 0 57 0 14 9 52 8 39 6 24 5 26 7 9 3 33 3 24 3 56 1 6 1 38 7 41 1 40 3 90 
