10 10
40 7 96 3 19 0 30 2 99 2 19 7 80 8 48 6 45 2 51 5 18 1 96 9 2 2 62 7 52 7 37 8 38 8 84 0 5 7 74 7 68 0 83 9 36 9 32 1 42 2 79 3 20 6 21 2 7 2 56 7 55 7 70 4 41 7 10 5 15 5 28 9 62 2 33 7 16 2 97 2 26 
40 2 72 9 84 2 52 3 40 6 69 6 43 0 47 0 10 8 50 3 11 3 75 3 39 5 20 9 38 0 94 6 52 7 56 0 86 3 95 0 52 7 22 8 78 2 56 3 6 7 50 8 72 2 93 8 41 8 59 9 67 5 99 2 69 6 49 0 28 6 30 3 91 9 31 7 15 2 36 5 72 
40 1 41 9 84 6 47 0 94 4 80 0 60 7 36 3 58 4 89 6 25 3 96 5 72 7 61 3 26 3 14 5 79 7 7 7 35 2 86 6 54 2 73 0 14 3 13 5 3 6 40 1 73 2 87 1 99 7 69 8 82 8 80 0 99 5 83 9 86 3 34 5 75 0 59 5 30 1 53 7 89 
40 7 93 2 60 6 23 6 68 1 79 0 80 1 34 3 47 7 50 7 9 7 67 0 48 6 4 5 81 1 80 7 14 3 54 2 56 6 92 1 48 6 98 8 15 8 36 8 15 3 48 3 95 0 43 4 90 4 71 6 63 6 49 6 77 7 31 7 70 4 88 7 48 9 73 7 76 7 45 5 66 
40 8 17 3 36 2 33 5 50 1 96 0 34 4 69 9 19 2 19 9 7 9 69 3 78 8 95 4 73 0 11 0 7 0 78 6 98 1 12 8 78 4 54 7 78 9 34 8 98 3 37 3 73 6 74 1 62 8 74 0 12 8 40 9 100 8 13 7 74 6 21 8 69 1 58 2 54 8 91 7 66 
40 0 12 6 24 4 11 1 90 0 44 6 79 2 19 8 65 5 11 7 38 6 9 2 86 2 37 5 13 5 91 7 73 7 82 3 78 7 9 1 24 1 95 9 53 6 2 6 33 9 59 6 90 4 21 5 52 4 65 9 56 1 1 0 10 2 17 4 69 5 25 9 94 6 32 5 10 5 88 8 6 
40 6 16 7 1 2 18 7 81 9 70 5 11 0 16 7 93 2 99 4 18 1 40 8 41 2 41 3 54 5 79 9 60 2 22 2 9 1 38 1 35 1 11 2 29 9 90 8 29 5 31 1 70 9 85 5 3 7 6 7 74 0 37 0 13 6 56 2 96 9 11 9 2 7 83 9 26 7 37 8 56 
40 2 27 3 92 7 22 3 1 6 37 1 27 8 13 8 92 5 29 7 25 2 8 1 93 1 51 8 29 7 63 6 46 5 59 2 90 1 20 4 3 5 11 8 31 2 79 6 59 0 32 0 73 8 43 8 22 3 92 4 60 0 72 7 44 7 49 9 18 1 88 7 41 5 2 6 10 7 43 0 94 
40 7 50 0 67 3 62 7 58 9 87 4 75 7 97 5 23 9 80 0 43 3 94 2 9 3 76 3 66 5 94 0 37 1 31 4 99 3 39 0 86 8 39 6 42 3 34 5 13 1 25 5 58 6 63 8 98 1 28 6 4 2 50 4 76 1 22 5 60 7 54 7 43 5 27 1 42 2 33 9 13 
40 3 72 5 72 1 7 7 9 7 17 5 18 1 92 7 71 2 90 1 30 1 47 3 31 1 96 1 39 8 98 2 48 7 9 1 40 6 51 0 99 8 73 0 19 9 49 5 93 8 100 4 17 7 30 8 34 0 64 8 30 9 76 2 65 3 93 6 61 4 1 1 44 8 56 3 30 5 49 3 92 
