10 10
40 5 87 6 34 5 43 0 52 0 7 0 35 0 48 2 64 3 87 0 38 4 9 6 67 9 50 1 98 2 7 2 30 9 80 1 49 1 61 7 48 0 61 4 69 4 21 0 61 4 87 5 44 3 69 3 57 5 35 2 19 4 3 1 78 6 35 0 15 5 34 7 96 2 30 4 47 8 83 0 64 
40 6 55 1 6 1 77 4 32 9 27 1 66 7 94 1 51 3 44 5 84 6 38 2 63 6 43 6 39 6 20 7 19 6 44 1 33 8 24 8 82 0 41 4 40 4 56 9 76 4 100 6 55 2 44 6 45 1 22 4 70 2 82 4 43 8 59 7 52 9 26 9 15 8 45 6 96 0 88 8 57 
40 3 42 2 82 9 27 9 5 0 92 4 98 5 92 7 45 7 100 7 40 6 76 5 31 5 3 2 76 6 10 3 42 4 89 1 40 1 73 3 33 2 52 0 69 0 81 9 65 9 96 4 10 8 12 1 26 7 31 5 73 5 43 7 98 6 83 3 10 3 45 9 3 2 35 1 61 2 97 5 1 
40 2 32 2 57 3 13 5 53 7 39 0 25 7 56 4 18 1 32 3 21 2 42 5 20 5 62 4 22 3 51 2 96 8 7 1 54 0 20 5 87 5 92 3 37 2 72 1 12 0 78 6 5 7 82 0 88 6 31 7 34 5 71 1 56 8 10 9 93 6 6 7 17 0 69 1 53 7 8 2 52 
40 4 44 8 34 7 44 0 97 2 74 3 30 8 100 4 99 9 37 3 5 0 71 6 89 4 51 2 14 5 79 4 88 1 73 9 27 6 19 4 51 8 90 3 2 1 6 8 59 7 19 9 92 2 2 2 33 7 8 5 66 7 80 0 48 0 54 1 95 5 9 6 19 6 16 6 16 1 21 4 74 
40 0 20 0 63 1 33 1 64 9 65 6 90 5 73 9 55 9 5 8 81 1 1 6 53 0 46 3 11 3 67 8 44 5 22 9 57 3 93 6 52 3 100 9 12 5 20 8 70 2 65 1 67 9 76 3 39 4 80 8 98 9 45 4 80 6 19 8 40 7 95 9 45 6 3 4 38 2 26 5 58 
40 7 60 7 88 4 72 4 96 6 34 8 36 3 27 8 95 0 24 9 36 5 44 7 18 5 1 9 64 2 86 6 30 0 49 0 52 7 92 0 26 5 11 3 75 1 14 6 65 1 19 8 47 2 28 1 33 7 35 8 60 2 60 2 70 9 98 5 94 4 6 4 99 2 51 2 99 4 33 4 78 
40 8 63 7 46 3 23 9 96 7 15 8 88 7 52 6 93 4 10 8 48 0 19 5 15 3 43 0 31 1 93 2 72 3 75 7 95 1 12 6 38 3 91 7 5 8 94 5 12 8 31 6 65 8 4 2 46 0 66 7 16 9 14 7 93 8 43 1 50 9 71 1 68 8 54 4 3 1 31 6 52 
40 9 30 7 87 0 64 9 93 7 90 1 29 8 29 1 13 8 34 4 60 9 97 6 5 8 57 3 50 1 28 0 91 3 30 9 50 0 91 6 86 9 57 7 99 6 80 3 78 7 8 9 76 2 31 1 3 8 42 0 79 4 18 2 27 9 84 3 97 7 43 0 40 2 95 0 7 3 92 8 71 
40 2 68 2 75 8 1 9 3 4 75 7 99 0 73 5 14 0 34 8 20 5 11 8 32 8 95 7 51 9 8 1 100 3 10 8 77 0 26 3 54 2 54 2 28 6 11 2 44 7 10 6 15 8 31 1 63 4 65 5 34 4 31 4 91 2 8 1 53 5 23 0 39 9 15 7 99 3 13 7 74 
