10 10
40 2 50 6 59 4 7 0 6 8 18 7 62 2 66 8 77 0 3 8 87 1 34 1 48 2 93 7 69 5 88 9 35 0 59 1 67 9 60 8 53 9 88 9 6 2 41 1 16 5 25 2 96 5 47 1 1 1 91 8 26 8 14 4 48 6 1 8 11 2 91 6 91 2 81 6 13 1 30 4 44 
40 3 45 3 74 4 36 8 14 0 89 2 23 6 2 1 27 8 41 3 70 9 53 6 48 1 91 8 60 5 56 8 1 5 60 1 87 3 22 7 48 8 27 6 54 0 60 3 17 0 89 9 33 5 91 8 21 5 97 1 60 9 6 4 68 9 52 9 31 4 72 5 41 1 19 4 53 3 10 8 6 
40 4 91 5 92 4 24 4 30 4 37 0 39 1 55 9 80 5 57 8 97 7 43 9 57 9 38 0 9 7 92 6 78 6 59 9 26 3 96 0 56 5 62 0 95 8 61 8 86 8 86 6 49 3 5 7 17 9 37 7 23 9 52 6 13 6 53 9 14 5 88 1 3 8 3 9 58 5 75 9 84 
40 0 24 2 13 7 4 7 98 3 4 4 44 7 53 5 36 9 26 2 38 5 13 8 48 4 46 7 2 5 60 0 81 9 100 6 42 3 99 9 23 2 54 0 79 3 41 5 100 0 53 3 47 9 25 3 4 3 16 4 2 1 79 4 96 2 27 2 12 7 77 1 85 2 92 5 23 0 90 3 13 
40 2 40 9 45 7 75 5 64 6 66 6 45 7 26 7 66 0 7 4 15 0 15 8 14 2 22 9 29 6 50 9 24 3 86 1 42 8 27 9 81 4 7 6 46 2 66 0 64 9 23 9 69 3 29 5 53 6 59 3 51 6 91 2 2 5 45 2 9 5 78 4 90 5 99 7 66 2 72 4 41 
40 4 30 7 50 3 63 0 5 5 52 5 55 1 16 1 89 0 97 7 24 2 48 1 88 1 50 4 28 5 17 3 94 2 68 2 48 6 98 8 25 5 77 4 63 7 10 1 72 1 20 3 78 8 48 0 1 1 16 3 9 9 88 1 52 1 14 7 60 8 88 7 79 6 19 4 53 2 56 7 38 
40 6 91 2 71 4 14 1 91 4 43 3 60 3 91 5 74 8 100 2 37 0 4 4 21 3 58 9 96 2 68 7 21 3 87 1 59 3 26 0 93 7 15 1 30 1 4 4 95 8 38 5 44 4 17 7 45 0 45 9 91 3 59 0 99 2 90 9 60 4 43 2 17 8 77 7 33 6 12 7 56 
40 9 6 8 63 0 11 1 59 8 35 3 82 1 65 8 65 2 62 7 81 9 78 1 28 6 100 6 66 6 31 4 95 1 69 1 50 5 83 0 63 5 87 6 72 1 31 6 73 8 71 7 36 5 72 0 73 1 16 6 7 1 3 7 25 5 9 1 65 3 2 0 22 3 67 4 55 4 4 6 68 
40 8 40 6 94 0 74 5 99 6 48 8 1 1 13 9 68 2 78 8 58 4 66 4 42 9 12 8 52 2 76 7 69 3 73 8 89 9 9 9 62 7 22 7 89 7 99 8 47 7 68 6 77 3 10 0 7 2 17 8 68 0 30 2 11 3 99 1 24 2 92 1 21 2 25 9 82 8 36 7 94 
40 6 70 8 73 8 34 8 28 5 94 1 87 0 28 4 50 6 49 6 69 9 29 7 80 8 35 6 94 0 62 6 68 1 22 8 2 4 53 4 78 6 71 6 37 2 11 4 59 9 64 8 37 2 7 9 98 0 21 9 47 0 10 7 81 6 90 0 13 0 70 9 76 5 18 2 64 0 100 9 30 
