10 10
50 9 83 0 78 8 15 4 18 9 4 3 19 9 99 7 5 0 14 4 96 8 92 1 35 0 44 3 82 8 48 9 64 5 25 4 50 3 41 9 90 2 78 4 91 5 36 0 83 0 42 1 70 4 13 5 99 2 32 9 58 4 100 2 16 4 31 0 93 4 61 3 6 1 59 9 68 8 73 9 38 3 24 0 53 7 37 0 66 8 28 7 47 7 39 9 32 1 81 2 57 
50 0 16 7 14 8 54 1 84 0 71 8 4 7 12 7 45 4 2 1 95 2 99 0 79 0 7 2 42 4 8 9 20 1 95 2 35 0 63 7 30 2 17 3 90 9 21 8 83 2 3 7 2 6 11 2 30 0 27 9 3 6 20 3 22 0 2 9 2 2 22 4 72 9 81 6 91 4 1 3 29 4 94 1 76 3 62 3 60 5 84 1 54 2 26 0 25 0 72 3 10 
50 6 70 1 13 6 14 3 58 0 49 7 59 6 17 4 22 9 67 2 33 5 22 1 81 8 55 2 43 9 45 7 44 0 82 6 59 5 100 9 88 9 67 1 99 4 56 6 10 4 59 6 76 4 11 2 66 2 33 4 14 9 15 2 24 5 29 0 14 0 12 7 81 6 50 8 44 7 5 3 46 3 62 2 13 2 50 0 84 5 92 5 30 6 93 9 59 2 86 0 95 
50 3 77 4 8 4 25 7 87 1 32 3 35 0 4 1 86 2 51 9 48 2 21 7 92 4 99 1 10 6 90 6 88 7 43 4 50 9 96 0 31 0 74 4 46 7 33 4 80 8 67 9 31 8 17 0 37 8 42 4 10 3 18 4 50 3 62 2 34 4 21 1 38 3 51 5 73 7 47 5 55 3 19 2 43 1 37 7 36 3 70 5 76 8 44 9 79 3 8 8 79 
50 8 64 8 85 4 90 3 5 2 35 1 4 0 94 3 12 4 27 6 56 8 36 1 78 5 94 9 78 2 96 1 12 6 24 8 100 3 75 0 31 3 55 0 22 2 81 4 67 6 30 3 12 3 2 5 4 7 43 2 28 7 5 3 58 4 3 1 8 4 27 4 77 5 67 1 7 7 43 0 80 3 21 2 38 9 55 8 42 5 31 8 98 8 56 3 48 2 54 1 22 
50 6 1 5 94 0 9 0 36 1 36 9 18 0 34 0 84 1 25 3 49 4 2 7 11 1 86 8 29 5 11 0 5 8 61 3 35 0 24 8 91 0 72 1 79 1 42 5 41 5 29 2 80 1 68 5 3 0 17 5 65 7 64 6 74 8 41 7 97 5 80 3 79 5 39 5 96 8 100 5 60 6 80 2 68 5 31 3 35 8 16 3 51 4 86 7 70 0 20 8 86 
50 3 15 1 71 7 45 3 44 1 45 1 82 5 25 6 57 3 17 0 19 4 76 0 97 8 68 0 76 0 90 3 50 8 50 9 26 7 39 7 16 8 51 9 52 7 14 6 84 8 14 1 12 7 9 0 2 1 28 9 21 9 57 3 91 7 37 5 10 9 51 4 25 6 94 2 24 1 70 3 51 9 27 3 95 8 7 7 19 8 73 9 87 6 61 0 2 5 69 9 5 
50 1 28 8 80 3 12 3 83 0 68 2 19 0 21 2 72 1 41 3 55 9 2 4 69 9 88 8 22 7 75 0 60 7 58 3 93 1 37 8 24 9 99 3 78 3 17 6 60 9 73 6 43 4 50 5 93 5 88 8 74 9 20 0 5 1 80 9 98 4 77 1 31 5 30 1 91 5 72 4 83 0 44 3 29 0 93 8 6 3 25 6 97 7 19 8 50 5 53 8 47 
50 8 92 5 58 3 23 4 95 1 50 5 44 8 52 1 3 5 51 4 25 0 53 0 93 7 97 8 12 6 27 2 14 9 52 4 85 9 6 0 98 8 80 1 89 6 18 8 30 1 97 5 47 8 2 1 97 6 88 6 59 1 74 8 82 8 48 0 60 2 99 9 74 4 67 6 18 2 30 2 92 6 67 1 11 1 78 7 59 1 2 4 71 8 35 2 56 9 91 8 63 
50 5 97 5 19 8 45 5 67 6 94 9 73 1 75 4 54 1 25 0 79 3 20 5 1 2 72 9 52 0 4 2 58 4 81 5 68 0 46 2 78 4 87 4 70 4 6 3 20 2 10 2 91 1 26 8 93 3 46 8 24 8 40 1 73 1 3 8 2 6 84 4 88 1 47 3 9 9 54 2 96 8 80 2 36 7 93 3 15 6 33 0 4 3 99 6 100 5 82 0 24 
