10 10
50 2 32 7 18 3 60 7 72 8 10 9 49 4 77 8 66 2 15 9 36 3 17 9 15 1 88 6 44 0 92 4 7 3 40 8 95 2 44 7 79 4 58 3 40 5 65 9 78 8 5 1 95 2 20 8 57 1 40 2 56 2 20 1 58 9 38 8 86 9 17 7 92 8 72 1 75 5 1 1 5 8 94 9 99 3 43 6 24 3 40 5 97 3 94 0 93 3 79 2 44 
50 7 66 9 32 6 58 5 69 2 57 8 92 4 2 2 16 4 74 5 45 2 89 1 17 8 78 8 31 1 30 4 20 9 88 4 6 5 96 9 83 9 57 0 54 7 33 1 30 8 86 3 21 0 93 5 19 1 81 3 9 5 82 8 11 9 83 2 47 0 38 6 94 5 4 0 63 0 39 3 70 4 61 3 15 8 15 6 37 8 35 6 55 1 1 7 77 0 86 6 37 
50 0 48 0 39 5 48 7 4 0 87 3 8 9 2 3 22 0 62 2 7 3 49 7 85 1 44 7 4 7 79 9 91 1 6 7 29 2 10 9 19 4 37 2 95 9 62 9 11 2 4 5 68 2 23 6 26 8 72 2 2 2 16 1 69 0 13 4 99 4 36 2 11 4 64 7 76 0 90 8 90 0 50 2 14 3 44 1 91 7 93 0 44 8 32 2 60 4 96 6 17 
50 3 11 7 80 1 1 8 9 3 48 5 48 7 55 1 11 7 54 1 75 7 53 6 37 6 10 4 76 3 98 2 83 2 20 2 83 3 95 1 55 2 32 6 13 3 30 6 39 4 61 5 36 1 79 0 100 8 59 9 66 6 75 4 100 6 49 9 10 7 76 9 10 5 96 9 18 9 58 7 8 3 18 2 100 1 25 6 47 5 74 0 91 0 16 5 65 8 52 7 72 
50 8 18 5 88 6 20 0 68 7 58 2 90 8 45 0 53 3 28 2 80 7 64 4 94 0 41 1 25 0 2 3 3 2 88 1 83 1 9 8 63 7 86 1 42 0 34 0 74 7 28 6 50 9 73 5 83 8 99 9 96 2 22 3 49 6 83 8 68 1 14 0 19 9 83 5 39 4 36 6 60 8 24 2 40 8 8 7 67 4 13 9 97 9 6 5 75 8 3 0 8 
50 9 45 1 72 6 91 6 3 6 57 2 96 6 88 7 64 5 24 2 83 9 44 1 33 0 69 4 67 5 98 2 90 0 34 7 64 8 100 1 22 0 69 3 35 9 78 9 11 0 7 1 73 0 1 4 51 0 11 6 52 4 4 2 88 2 15 9 66 1 53 3 1 8 65 4 31 2 41 9 17 8 29 5 82 6 52 4 40 7 14 7 69 7 5 9 43 5 13 1 23 
50 1 7 7 45 3 33 8 40 9 18 9 66 4 81 1 62 5 15 1 40 9 93 7 27 8 58 8 18 0 66 9 60 2 41 5 29 5 64 0 29 5 87 8 29 2 23 9 54 2 76 6 100 7 17 6 13 2 4 2 32 7 80 2 8 7 23 3 76 0 8 4 97 6 5 7 27 3 6 4 50 8 16 5 52 7 68 2 39 3 91 5 20 6 36 2 91 6 70 2 94 
50 6 36 3 3 5 12 9 90 4 16 3 35 4 55 4 46 8 45 4 69 3 37 4 83 4 10 0 21 6 42 3 45 2 52 9 84 8 94 1 53 2 20 6 96 3 88 4 54 6 53 1 6 5 22 3 48 0 93 3 38 8 25 7 77 3 77 9 92 6 87 4 16 9 46 8 14 9 100 8 9 6 66 1 40 5 9 0 44 7 59 1 53 2 70 6 57 7 65 9 21 
50 6 8 8 37 9 90 6 96 6 72 4 2 0 13 6 75 9 54 5 57 2 16 7 31 3 42 7 24 1 22 1 93 0 45 8 90 4 97 6 2 0 5 5 82 3 87 0 82 6 25 3 33 4 94 5 27 6 64 2 42 4 60 1 55 3 60 7 69 9 70 0 54 7 17 9 77 6 35 9 26 6 70 7 1 1 69 9 93 4 72 7 21 8 70 5 82 4 51 0 27 
50 9 41 0 61 3 18 1 10 3 66 1 31 5 20 1 10 0 2 7 57 9 72 8 17 3 93 5 69 6 55 0 53 4 45 7 46 4 72 9 13 1 91 3 40 2 85 5 43 4 10 9 17 3 21 4 43 2 60 8 95 7 22 3 40 2 59 9 30 3 9 0 49 4 61 0 40 2 40 3 42 6 95 4 81 4 96 4 29 7 58 5 39 8 96 9 64 2 20 5 88 
