10 10
50 0 31 4 83 7 93 8 9 2 27 0 27 6 38 5 44 7 4 5 67 6 40 1 45 0 6 0 81 7 9 6 74 9 4 8 57 3 7 8 49 6 31 9 7 3 99 5 43 5 71 0 19 9 34 4 31 2 48 9 17 6 96 1 58 6 41 3 4 9 88 2 18 7 70 2 70 7 99 6 38 2 91 7 86 7 60 1 79 0 47 4 22 3 86 0 89 4 72 2 8 
50 7 55 5 45 0 10 2 91 1 71 3 25 7 53 1 35 7 42 6 54 2 25 2 35 3 22 9 87 6 34 7 52 3 69 6 60 9 19 3 44 1 29 5 66 3 63 2 16 5 16 4 82 5 35 5 56 7 47 7 74 6 9 6 78 7 13 4 87 7 35 5 49 4 52 2 50 4 94 1 31 6 45 9 98 7 89 4 75 3 90 5 50 6 34 6 80 1 45 5 59 
50 7 50 2 53 5 40 6 18 7 69 6 96 4 98 5 2 2 13 3 11 8 38 4 22 6 82 9 51 3 24 6 35 0 79 4 11 3 72 3 75 1 33 7 14 5 21 9 76 4 72 0 82 5 80 9 27 4 18 5 98 6 18 9 80 3 60 5 59 1 78 5 12 3 14 6 61 5 3 9 69 6 96 9 84 4 55 8 23 9 54 8 55 5 83 5 87 9 76 2 25 
50 4 20 5 32 7 93 7 86 4 25 3 24 8 90 3 46 9 87 4 91 8 95 5 41 6 7 7 65 5 69 5 53 2 26 7 1 3 90 1 89 3 19 6 91 8 15 8 55 9 52 0 38 5 58 0 87 3 76 3 24 7 74 2 3 5 90 8 10 7 29 9 46 5 43 5 37 7 22 8 88 1 26 7 76 8 7 2 63 8 65 8 36 1 52 5 62 2 70 9 15 
50 3 47 3 14 5 76 2 56 0 42 0 7 8 44 8 61 3 35 6 74 1 34 7 35 8 3 2 45 1 71 9 53 0 45 3 100 5 70 8 71 2 5 6 19 4 69 8 90 6 46 0 45 8 33 6 2 6 73 4 40 5 75 0 71 1 30 7 81 3 93 2 74 3 79 7 28 8 20 3 66 5 90 1 4 9 89 8 41 9 18 0 3 0 6 0 33 2 40 8 72 
50 1 17 4 27 6 37 6 50 6 75 7 87 3 85 8 92 7 62 0 95 8 28 0 35 1 83 7 33 8 93 6 35 8 80 6 53 5 80 9 95 3 78 7 29 2 72 5 12 8 25 7 92 5 60 5 76 4 31 2 94 8 17 0 63 3 89 6 5 3 33 0 23 8 53 1 30 0 36 3 36 4 44 5 35 0 74 7 38 5 31 1 88 9 75 1 71 0 2 9 59 
50 6 85 3 1 9 1 6 84 9 37 7 89 5 8 2 90 0 40 2 74 8 59 5 37 6 87 5 33 2 42 9 39 0 68 1 78 5 36 5 56 6 31 5 52 7 9 0 24 8 71 6 82 9 48 4 11 0 36 6 55 0 93 7 36 1 13 4 12 6 27 3 51 3 77 0 86 9 23 2 15 8 61 3 35 9 88 3 59 1 51 2 44 0 63 7 44 1 41 1 85 
50 4 11 4 84 9 50 2 8 7 78 8 87 8 67 3 63 5 40 1 100 2 60 7 76 1 64 5 15 9 32 9 23 1 38 2 1 1 100 4 53 8 15 2 47 3 56 8 71 0 52 0 27 0 44 2 29 0 78 2 27 9 66 9 53 3 83 7 5 1 36 8 78 6 46 6 24 3 71 5 15 8 84 5 12 2 15 1 79 0 24 0 28 1 18 3 36 2 62 1 92 
50 5 15 9 62 9 69 1 30 4 41 9 43 0 48 5 64 7 83 6 68 6 58 2 66 3 11 4 35 5 17 1 9 7 54 3 96 2 35 5 25 8 45 4 17 6 25 6 66 9 25 7 99 1 52 5 24 5 44 5 89 5 3 4 91 9 98 5 93 4 71 7 1 4 52 1 79 0 94 7 57 4 1 3 90 9 22 7 3 1 53 0 75 9 73 5 39 9 14 7 92 
50 1 61 9 90 8 46 3 74 9 31 1 57 8 64 4 70 1 97 1 66 5 4 7 51 3 15 7 38 4 53 5 43 6 33 2 50 1 65 6 69 1 28 4 57 5 39 5 17 0 36 5 77 2 60 8 85 8 11 3 36 0 1 8 34 4 57 8 37 0 16 1 42 1 3 8 49 2 65 3 97 4 68 0 41 0 75 5 16 2 11 0 30 1 84 9 74 5 84 4 35 
