10 10
50 2 27 5 75 2 90 4 47 1 7 1 89 2 2 6 17 4 70 8 22 7 11 0 74 5 85 1 70 9 39 7 87 1 34 9 7 5 91 9 47 2 66 3 48 2 88 0 90 6 42 3 48 4 9 2 11 4 89 8 35 3 67 2 53 0 63 0 22 4 53 9 52 0 52 1 88 1 73 4 81 4 91 9 4 3 95 2 79 2 77 0 13 1 99 4 15 1 31 3 57 
50 4 21 9 86 5 5 2 66 9 1 9 20 0 41 3 88 7 71 4 6 6 36 0 31 3 76 2 51 1 16 0 75 8 96 9 32 6 23 4 94 4 89 3 28 8 73 5 5 5 11 0 67 7 77 1 88 6 20 8 45 1 82 1 40 5 95 9 91 4 55 6 91 2 22 1 7 1 41 0 52 8 94 7 90 1 29 4 53 1 99 8 65 8 43 8 5 5 70 3 71 
50 2 77 9 69 9 31 1 59 1 89 8 78 9 23 1 6 8 77 2 34 8 6 7 52 9 32 8 36 7 48 8 12 9 76 5 87 1 35 6 47 4 68 4 66 8 61 9 62 0 96 6 12 7 54 7 43 7 89 3 1 2 64 4 87 9 100 8 24 7 20 3 36 0 31 4 62 5 57 9 45 9 16 9 3 0 40 2 70 9 63 2 43 4 33 2 6 1 36 1 19 
50 0 89 7 66 6 72 5 86 0 87 2 7 6 76 0 48 1 100 4 43 3 99 3 66 6 85 3 7 8 1 3 44 9 86 1 41 3 35 4 98 7 44 6 51 6 90 6 4 3 62 1 96 4 19 7 76 4 49 4 12 9 87 3 99 7 74 3 18 4 72 9 54 3 24 5 14 4 2 7 95 4 86 9 15 1 64 3 80 4 76 7 66 2 71 2 91 1 57 6 100 
50 2 67 3 19 5 3 1 32 0 59 8 38 1 34 5 86 0 62 7 51 2 60 3 50 3 93 2 34 7 77 0 45 6 88 6 100 1 60 3 42 6 84 0 95 2 37 2 3 3 27 4 80 1 26 3 28 9 73 5 22 4 65 2 87 4 47 4 59 3 75 0 96 1 79 6 51 2 78 7 64 9 43 7 28 7 96 2 94 5 15 1 36 3 73 1 4 8 65 0 67 
50 8 7 0 98 6 5 9 56 2 33 3 24 0 48 8 72 1 71 2 81 3 91 2 72 9 31 2 50 0 13 3 97 2 87 0 28 3 9 3 87 3 32 6 86 4 14 4 14 8 14 7 34 9 74 5 76 1 42 8 76 3 22 6 24 6 40 8 77 5 63 3 53 0 34 1 82 0 16 9 40 6 3 5 100 7 67 3 25 1 20 5 27 2 66 9 66 3 35 8 28 
50 0 97 1 65 6 45 2 93 0 98 2 84 1 77 9 71 4 58 4 8 9 49 5 12 4 44 3 78 2 94 5 23 8 64 1 86 2 35 4 97 3 42 2 93 3 93 4 7 5 44 4 74 2 35 8 8 6 68 0 54 0 27 3 52 0 17 8 40 6 83 2 85 0 63 5 79 0 3 0 66 4 69 7 89 2 41 6 77 4 16 7 53 6 87 1 4 3 98 6 48 
50 3 70 7 70 1 1 3 3 6 40 8 94 8 9 0 37 5 24 4 26 8 79 1 42 7 15 7 95 8 33 1 91 2 9 5 66 3 13 9 87 9 29 8 77 3 47 6 34 3 51 9 60 1 37 4 70 7 39 0 63 7 80 3 59 3 21 7 56 4 88 4 64 2 97 6 69 2 48 6 84 6 63 9 39 9 34 3 49 5 22 6 40 3 65 6 74 1 56 1 13 
50 1 62 0 24 3 60 8 99 0 66 4 55 7 4 1 54 7 23 0 53 7 92 1 52 2 18 1 80 8 90 5 32 0 20 1 56 2 42 4 64 9 10 0 51 7 88 7 43 9 56 3 76 0 48 1 48 0 47 8 92 0 92 2 44 7 88 3 99 3 78 9 60 6 58 6 26 4 85 3 93 1 24 8 68 5 25 8 72 0 61 7 68 3 81 3 72 5 6 1 18 
50 5 59 5 27 9 19 8 60 7 63 2 48 5 38 7 22 5 9 4 26 9 19 1 11 2 2 2 86 0 87 3 96 5 26 9 37 8 85 2 82 8 34 2 38 5 27 3 96 6 96 0 33 1 2 2 69 4 30 5 34 0 65 2 63 3 1 4 26 8 84 2 4 8 61 7 95 2 90 1 10 8 67 5 15 2 62 6 93 8 9 0 32 8 55 7 71 9 27 9 73 
