10 10
50 5 52 7 43 4 3 7 59 9 64 7 36 8 66 7 36 2 86 7 71 1 99 7 40 4 48 5 74 8 54 1 55 9 51 1 99 2 18 2 24 8 40 6 55 0 39 4 34 7 63 9 35 4 16 9 17 8 72 5 44 5 60 9 69 8 42 5 74 2 50 7 20 9 39 7 84 0 15 5 55 1 69 5 97 4 74 6 2 4 13 0 39 1 84 7 22 0 46 8 94 
50 1 34 6 37 8 23 1 74 2 40 4 7 6 49 9 12 9 25 9 92 3 11 4 82 4 56 8 79 5 36 0 76 1 97 1 15 1 19 3 26 9 10 5 88 5 67 6 98 6 81 8 75 3 1 6 10 2 36 8 13 8 8 5 100 5 7 9 61 0 16 6 78 7 42 3 7 5 85 1 100 6 82 8 70 6 23 0 17 0 26 5 70 1 32 6 44 0 65 3 34 
50 4 53 3 22 0 57 5 78 0 49 1 42 7 52 0 52 6 55 7 56 8 93 1 99 5 100 6 6 0 83 8 60 5 9 6 4 5 6 8 65 5 48 5 100 0 50 1 44 2 43 1 99 5 62 9 93 1 50 6 57 5 28 3 13 9 60 4 97 0 74 7 2 7 45 2 51 1 11 6 80 1 38 2 5 5 55 5 36 7 6 3 71 1 52 1 57 5 70 0 52 
50 6 38 6 7 3 58 9 60 6 86 9 74 9 38 8 18 6 73 9 59 0 85 6 17 3 61 8 58 1 86 7 59 6 27 6 77 4 32 3 52 9 22 8 32 9 43 5 46 8 95 3 31 1 21 6 15 6 85 2 12 4 80 2 51 0 25 8 41 5 47 8 91 4 9 4 74 8 43 6 2 7 23 5 78 6 44 4 2 3 92 3 76 2 16 7 38 3 60 0 45 
50 7 61 1 57 9 29 6 76 7 8 5 72 0 100 2 45 5 2 6 11 0 92 2 29 3 75 6 36 1 76 1 18 6 9 2 86 1 73 6 9 1 50 7 8 9 35 3 27 6 10 7 27 4 22 8 7 1 68 8 35 4 33 5 6 8 39 2 69 3 97 3 1 1 37 2 98 1 30 3 95 7 49 0 36 4 55 9 22 2 85 4 1 4 72 0 68 0 91 4 67 
50 2 48 4 66 8 43 1 37 5 24 7 92 3 95 2 58 7 85 0 40 3 31 2 75 9 5 2 15 8 80 0 66 7 56 4 86 5 12 0 29 7 80 5 32 7 36 6 5 5 98 0 1 9 42 3 95 4 42 9 99 6 23 9 100 1 96 1 86 0 58 4 34 3 46 6 26 9 77 7 75 6 49 2 98 1 15 5 59 6 48 0 97 9 34 2 55 1 81 4 53 
50 5 18 1 64 5 17 4 54 0 94 6 34 9 59 8 1 8 85 2 73 3 3 8 90 8 68 6 93 1 61 5 35 8 56 5 87 7 58 0 81 6 13 8 100 1 17 2 79 1 75 3 1 0 52 2 95 5 92 3 32 6 26 7 94 2 28 5 65 0 28 8 63 2 59 1 94 0 37 9 2 0 85 0 66 0 11 1 62 5 36 8 2 0 100 8 31 7 10 6 81 
50 9 30 6 36 1 2 4 6 7 66 8 34 4 93 6 89 8 29 0 33 0 10 2 36 0 83 7 27 9 76 5 98 3 74 3 99 5 73 5 51 4 97 5 4 8 40 1 32 0 82 4 39 8 51 0 7 8 81 7 37 4 10 2 86 3 5 2 98 0 95 7 42 2 98 9 20 1 61 6 22 0 72 2 77 0 82 4 31 5 38 0 100 9 82 3 81 4 21 5 25 
50 1 5 9 65 6 78 8 70 2 55 4 43 2 10 5 49 7 71 6 95 8 26 7 8 1 80 2 76 9 80 0 2 7 48 7 88 6 7 4 42 1 85 4 49 3 84 1 8 4 12 8 64 6 36 9 52 8 49 9 85 9 90 4 44 5 41 5 100 5 3 0 94 9 10 3 32 6 49 0 55 9 62 2 70 9 49 0 63 8 83 3 34 6 49 9 8 6 33 3 48 
50 6 30 3 47 3 64 1 81 4 63 5 50 4 26 5 49 3 63 3 36 0 1 3 15 1 91 6 5 3 64 1 51 9 53 0 79 3 21 6 69 0 23 7 34 0 20 4 9 2 1 0 24 0 1 2 86 2 93 1 60 5 40 4 41 5 49 4 4 5 94 1 1 6 57 1 77 1 19 4 43 6 34 9 34 2 25 0 5 1 29 8 6 8 54 2 61 2 21 2 100 
