10 10
50 4 98 2 75 2 37 1 8 2 84 1 47 6 58 8 34 6 32 3 98 6 73 3 73 8 7 8 38 7 62 6 28 8 55 5 77 2 56 2 18 2 97 0 93 4 39 9 24 5 40 0 85 1 70 2 70 0 77 5 38 6 50 2 100 5 90 1 31 6 39 7 63 7 27 4 87 8 93 4 19 5 26 1 50 0 22 3 79 3 4 6 36 1 93 1 29 5 72 6 16 
50 6 51 8 43 0 81 8 60 2 39 3 43 3 76 9 76 9 80 9 85 2 37 9 99 0 18 8 30 5 40 3 89 8 20 0 29 9 2 9 49 4 15 5 74 5 55 6 25 4 50 0 87 7 12 4 95 3 24 4 22 9 46 1 45 0 97 7 41 9 2 0 40 5 2 2 10 3 93 3 23 7 52 3 29 8 42 0 43 9 73 6 49 3 73 7 47 8 40 5 54 
50 4 54 5 18 5 48 9 67 7 17 2 87 3 34 3 87 3 60 9 58 6 5 2 16 2 78 7 50 8 94 2 86 7 95 7 97 4 98 5 46 1 100 6 14 7 94 1 9 3 29 5 47 6 20 2 41 5 45 7 65 7 80 6 73 8 38 4 1 6 71 7 95 1 2 2 94 5 17 3 30 1 43 5 93 7 22 8 85 5 12 6 91 0 57 5 34 2 99 4 6 
50 9 3 0 72 3 39 5 13 8 60 3 58 4 7 5 41 1 74 5 14 1 1 0 98 0 17 2 53 8 100 0 4 1 79 4 46 1 90 2 98 9 76 8 88 7 44 2 88 0 65 7 14 7 91 6 32 0 30 5 21 0 95 5 11 2 96 8 64 3 99 8 42 9 17 4 19 5 51 8 51 2 59 4 50 7 90 8 47 5 74 4 74 9 23 9 67 6 45 3 44 
50 1 79 9 10 7 14 5 15 5 57 6 8 1 53 8 97 5 94 9 26 0 21 2 2 8 74 1 41 7 7 6 24 3 84 3 87 1 52 3 58 5 54 7 90 6 7 5 63 6 34 3 46 2 73 2 62 3 70 1 55 8 32 7 95 0 30 2 14 1 100 6 83 0 70 1 68 0 53 6 37 1 35 2 99 6 49 5 38 8 7 0 20 5 45 4 41 7 39 5 48 
50 1 58 7 73 0 87 5 66 7 69 1 16 8 92 8 69 7 7 5 53 1 58 8 21 5 81 1 60 5 41 2 47 6 72 9 57 5 18 7 67 2 20 6 11 5 84 0 96 0 98 8 54 7 65 8 52 4 51 4 30 1 61 7 8 7 17 2 78 1 61 4 36 6 90 4 52 8 5 8 37 9 70 9 71 8 37 5 79 0 37 6 88 9 3 2 64 4 58 5 13 
50 2 15 1 89 8 72 6 74 1 67 3 67 6 47 2 6 5 56 8 13 8 95 5 28 9 8 9 2 9 8 6 12 2 4 5 61 8 23 8 25 6 90 4 40 6 11 7 67 9 81 4 85 2 24 6 71 8 26 7 5 3 76 0 19 2 74 2 45 1 86 0 90 2 18 4 23 6 42 6 75 8 22 3 65 3 28 1 73 9 80 1 32 9 30 3 9 5 74 4 96 
50 9 39 3 64 3 20 4 88 9 84 4 7 7 91 5 84 1 66 6 2 4 94 1 51 4 35 4 75 1 3 3 36 1 42 0 47 9 95 0 16 6 23 7 44 8 32 9 98 6 67 9 36 1 77 5 13 4 7 9 35 8 10 7 87 9 85 0 2 3 68 4 4 4 56 8 83 3 84 7 62 2 35 2 50 1 4 1 47 0 15 8 36 8 63 3 33 1 32 2 75 
50 8 60 1 16 9 76 0 78 7 89 0 39 0 26 4 77 6 94 4 72 3 71 1 8 7 38 7 98 3 89 1 2 3 21 4 68 8 88 5 14 1 34 0 4 2 87 6 27 7 52 5 23 4 90 1 20 2 74 7 81 8 40 5 46 4 39 9 22 5 35 0 44 9 66 3 53 9 56 3 79 8 21 4 1 4 65 9 57 9 47 7 55 0 32 3 80 4 7 7 54 
50 3 13 5 26 6 37 1 55 2 36 3 42 4 96 0 20 8 73 0 71 0 16 4 38 3 75 9 16 0 85 5 34 6 74 5 40 6 82 5 35 6 11 7 37 2 61 8 47 6 53 2 70 7 29 7 78 2 26 8 37 9 8 7 50 0 38 4 16 2 8 4 22 9 53 3 92 1 90 2 54 6 57 5 3 8 37 5 57 4 20 1 93 8 7 4 92 5 21 0 53 
