10 10
50 9 85 3 79 9 14 4 12 6 51 4 20 9 36 7 4 1 74 0 11 6 24 8 37 1 49 0 25 6 71 2 17 2 53 0 49 6 64 2 8 6 8 3 20 2 53 8 44 7 2 6 25 4 89 9 60 7 100 4 43 2 50 5 4 8 78 7 13 1 61 9 23 8 90 4 42 6 58 9 99 8 8 6 87 4 18 3 26 1 79 6 49 3 41 8 77 1 58 8 70 
50 6 60 4 5 2 82 7 75 9 18 6 7 9 17 2 55 5 24 8 62 0 21 6 91 2 1 2 74 2 18 6 49 1 23 5 33 2 30 7 69 4 86 4 65 8 30 1 6 6 55 6 83 7 26 4 20 4 42 2 53 9 54 7 51 5 69 0 92 5 71 9 59 0 36 7 30 1 30 0 13 9 10 0 45 8 39 1 9 8 83 4 34 7 50 2 40 2 7 4 59 
50 4 76 4 71 4 38 9 22 4 6 3 49 2 41 5 5 6 88 2 76 8 81 6 95 8 64 0 33 1 9 3 76 2 78 2 86 3 3 2 58 1 96 3 63 8 71 9 55 9 64 0 28 6 85 5 18 4 100 2 68 6 70 8 52 9 90 1 50 2 76 2 94 8 25 7 89 1 74 2 17 5 41 1 38 8 43 1 77 4 26 6 90 7 79 5 40 7 88 9 100 
50 1 49 8 84 3 27 7 75 6 21 9 86 4 100 5 24 2 36 9 79 2 77 3 40 4 64 7 89 5 38 8 15 0 25 3 31 1 40 5 96 6 30 6 85 7 59 9 14 6 90 4 84 7 6 2 1 2 38 9 16 6 92 8 55 0 27 7 93 4 35 9 91 0 72 0 43 3 67 2 12 2 78 8 50 1 88 8 23 2 86 3 28 9 77 8 97 9 67 3 6 
50 7 77 3 52 9 95 7 96 3 6 9 86 0 55 8 83 7 35 6 67 6 90 0 63 2 17 5 42 9 12 4 55 2 72 9 68 5 14 9 22 0 62 7 81 0 10 2 67 9 9 5 25 6 84 7 22 4 61 0 20 7 57 6 85 0 94 3 3 0 75 6 8 1 50 9 21 8 98 5 94 9 54 8 72 2 6 0 13 1 18 7 32 8 80 1 3 4 70 5 17 
50 1 5 0 42 4 70 2 52 9 90 8 99 0 25 3 38 3 37 6 71 3 8 0 92 1 27 4 23 0 47 6 10 6 79 4 11 6 94 1 56 9 38 3 5 6 100 0 33 7 22 8 2 3 6 9 21 2 71 0 20 2 48 9 29 3 41 7 75 1 74 6 47 6 39 7 49 4 17 6 11 2 52 4 10 2 12 0 32 9 57 1 35 2 58 2 95 1 7 8 74 
50 2 40 3 44 2 39 1 30 4 85 5 1 6 98 0 45 6 71 1 74 9 27 0 35 3 21 6 85 7 42 1 27 3 35 4 88 4 77 7 32 3 69 8 87 4 97 8 99 0 93 0 79 3 73 6 57 3 56 7 88 9 48 0 17 7 53 0 40 5 7 1 8 8 1 0 15 3 99 9 21 7 11 0 15 9 16 6 16 6 76 8 33 6 51 6 4 1 40 8 78 
50 4 41 7 40 6 19 2 11 7 97 0 5 0 88 1 63 0 3 8 22 5 99 7 65 9 20 1 81 7 84 2 72 6 86 5 75 7 42 9 96 2 18 5 18 6 38 0 89 4 54 1 59 7 62 9 51 7 58 1 52 4 30 5 74 3 18 5 73 3 89 9 87 2 27 7 89 6 87 5 87 7 19 9 56 7 84 4 24 0 61 0 45 8 64 6 12 2 20 8 4 
50 9 35 2 89 4 87 7 68 6 58 5 31 0 16 8 44 1 70 6 5 5 14 9 73 2 38 8 3 4 81 0 20 7 65 7 69 4 69 7 39 5 73 1 72 1 34 9 68 1 97 4 4 0 10 9 49 2 23 7 41 8 66 2 63 3 1 4 83 5 60 9 87 9 2 4 4 5 95 7 26 1 95 6 18 6 40 9 19 5 91 4 7 3 8 3 86 6 53 9 27 
50 0 78 1 1 6 34 8 57 0 98 0 60 6 55 9 33 0 85 8 88 7 50 7 30 7 93 9 39 3 13 4 34 8 89 3 38 1 57 9 60 4 93 1 87 1 70 3 14 0 4 9 40 5 10 7 49 1 63 1 89 8 83 1 56 1 13 7 6 6 92 1 15 3 49 2 18 5 92 1 74 6 32 4 5 2 69 7 72 2 68 8 31 0 43 4 43 8 89 4 78 
