10 10
50 9 47 6 52 2 92 5 5 5 79 7 69 3 84 2 58 5 34 9 22 7 18 5 13 7 80 2 31 7 37 3 23 3 50 6 75 9 46 2 69 9 30 1 3 0 37 2 3 8 22 1 98 2 44 0 15 0 42 3 22 6 17 8 69 5 58 9 84 0 21 3 52 8 45 6 49 8 3 3 93 8 44 6 81 8 58 0 18 0 87 5 48 2 85 3 69 9 21 3 87 
50 7 7 4 1 2 60 6 94 2 60 2 45 3 5 8 86 8 63 3 100 7 62 8 82 8 36 9 48 3 33 8 16 0 70 0 54 5 14 7 29 7 28 3 45 0 70 8 1 5 40 3 71 3 59 0 84 5 76 4 5 9 92 1 62 3 99 3 45 4 85 3 97 8 46 6 32 0 17 7 1 9 17 3 54 2 1 2 96 3 60 5 35 8 68 1 28 3 57 9 74 
50 8 23 6 13 2 10 8 13 2 57 3 10 1 33 8 23 3 5 7 65 0 100 5 78 9 66 9 23 6 10 1 97 5 48 7 11 2 62 2 86 3 54 9 100 3 28 7 100 1 35 2 82 9 97 5 55 4 80 9 45 7 72 9 38 2 50 4 20 6 73 0 7 8 100 1 37 8 29 4 32 9 73 4 93 2 1 7 30 2 33 1 54 7 22 7 37 4 63 1 93 
50 1 63 6 83 6 10 3 63 4 81 2 33 9 72 5 5 8 59 3 99 4 39 3 89 7 16 6 91 1 93 6 11 8 27 4 30 4 55 5 32 2 8 4 74 8 13 0 67 4 62 1 13 6 79 0 89 1 7 2 22 2 41 3 69 9 48 9 37 4 12 0 85 7 23 0 78 6 67 2 75 7 48 2 43 3 81 4 19 4 12 7 43 1 91 3 35 3 96 9 97 
50 9 40 6 31 2 23 0 2 4 15 4 6 5 15 9 26 9 99 7 35 1 11 0 53 9 92 4 26 7 93 2 88 4 35 1 26 0 96 4 95 4 85 5 31 8 46 8 81 5 1 8 53 7 97 9 48 5 4 7 87 4 76 1 98 0 34 0 24 3 3 8 43 7 32 4 31 8 93 5 90 4 13 5 76 6 99 9 70 5 27 3 51 9 32 9 14 0 55 9 69 
50 0 56 2 8 8 20 0 79 7 12 7 50 3 30 5 40 1 90 3 1 4 38 9 40 5 41 2 80 9 23 7 78 4 60 2 10 4 7 8 52 2 22 2 30 7 63 9 66 1 75 3 79 3 75 7 90 7 64 2 77 4 61 6 88 8 20 4 68 9 17 2 21 2 53 1 96 5 75 5 53 2 52 3 17 0 17 0 88 0 80 8 100 1 44 3 30 1 74 1 86 
50 5 60 3 4 7 69 0 65 7 66 3 15 1 88 3 46 4 50 2 1 6 61 2 34 1 96 5 17 9 5 3 99 3 84 3 37 8 13 5 74 2 64 7 70 1 14 2 55 1 28 2 51 4 58 2 92 8 32 1 98 6 82 6 54 2 34 3 78 9 94 8 86 5 62 0 46 5 49 1 41 5 3 1 20 9 75 2 11 2 35 9 7 5 12 8 42 6 42 9 15 
50 8 23 2 60 8 30 6 31 9 18 4 16 7 4 4 95 9 75 4 83 0 93 1 29 3 56 2 82 3 99 4 24 8 94 8 18 2 94 3 84 7 81 8 26 6 82 8 69 4 89 4 5 5 69 3 30 4 67 0 48 3 50 0 95 9 73 0 35 8 52 3 62 3 91 4 30 8 44 5 78 7 96 6 74 6 90 6 20 4 24 9 27 3 63 4 47 5 5 4 91 
50 5 61 6 34 5 69 6 71 2 65 4 69 4 34 7 16 5 3 4 39 3 16 2 11 8 27 4 6 6 44 4 49 5 73 1 56 9 78 8 12 5 30 6 13 1 66 4 39 5 36 0 11 2 36 7 45 1 94 9 11 5 39 4 75 5 84 2 12 9 42 9 9 2 84 3 56 6 25 8 36 9 46 0 31 5 17 2 63 3 56 2 28 0 33 4 40 9 68 8 91 
50 9 2 8 72 0 71 9 34 6 48 3 68 0 17 1 64 4 38 6 76 5 55 3 47 3 66 7 45 9 66 0 66 8 80 5 15 7 6 3 50 0 40 1 96 9 73 7 14 9 28 8 40 9 76 1 14 4 67 1 63 9 16 8 29 6 23 8 43 3 49 3 30 5 10 3 94 3 90 8 84 7 67 4 22 5 77 7 94 9 19 7 42 1 38 8 94 7 93 2 52 
