10 10
50 2 81 7 80 2 74 6 17 8 87 9 39 8 51 0 47 1 61 6 46 8 77 0 14 6 19 9 16 6 16 3 51 1 96 7 66 0 17 8 71 7 72 4 94 0 1 8 4 3 3 3 24 8 77 6 93 4 35 6 92 8 4 8 80 1 4 3 72 2 73 6 61 0 80 0 54 7 46 7 73 3 16 7 44 4 67 3 58 2 22 5 44 1 12 8 51 8 50 8 31 
50 4 9 0 6 7 14 5 77 2 44 4 3 3 7 8 14 0 8 6 33 2 38 0 12 6 71 2 10 9 10 6 89 4 94 7 56 9 5 8 73 5 94 9 93 3 21 2 62 7 24 8 66 7 81 3 53 2 20 3 62 0 27 0 88 8 69 8 53 6 36 0 28 0 25 8 58 1 36 0 42 5 14 5 52 4 71 8 76 9 64 9 88 2 91 3 92 7 13 6 78 
50 8 45 8 16 7 30 3 51 5 86 3 20 8 41 0 17 6 50 6 78 4 69 3 85 8 100 9 33 1 85 7 5 6 94 4 7 0 31 9 95 8 97 2 95 4 84 7 40 5 79 4 38 2 41 7 32 3 16 2 82 8 23 9 97 8 86 9 92 7 55 8 54 8 62 1 1 7 96 5 19 9 46 6 6 9 32 6 7 6 14 0 93 2 87 7 63 7 45 6 83 
50 7 47 3 67 8 83 4 90 6 26 7 35 2 47 8 97 1 86 7 44 5 42 5 6 0 20 8 44 8 72 4 92 7 83 5 27 8 68 8 86 6 89 3 90 4 72 2 27 9 78 9 47 7 40 8 91 3 96 2 80 7 8 9 39 7 68 2 61 0 40 6 5 4 4 9 18 4 56 4 15 6 6 9 39 8 64 5 61 6 61 4 34 8 22 8 28 9 72 2 68 
50 6 68 6 96 3 26 1 98 0 95 0 94 9 23 3 11 2 96 1 28 8 12 4 8 9 78 7 5 6 12 6 4 5 34 8 13 3 26 1 78 2 65 2 82 5 24 1 69 9 47 7 55 8 25 8 79 0 70 9 34 1 18 4 100 2 48 4 42 4 34 5 95 0 92 7 93 0 18 4 30 1 43 5 71 1 96 2 94 8 72 9 63 8 29 4 85 0 82 3 75 
50 9 11 4 55 2 82 6 88 0 42 7 54 0 84 2 61 5 75 7 20 3 35 6 86 9 26 9 85 6 51 9 67 5 26 3 26 7 11 8 42 6 83 7 82 2 59 7 92 1 34 0 85 6 79 4 79 7 10 1 65 0 69 2 49 7 49 3 11 8 92 7 66 9 42 9 80 2 100 6 94 1 60 6 61 9 86 5 42 2 21 8 16 2 3 6 51 4 62 7 64 
50 1 36 1 5 6 86 4 53 6 44 7 55 1 76 2 31 5 90 9 72 3 44 6 89 0 84 1 84 9 52 4 17 4 42 1 61 2 10 1 76 5 94 9 4 4 78 1 12 7 37 0 13 3 45 0 58 3 53 4 97 4 33 7 83 7 50 2 42 7 1 8 79 6 74 0 39 6 98 4 8 8 59 1 62 9 30 9 15 1 61 5 93 2 30 7 80 6 60 8 94 
50 1 43 0 53 1 24 8 27 2 3 3 97 7 42 8 82 4 77 6 89 9 78 9 96 2 89 5 26 8 19 4 47 3 32 5 80 7 63 5 55 1 81 9 68 5 25 2 56 8 93 3 46 6 96 1 36 5 25 2 3 4 86 8 8 2 86 9 56 9 29 6 32 5 34 5 88 4 87 5 72 6 89 2 36 8 71 6 60 4 85 1 26 0 20 0 57 5 15 0 76 
50 6 31 5 30 2 20 7 70 2 56 9 75 5 87 7 42 8 17 6 24 6 51 0 22 4 34 8 27 5 75 2 8 1 43 5 38 8 100 5 24 8 15 4 91 9 56 5 74 5 6 7 100 5 7 6 22 7 48 1 37 0 43 5 86 5 56 4 99 2 94 1 66 8 67 1 36 1 2 5 68 7 67 5 76 4 40 9 7 1 26 5 78 3 12 8 63 7 32 7 67 
50 0 93 9 9 7 48 9 34 0 41 0 93 0 26 3 100 7 73 7 40 7 74 1 42 8 58 1 15 9 47 1 57 9 52 4 50 8 58 7 58 2 21 9 3 4 71 2 6 5 57 5 44 9 27 9 72 5 83 6 98 9 6 8 70 7 5 0 15 9 82 8 28 5 88 8 30 0 60 0 30 5 16 6 40 9 28 6 80 7 32 8 56 5 50 9 38 9 95 1 1 
