10 10
50 7 74 0 53 7 26 5 64 9 75 2 77 1 53 4 45 3 15 7 71 5 79 1 20 4 82 9 51 4 64 7 25 7 67 9 94 5 60 9 68 9 17 1 82 8 25 9 68 8 84 3 28 4 83 5 93 5 91 7 44 3 34 9 19 3 49 1 11 8 68 4 25 3 64 9 68 6 42 9 3 6 96 5 4 0 74 2 7 7 76 5 46 4 43 5 100 5 89 3 31 
50 2 79 3 46 1 53 4 12 2 55 7 71 8 41 0 97 6 60 0 4 6 74 2 96 3 44 1 8 2 18 5 49 5 83 7 85 8 80 0 61 3 23 0 74 4 11 5 77 8 4 1 100 7 39 9 45 9 6 5 81 2 55 7 63 4 45 8 84 8 23 1 34 3 36 1 41 8 31 0 46 9 54 3 89 7 59 7 65 1 92 8 49 2 62 7 19 9 53 5 92 
50 1 97 1 44 8 98 8 81 4 83 3 34 1 20 8 66 5 35 2 27 2 43 8 97 2 4 9 89 9 76 9 74 9 82 7 4 9 64 4 35 9 39 9 93 9 38 5 12 0 57 9 6 0 42 2 42 1 28 9 1 7 4 0 69 2 65 5 69 3 100 5 4 5 69 4 65 5 21 5 84 2 93 8 10 0 11 2 69 8 65 5 89 9 46 1 47 4 63 6 22 
50 6 43 1 69 4 47 2 46 4 51 4 86 2 21 0 13 9 74 0 18 0 6 6 41 8 5 4 93 5 81 6 69 0 55 1 82 7 53 7 36 9 14 3 57 2 49 2 70 2 88 6 87 7 2 8 75 1 43 8 69 8 71 5 21 9 87 8 62 8 40 7 26 8 24 8 93 9 44 9 89 9 42 9 6 2 31 5 18 4 63 5 28 3 71 0 37 8 34 2 27 
50 6 74 3 82 7 66 5 87 9 73 4 68 3 44 0 63 6 95 7 37 2 42 4 38 0 43 3 99 5 85 1 32 9 84 6 52 2 44 4 6 7 5 3 85 6 5 2 26 7 54 0 15 2 36 3 56 2 34 0 88 5 77 7 55 5 54 7 96 0 61 2 81 8 50 3 48 2 64 0 79 8 24 9 64 9 12 0 52 0 85 6 9 9 38 0 70 2 83 7 4 
50 5 39 1 14 0 30 5 32 7 81 6 86 9 89 5 59 4 91 3 9 9 43 8 24 7 11 5 77 4 38 1 37 4 81 4 39 3 82 9 43 8 15 6 63 3 94 5 88 5 45 6 70 1 84 3 19 9 70 8 3 4 72 4 99 5 12 2 64 5 60 5 94 1 74 5 77 9 67 3 12 3 71 2 68 7 17 1 49 9 14 7 32 6 54 5 14 6 33 9 54 
50 2 11 4 60 3 85 0 89 5 19 8 77 4 87 6 27 4 45 2 89 1 60 1 79 5 64 1 37 2 43 5 37 5 76 5 76 6 47 4 30 2 27 0 40 0 49 2 69 9 66 8 77 5 55 5 36 4 87 2 16 5 50 5 17 1 15 0 32 5 85 6 92 9 95 2 40 8 43 0 38 5 54 9 9 5 18 5 87 5 48 2 19 2 40 9 85 4 13 9 22 
50 9 94 5 70 5 74 0 97 8 77 6 56 9 47 6 87 2 10 3 98 4 61 5 60 6 74 0 5 2 19 9 25 9 100 5 15 4 2 4 55 2 21 1 25 9 96 9 30 9 45 5 95 3 27 7 17 0 67 3 97 2 89 1 40 3 41 1 87 9 32 5 94 6 60 3 34 9 51 8 72 4 35 8 5 3 92 4 16 2 29 1 40 1 71 6 85 9 42 3 49 
50 5 91 6 9 1 65 5 55 1 22 6 70 4 2 9 22 8 14 9 46 2 83 1 29 9 28 5 96 0 59 3 14 8 15 8 81 8 76 0 23 5 75 8 35 8 51 6 24 8 49 1 78 3 14 5 86 8 71 9 26 9 72 3 11 3 84 5 1 4 63 2 28 8 81 2 15 8 90 6 95 7 56 0 26 1 93 4 47 7 1 6 29 0 75 6 45 0 83 1 15 
50 5 87 2 86 9 30 7 10 5 20 2 54 1 77 7 11 2 1 0 98 7 55 7 62 2 58 5 28 8 84 9 22 4 28 2 66 2 12 4 14 4 83 1 97 4 65 3 23 1 25 5 2 5 84 6 18 1 71 3 37 9 72 2 96 0 26 9 94 0 7 6 14 8 10 5 22 0 67 8 81 4 36 7 20 8 83 7 13 3 82 8 95 8 83 4 27 2 24 6 14 
