10 10
50 6 35 1 89 0 38 2 66 6 65 4 81 4 24 6 5 8 8 1 95 0 100 1 30 9 68 3 76 9 46 4 64 5 80 3 77 5 44 9 53 4 45 0 26 3 73 9 23 4 17 4 41 5 91 9 52 7 9 4 40 9 99 4 3 7 28 5 58 6 62 1 10 4 96 0 42 4 27 0 37 6 71 4 93 4 90 8 66 0 82 7 77 8 8 5 19 2 11 1 31 
50 8 50 4 73 2 27 4 33 7 39 0 35 3 34 6 40 3 27 9 21 2 46 5 4 7 84 6 77 7 64 6 6 5 78 2 51 7 58 9 80 0 64 6 44 5 63 5 64 9 7 7 60 8 44 3 77 5 53 0 20 4 68 3 28 6 71 2 89 9 22 9 38 4 51 2 27 0 78 0 5 3 91 9 24 7 30 4 35 6 7 3 26 7 96 2 62 5 6 8 89 
50 8 65 2 16 4 85 9 61 2 87 6 50 1 22 0 18 3 47 0 57 1 20 3 2 3 45 4 56 6 72 3 97 2 51 2 56 4 84 2 46 4 52 4 39 6 39 2 45 1 33 9 16 4 12 2 29 9 75 1 13 6 17 4 90 2 99 7 33 9 65 0 68 6 62 0 81 1 10 2 65 5 89 8 87 1 54 4 33 1 4 3 15 6 71 5 47 0 78 7 33 
50 2 96 9 86 5 38 5 8 9 72 2 89 8 83 6 95 0 48 4 69 7 13 4 36 0 93 3 1 2 37 9 40 4 11 2 14 4 20 2 11 9 26 9 16 0 15 8 18 2 67 2 13 0 41 1 13 9 41 8 13 3 51 8 42 0 56 6 59 2 14 6 46 3 68 5 72 5 97 7 52 3 5 6 11 4 55 0 78 6 23 5 77 8 46 9 91 5 70 9 80 
50 1 97 3 62 6 43 8 24 4 4 6 45 1 43 5 70 2 50 1 20 5 66 8 76 0 11 4 78 7 22 8 91 4 18 3 89 8 82 0 94 3 98 9 16 5 16 6 65 2 1 7 82 0 72 5 63 9 8 1 51 3 36 5 15 8 29 4 94 4 33 8 49 6 95 1 74 3 30 0 9 3 36 9 47 0 90 7 54 3 6 5 90 6 86 2 33 9 12 4 59 
50 3 4 4 62 1 13 6 76 5 13 9 43 8 78 6 66 4 6 1 7 3 79 0 2 3 35 1 90 1 51 4 35 0 54 1 90 5 8 7 18 1 47 9 91 9 96 8 14 4 96 1 39 7 61 5 1 4 49 2 90 8 60 2 87 8 65 4 32 4 27 2 41 5 41 2 57 2 35 2 18 7 88 0 3 4 11 7 10 4 90 9 74 2 96 3 8 7 37 9 76 
50 2 23 5 69 9 99 2 58 0 71 8 92 2 29 4 90 2 25 7 99 1 99 6 47 8 98 4 63 1 99 4 84 9 55 5 6 0 85 3 65 3 98 5 95 5 18 1 44 8 71 7 22 1 50 7 54 3 86 8 42 5 93 5 78 5 69 2 75 1 65 8 47 2 68 7 25 1 38 2 50 8 71 6 33 9 55 5 81 3 51 2 76 9 39 0 17 1 80 1 39 
50 8 93 3 92 5 35 4 20 9 89 0 35 4 27 8 95 8 86 8 76 0 90 2 16 0 73 1 92 1 34 6 5 5 94 7 30 8 26 1 69 7 19 1 81 5 1 0 94 7 71 5 60 7 80 8 70 0 94 6 86 7 85 9 96 1 97 6 56 0 61 3 38 8 91 7 58 0 53 7 77 7 83 5 96 1 79 9 27 7 82 9 27 4 72 3 72 5 77 5 87 
50 1 51 1 39 0 99 7 6 5 47 3 89 1 75 7 88 9 82 9 74 0 42 1 88 2 86 3 56 0 8 8 67 5 16 3 77 6 80 7 60 5 83 7 97 5 21 4 15 7 85 6 91 4 60 5 34 1 48 9 81 6 79 8 12 0 82 9 44 4 88 1 100 8 30 6 35 0 64 0 29 6 59 3 17 2 39 3 40 5 61 0 7 8 60 0 57 1 91 0 50 
50 9 27 3 79 8 48 9 69 6 51 6 68 8 10 8 62 0 67 3 8 9 8 6 79 4 74 9 20 6 88 5 15 9 16 3 33 1 92 6 74 1 4 7 3 5 79 8 77 6 82 2 5 3 33 8 83 1 16 4 53 3 76 2 52 9 31 0 56 5 23 5 2 9 67 2 22 8 48 9 51 2 61 9 80 9 46 2 36 5 99 7 77 8 12 7 17 8 39 9 77 
