10 10
50 6 18 1 42 5 75 1 3 2 22 8 30 4 77 2 31 0 40 4 66 3 98 1 84 1 22 9 42 1 85 4 26 3 56 3 47 6 80 5 31 6 7 4 75 8 32 3 67 9 67 9 25 0 27 1 76 4 69 6 53 5 29 6 8 3 91 0 42 9 17 5 71 4 40 9 90 5 6 9 73 3 75 2 41 6 69 2 53 5 92 4 61 8 68 6 91 6 94 6 18 
50 4 77 8 33 8 45 6 42 9 18 1 30 6 4 2 35 8 5 5 77 5 24 2 57 7 73 0 31 4 56 0 8 2 30 9 46 2 88 2 6 6 28 8 16 4 14 7 36 7 72 4 86 5 50 2 98 7 36 5 87 7 12 7 82 0 4 4 85 6 100 1 58 1 59 6 51 1 86 1 60 6 5 4 20 1 2 5 88 0 11 3 95 3 87 2 46 5 54 3 73 
50 8 48 7 46 2 20 1 24 5 33 0 51 7 59 1 78 6 78 1 53 3 98 0 15 9 74 3 5 6 80 2 51 9 64 2 40 5 43 5 90 9 34 8 50 6 50 2 97 2 85 4 31 5 87 5 2 7 81 4 52 8 65 2 45 8 56 5 7 9 91 7 16 6 41 8 3 0 38 7 93 6 29 7 63 2 58 8 31 6 34 4 63 0 59 8 77 4 19 7 62 
50 6 61 3 75 8 5 3 13 2 86 3 63 2 66 4 29 5 54 4 50 7 12 9 7 2 86 8 3 8 93 1 12 7 47 0 39 8 96 4 9 9 49 4 9 3 63 5 19 7 2 3 54 5 41 9 52 1 64 1 42 1 17 6 50 9 69 2 53 9 83 3 73 1 53 3 55 3 97 3 24 0 89 6 61 7 6 9 80 1 71 5 15 6 6 9 25 4 36 4 95 
50 6 18 0 96 3 40 3 23 3 73 3 30 5 72 0 47 6 45 6 91 5 14 5 62 9 87 6 6 5 82 9 22 2 31 0 37 5 50 9 58 2 2 6 46 7 1 7 32 8 68 5 22 7 71 5 12 3 30 5 66 8 68 6 76 1 89 2 10 4 17 4 68 2 8 9 2 8 92 8 93 8 44 6 94 3 98 1 6 6 55 6 99 4 34 9 5 5 17 8 13 
50 3 77 2 5 1 100 5 91 2 28 5 93 8 76 4 8 7 63 6 67 4 31 8 31 8 7 5 50 0 40 4 97 1 80 8 23 5 90 4 86 4 33 7 96 8 54 3 21 5 89 0 98 6 73 9 56 2 94 9 88 9 94 2 73 4 88 2 42 2 79 2 28 9 47 4 83 7 6 7 70 7 22 0 18 6 12 6 42 7 87 5 29 7 34 6 8 5 79 9 7 
50 7 1 0 39 4 60 1 7 9 24 1 53 5 89 7 91 0 2 9 95 5 47 5 82 0 91 5 20 3 2 9 38 0 71 5 29 1 39 8 25 4 49 6 52 9 13 8 93 1 68 8 7 4 95 1 30 9 7 2 52 8 54 9 29 7 92 4 99 9 2 8 64 9 67 5 58 9 48 1 53 8 49 9 64 7 42 2 51 3 69 9 12 5 22 6 49 0 23 4 89 
50 6 91 1 31 7 29 0 58 9 54 2 89 4 39 0 2 2 28 5 2 7 45 6 8 0 98 3 55 7 70 4 43 0 78 5 13 2 69 0 56 1 15 9 46 9 68 9 66 9 2 5 51 0 76 1 7 1 85 4 23 6 85 7 45 9 64 2 80 8 50 0 90 5 81 6 11 1 15 2 83 8 39 7 80 4 22 6 66 1 87 6 28 4 79 7 12 1 49 8 93 
50 2 33 9 80 2 71 4 97 1 82 4 97 3 16 1 2 0 30 5 39 3 57 5 67 7 7 7 57 1 4 2 86 0 53 6 32 6 5 3 83 8 46 0 20 1 35 5 46 0 40 8 20 9 78 7 91 6 88 7 45 8 50 9 97 6 82 5 30 8 86 7 74 1 39 5 92 0 39 6 43 8 71 2 78 4 38 5 32 4 84 6 11 1 95 3 37 6 76 1 97 
50 8 89 7 26 5 88 4 60 7 3 1 60 5 50 6 12 1 52 2 48 1 88 3 47 7 80 2 63 5 8 8 23 0 86 6 40 6 84 8 13 1 54 7 2 2 13 4 79 3 21 7 56 5 68 6 82 8 94 4 62 9 90 2 42 8 27 0 67 6 5 9 34 6 26 5 4 0 18 8 66 6 77 4 23 5 1 0 86 8 18 0 20 8 83 1 53 5 5 4 96 
