10 10
50 9 55 9 3 2 45 5 38 5 51 1 37 8 75 1 53 9 51 5 40 9 100 4 16 4 93 3 86 5 28 1 33 4 95 1 14 4 61 6 3 6 89 3 46 6 18 8 90 7 57 8 68 8 5 2 32 7 27 5 56 4 29 6 69 9 7 0 7 0 36 3 6 8 42 0 41 5 38 1 43 9 40 1 30 2 93 6 66 9 16 9 73 6 10 6 58 8 100 1 95 
50 5 92 3 25 8 86 4 65 0 42 5 60 8 79 0 49 3 69 5 69 5 54 8 38 8 87 0 40 2 98 5 95 9 8 2 34 0 93 0 11 6 98 7 16 2 31 1 24 1 66 6 95 1 30 2 68 1 7 3 77 8 24 6 87 2 8 9 12 2 26 1 44 1 6 0 68 8 37 9 21 8 61 1 23 2 34 8 61 1 53 1 61 5 76 5 90 4 46 7 48 
50 1 61 8 21 7 14 3 63 1 26 5 54 3 83 4 9 8 58 1 13 5 67 0 6 8 92 9 9 3 69 7 49 4 87 4 45 9 11 2 45 0 54 2 16 4 59 7 66 0 84 2 70 3 36 1 36 9 14 3 75 6 66 5 1 4 43 6 64 6 60 6 12 5 47 3 80 1 5 4 78 3 25 5 18 7 39 1 32 2 15 9 67 6 90 3 31 6 26 4 41 
50 8 59 0 99 6 12 1 90 2 92 9 29 6 78 2 90 1 76 4 8 8 91 4 10 0 19 4 28 8 49 5 86 6 83 2 4 1 71 6 42 1 14 6 85 8 1 9 96 6 53 6 44 9 17 7 61 6 53 5 73 8 31 2 65 9 94 9 5 8 77 5 14 7 86 2 71 6 55 5 28 1 67 0 93 7 33 2 40 2 65 0 49 5 54 1 20 0 38 1 8 
50 0 22 8 100 7 94 4 6 0 16 4 86 9 46 2 15 6 53 5 44 8 74 2 59 4 4 4 84 2 28 9 49 6 7 4 24 6 32 2 81 1 97 8 17 8 69 0 39 5 22 1 10 0 65 7 47 5 89 0 74 0 46 2 60 1 49 1 31 8 94 8 38 1 11 5 7 1 73 2 34 3 43 5 16 4 16 1 21 2 26 0 37 1 17 1 100 1 14 0 64 
50 0 97 3 73 8 35 8 28 6 31 3 34 2 15 9 36 1 86 6 59 2 24 0 40 7 25 6 76 1 16 3 55 4 16 1 2 0 100 5 54 5 100 9 50 3 97 6 93 0 21 7 73 6 62 6 82 3 34 1 89 4 65 4 3 1 68 1 55 3 9 3 20 1 93 3 93 0 93 1 33 2 26 1 68 7 96 7 65 8 89 9 27 7 88 7 5 5 13 0 1 
50 9 59 2 32 5 60 2 74 3 54 1 46 8 9 8 57 1 17 5 11 5 60 1 13 2 55 3 45 8 70 0 97 2 37 0 97 0 49 7 55 8 95 9 92 3 33 3 57 7 73 8 73 1 93 8 93 6 92 8 42 2 54 8 82 1 83 1 42 3 53 0 45 5 95 5 90 0 48 5 62 3 36 0 62 3 1 4 8 9 45 9 19 5 28 9 54 0 90 1 76 
50 7 88 9 85 7 86 1 8 6 61 7 23 2 59 9 79 9 76 1 57 4 70 8 26 0 46 4 70 4 64 6 39 8 93 3 31 8 36 4 36 9 68 4 50 9 25 1 100 4 68 0 8 2 82 8 27 0 2 5 30 4 31 6 93 9 26 2 53 1 32 6 75 7 99 5 95 6 34 0 62 9 87 6 58 9 65 7 40 1 23 6 81 7 55 8 75 3 1 1 21 
50 6 4 0 55 4 48 5 20 9 45 8 30 5 65 0 59 0 29 4 3 1 75 3 31 2 49 1 85 5 25 2 18 7 10 6 14 7 21 7 73 7 32 1 57 1 92 3 82 5 22 5 85 0 70 5 71 4 58 7 86 2 71 6 31 2 67 7 94 1 85 6 59 2 16 7 37 6 30 5 50 1 66 5 4 6 12 5 86 7 59 3 52 4 81 0 20 5 11 8 22 
50 0 62 9 70 7 76 4 36 3 97 3 96 0 1 7 10 4 29 3 35 2 17 2 15 2 86 3 58 3 4 0 23 2 37 7 32 9 35 5 76 5 97 2 73 6 73 3 30 0 90 3 80 5 62 8 72 5 19 4 54 1 2 3 19 3 96 2 66 4 63 4 83 0 45 3 81 0 59 4 8 3 10 7 73 5 50 3 32 5 87 9 27 1 14 8 22 9 72 0 31 
