10 10
50 2 6 8 72 1 61 5 61 8 11 5 46 3 31 6 39 3 86 3 27 1 48 0 78 9 71 6 63 2 96 5 50 5 45 0 45 1 93 6 25 6 50 6 68 7 86 2 95 4 83 5 16 7 37 2 92 6 80 5 65 2 39 4 94 5 92 3 14 9 61 9 56 8 47 2 32 8 11 9 84 5 29 0 39 6 26 1 36 0 61 8 47 3 42 7 4 1 75 9 88 
50 3 48 5 3 6 15 5 46 3 51 6 40 9 11 9 38 5 91 8 57 5 94 5 43 8 72 2 85 1 78 6 72 0 81 9 88 5 19 0 26 6 12 8 71 6 51 6 54 3 52 1 62 9 76 0 17 3 52 3 44 3 56 0 97 7 55 2 97 4 51 8 90 6 5 2 29 3 92 2 11 2 72 2 39 6 44 9 11 7 31 3 89 6 41 5 33 0 100 1 50 
50 4 80 1 88 5 10 9 62 7 97 3 24 3 61 9 47 2 30 8 85 5 47 8 99 5 55 2 3 4 39 8 34 1 55 6 64 7 8 1 52 6 43 7 5 4 20 0 20 9 31 1 68 2 59 1 58 6 6 3 14 9 75 0 55 0 23 5 40 4 84 3 42 0 66 5 99 3 1 3 91 6 1 6 89 0 25 1 96 4 45 6 33 2 5 6 42 9 37 3 78 
50 0 55 8 48 5 25 5 64 1 72 6 79 6 39 9 63 1 45 4 32 7 95 6 34 5 42 6 37 2 60 6 38 9 47 1 69 1 61 8 24 9 43 6 79 8 30 0 40 5 8 8 93 0 1 6 39 5 59 3 17 1 11 3 4 5 20 5 51 5 87 5 6 2 89 4 10 8 21 7 26 1 88 1 13 3 88 0 6 8 98 3 53 7 46 5 69 4 62 4 73 
50 7 4 3 73 8 14 2 22 3 26 2 45 1 19 7 77 4 87 8 76 4 90 1 94 9 46 9 76 4 83 8 60 5 71 5 42 0 48 3 48 3 80 0 11 0 10 8 57 6 33 8 87 9 45 6 72 3 86 5 61 8 93 6 85 5 51 5 21 0 15 5 14 7 16 2 27 5 88 4 44 6 25 6 61 7 67 7 11 9 54 2 61 1 94 2 6 8 48 8 88 
50 5 11 6 97 5 32 1 96 8 85 0 47 2 69 4 11 5 87 3 10 8 61 2 79 7 83 0 27 6 74 0 46 3 17 6 26 4 29 6 40 9 54 8 8 7 4 1 42 2 95 2 34 3 2 9 19 1 53 4 19 8 83 4 38 3 32 4 69 6 60 2 78 9 40 7 17 1 95 8 66 5 59 5 52 2 58 7 86 6 63 4 8 3 61 9 97 2 37 4 33 
50 3 34 2 60 2 76 1 48 7 74 1 38 5 55 0 43 6 80 0 54 1 25 2 58 3 17 7 7 2 87 7 13 8 27 3 17 3 46 2 96 7 35 4 11 5 8 1 98 6 2 3 60 0 46 9 69 7 21 3 16 9 60 6 50 0 97 9 99 6 12 7 26 3 17 5 84 0 84 7 91 6 3 2 51 9 2 7 64 9 55 0 99 7 32 7 51 0 69 0 94 
50 9 80 0 37 3 42 5 58 5 64 8 74 9 62 6 77 6 4 2 2 4 78 0 94 2 30 3 14 7 9 4 12 5 24 1 20 0 74 5 38 1 90 2 66 5 75 1 20 8 85 7 86 8 70 8 12 1 35 6 18 7 13 7 61 4 16 9 57 0 6 0 81 9 2 2 73 4 21 4 64 1 69 3 20 2 94 6 30 1 35 5 73 3 74 7 35 5 16 6 68 
50 0 85 7 67 3 77 2 31 3 88 3 44 2 76 7 87 1 31 7 100 4 56 8 2 4 24 2 20 1 52 7 29 4 36 0 24 4 52 8 81 8 87 3 46 0 5 0 30 5 51 5 23 3 42 0 98 2 75 7 88 2 53 6 86 6 3 4 6 3 24 5 39 4 19 4 35 0 42 3 15 9 37 2 74 2 98 4 82 8 17 3 36 1 8 8 91 9 69 4 87 
50 4 34 0 63 9 98 2 64 6 91 8 78 9 4 6 83 6 62 4 99 9 84 4 78 8 69 0 79 9 15 9 50 3 11 7 34 0 44 5 27 2 19 4 78 8 58 8 68 9 36 7 27 8 29 8 89 6 46 7 59 4 51 7 58 5 59 6 33 6 26 0 63 5 86 4 89 8 65 0 12 2 77 1 90 5 43 3 48 9 5 7 80 7 26 6 53 3 3 5 86 
