10 10
50 7 3 1 94 8 48 1 50 6 71 5 53 3 55 1 19 7 54 1 74 1 87 1 23 5 94 7 47 0 63 7 28 7 94 8 35 8 56 2 53 6 50 5 9 7 71 9 57 6 15 0 84 6 53 0 54 5 47 4 68 1 97 9 88 0 68 8 28 0 49 3 71 5 55 1 23 4 80 6 24 5 1 1 64 4 10 7 11 8 50 1 92 5 65 8 48 2 8 9 12 
50 1 1 8 45 0 10 6 51 1 100 3 48 8 46 4 17 4 87 6 54 7 70 4 100 4 21 8 81 0 11 3 78 6 77 7 57 2 4 6 77 4 76 0 79 7 82 8 22 3 47 5 56 8 75 7 49 7 86 1 78 7 97 6 41 1 69 9 6 7 8 8 78 6 97 4 58 7 58 2 99 0 33 2 89 5 6 9 10 9 51 4 72 1 6 8 12 0 34 4 4 
50 7 56 6 46 4 94 2 30 5 97 6 97 1 88 3 44 4 31 2 41 6 91 2 12 3 18 9 51 8 73 3 48 6 50 6 50 1 72 6 7 9 84 9 56 4 74 6 53 4 96 8 73 2 62 7 8 4 39 5 25 8 69 9 57 6 68 6 49 1 55 5 18 7 65 6 25 0 94 3 9 4 64 9 54 4 93 2 89 1 25 2 79 6 20 0 57 1 68 1 51 
50 7 78 2 41 3 42 6 16 8 82 8 100 1 95 2 28 9 94 0 74 0 91 1 50 0 18 5 17 6 76 2 90 5 16 3 78 7 59 3 44 5 13 0 83 1 64 3 78 7 8 4 79 2 80 0 100 4 2 3 3 2 77 5 54 3 91 6 87 7 56 8 49 5 33 8 73 4 54 5 12 7 93 4 88 4 3 0 76 6 46 7 99 5 86 6 80 0 62 2 30 
50 6 90 1 57 3 48 6 42 2 18 8 35 3 37 7 33 1 47 1 77 6 84 3 9 2 23 0 76 2 99 0 57 5 52 5 49 0 33 5 76 1 3 8 3 4 79 5 78 2 30 4 85 1 27 8 94 0 49 6 59 3 41 4 48 5 6 8 86 5 23 2 50 1 92 2 23 0 53 5 54 6 29 6 26 5 53 1 51 6 21 6 43 2 60 2 70 3 70 1 8 
50 0 60 5 6 3 82 0 49 9 85 9 61 0 24 7 75 2 68 0 26 2 83 0 83 6 69 7 16 9 1 7 15 1 3 1 80 5 5 2 55 3 53 8 10 2 10 8 91 4 18 5 48 1 5 5 31 6 56 7 63 1 21 2 98 4 50 4 21 3 32 1 75 6 78 6 24 5 45 6 10 6 19 1 90 9 43 6 26 1 74 3 92 1 60 6 61 9 43 3 72 
50 9 74 4 6 2 96 6 49 4 37 1 5 8 58 6 68 5 5 8 19 9 28 1 81 1 85 0 85 7 67 2 64 3 20 6 74 5 46 0 23 8 74 2 77 7 46 2 29 0 22 4 97 6 76 1 95 6 75 4 73 8 21 8 12 2 58 6 90 6 54 5 9 9 92 8 89 5 46 3 60 6 66 0 2 8 30 9 1 1 18 1 20 1 85 7 6 5 85 1 43 
50 2 9 2 84 2 17 7 66 2 66 2 85 1 74 2 1 1 18 6 35 0 39 1 75 1 55 2 40 9 5 0 13 2 85 2 71 9 73 8 82 8 25 2 18 1 37 9 97 4 97 8 29 6 28 4 35 8 65 6 13 1 63 3 1 8 1 4 58 3 17 5 34 6 98 0 26 5 9 2 7 0 1 8 71 3 38 7 30 8 22 6 3 6 26 6 33 8 47 3 42 
50 6 68 0 67 3 15 0 98 0 5 7 78 2 67 3 60 2 93 6 68 3 84 5 19 4 75 9 53 0 23 1 93 9 81 6 18 5 79 8 69 0 43 8 1 4 47 4 24 9 47 6 6 1 85 0 65 5 50 3 62 5 7 0 82 6 10 6 36 2 88 4 37 4 92 3 91 3 43 4 34 3 69 8 72 4 77 4 79 4 86 4 50 4 60 8 61 4 19 0 76 
50 7 4 1 30 2 33 9 73 2 83 1 35 7 16 2 13 1 82 6 28 2 79 3 33 3 31 2 100 4 100 0 40 8 88 7 70 3 99 0 37 9 10 3 55 2 45 7 6 4 36 3 11 3 19 6 70 5 63 1 7 1 64 8 75 7 93 4 33 6 40 6 31 3 30 6 5 3 55 1 50 6 71 1 29 1 5 6 76 5 65 3 43 3 6 7 44 7 87 8 66 
