10 10
50 9 15 3 63 8 58 0 28 5 62 5 9 6 3 9 58 3 35 3 96 4 58 1 9 9 19 8 69 1 86 0 42 0 77 5 17 5 17 5 15 3 13 1 11 2 11 5 56 8 84 2 79 0 91 3 95 3 100 7 2 6 33 3 95 6 80 7 2 8 76 6 35 5 6 8 24 6 26 4 11 0 3 7 56 4 36 7 91 4 93 8 84 7 2 3 94 9 44 6 34 
50 8 54 4 19 1 50 1 75 9 65 0 47 0 14 9 46 6 57 7 19 0 49 0 79 7 61 2 90 2 28 5 10 2 74 3 15 9 87 5 28 6 10 9 61 7 84 1 40 5 71 4 68 1 46 0 91 8 85 7 79 1 10 1 73 0 65 9 79 4 41 1 52 3 48 4 62 7 66 6 12 2 85 3 78 9 22 9 89 9 70 4 98 9 87 0 52 5 87 7 7 
50 1 100 3 11 8 9 0 42 1 31 5 49 6 14 1 2 7 34 2 5 2 63 6 45 5 68 2 75 3 77 6 75 0 39 0 83 6 45 8 58 0 96 8 71 6 64 8 81 9 57 2 69 8 98 0 28 2 4 8 64 8 73 2 42 1 82 5 5 6 62 6 23 7 77 0 59 5 15 6 75 6 84 5 39 6 61 9 21 4 34 8 55 7 51 7 56 1 87 7 89 
50 5 66 3 53 4 13 9 75 6 10 6 24 4 34 2 59 8 72 7 66 8 79 7 72 5 33 1 34 0 50 1 26 2 33 2 19 3 52 7 45 0 73 8 3 8 42 3 84 7 6 1 75 0 5 1 64 9 31 5 67 8 60 7 47 6 28 5 8 0 45 9 86 7 14 6 97 3 14 1 87 6 19 7 25 9 65 4 62 6 96 9 24 2 31 3 89 6 32 7 80 
50 6 44 2 34 5 48 8 77 9 88 9 99 9 100 5 40 9 68 7 71 5 2 5 33 8 28 5 8 4 94 1 87 1 52 0 47 5 73 9 11 0 35 5 12 9 24 8 23 3 78 8 4 8 29 7 83 7 63 7 5 7 12 1 30 6 36 7 46 1 99 9 31 6 39 9 40 2 35 3 90 3 18 6 100 0 95 4 42 6 92 3 71 3 62 3 52 9 27 9 61 
50 0 13 5 99 9 3 8 72 9 16 7 47 8 51 4 82 3 86 1 74 2 5 0 58 8 77 4 83 1 93 0 7 1 71 1 34 7 81 8 16 9 100 2 20 3 17 9 95 2 100 7 17 0 34 6 26 0 7 1 46 0 54 1 15 0 46 1 79 3 70 1 87 9 61 8 14 4 54 8 14 9 80 1 29 1 67 9 18 9 80 9 15 4 62 7 67 6 40 6 66 
50 0 44 8 100 4 35 5 76 3 70 3 89 8 45 2 75 9 62 3 17 8 72 1 64 2 84 4 77 9 2 3 38 2 94 1 93 6 37 5 40 1 9 6 30 0 25 7 14 3 7 3 96 7 24 6 65 1 49 1 92 0 17 3 38 0 64 4 48 2 46 7 85 6 11 4 48 8 93 8 46 1 31 0 7 2 68 1 77 5 82 4 10 1 48 9 14 0 51 8 44 
50 0 7 1 31 2 95 3 18 9 35 8 93 1 11 6 83 5 2 2 20 2 60 2 14 9 59 0 14 6 40 9 68 4 9 8 30 6 71 0 86 9 9 1 62 1 4 8 51 1 43 1 41 8 70 6 56 7 54 0 42 1 53 2 34 6 25 3 99 4 77 5 93 3 87 7 36 5 70 8 2 9 45 1 71 1 2 2 12 0 44 1 46 6 60 7 99 0 45 2 77 
50 8 17 4 66 4 100 7 90 4 22 8 42 3 76 3 92 0 51 4 100 8 14 4 26 8 15 9 88 5 62 7 48 5 32 8 12 0 14 1 34 1 18 3 94 2 63 7 77 3 15 3 98 1 49 9 39 4 58 2 72 1 3 2 22 3 18 2 76 9 24 9 51 9 33 1 6 0 22 6 58 6 46 3 50 5 85 8 33 7 5 1 93 3 31 7 93 5 53 6 50 
50 3 64 0 34 6 24 5 16 6 14 7 17 1 83 0 27 2 14 9 99 7 97 5 60 9 35 5 8 5 12 6 76 3 41 7 88 2 34 3 47 9 94 2 65 7 52 0 100 6 100 8 4 6 84 9 46 8 66 9 24 9 66 3 30 0 50 2 21 6 34 8 30 1 48 9 14 5 35 0 15 1 36 9 69 2 27 6 3 8 58 7 14 2 51 9 11 0 68 9 77 
