10 10
50 1 82 3 44 9 51 0 7 0 24 5 98 9 59 8 80 0 23 3 26 5 60 4 27 3 54 0 90 4 43 2 48 3 95 9 70 0 48 2 58 9 85 6 6 1 28 6 92 1 3 9 6 0 16 1 66 2 51 5 93 2 35 3 78 7 54 6 48 8 47 1 57 2 90 1 32 8 19 8 32 3 42 6 23 3 44 1 10 2 47 7 36 7 47 7 7 5 84 6 13 
50 5 47 7 67 6 73 2 39 1 65 7 14 9 73 9 54 6 17 7 16 1 48 7 78 7 8 7 42 7 26 4 10 1 62 0 17 4 94 3 34 5 62 4 21 5 38 4 32 8 16 1 11 9 23 3 8 5 95 6 39 9 65 4 39 1 5 6 75 7 94 7 50 8 70 1 64 4 8 4 6 0 88 0 41 8 29 4 8 5 92 8 8 1 50 6 12 3 40 3 50 
50 5 97 4 48 9 8 5 22 1 81 7 29 9 49 9 18 1 46 5 22 4 86 3 73 5 62 3 8 1 7 8 80 5 42 8 37 6 37 4 5 4 21 9 3 7 4 0 7 8 22 4 32 2 36 6 33 8 91 4 73 4 65 8 38 2 44 4 50 3 71 3 54 4 67 9 78 8 37 7 42 6 25 9 21 9 86 1 76 1 15 9 50 5 43 9 44 4 82 7 11 
50 6 85 5 16 4 99 0 82 9 77 6 42 2 39 4 47 2 91 8 68 4 68 2 18 9 18 9 88 6 9 2 28 5 79 3 40 2 50 3 41 9 99 4 93 5 94 0 49 7 51 5 59 3 22 5 56 9 21 2 61 3 65 4 59 4 77 0 8 9 6 6 57 4 50 3 94 9 48 8 71 6 24 4 80 4 23 5 80 2 94 0 73 7 68 0 43 7 60 0 81 
50 2 40 7 19 8 71 8 70 7 45 8 75 1 47 9 76 1 45 0 97 6 69 5 73 1 79 4 93 5 7 1 82 4 16 9 82 2 65 9 76 5 65 1 21 1 37 3 37 0 77 8 74 2 24 9 6 6 16 7 13 0 70 4 6 0 28 5 100 9 58 1 78 6 32 5 1 0 63 9 20 2 72 7 23 5 94 8 63 4 46 0 73 7 78 4 85 7 85 4 15 
50 4 70 4 91 8 81 4 5 8 10 7 30 9 21 3 37 8 4 7 77 8 2 2 40 0 78 8 27 9 45 7 6 4 64 6 61 7 46 1 39 8 100 2 39 5 87 7 59 9 53 3 95 0 17 1 45 8 84 9 62 3 34 8 78 9 50 5 59 9 55 0 92 2 34 6 35 2 37 9 100 6 61 2 86 7 93 7 38 9 62 8 3 6 71 3 16 1 46 6 83 
50 2 50 3 26 6 41 0 100 0 11 4 54 8 19 1 44 5 51 0 38 0 47 7 55 5 71 4 82 5 30 3 72 1 75 3 73 6 5 9 94 6 89 9 8 5 38 9 74 0 64 9 97 2 79 3 25 3 7 9 18 2 67 9 13 6 29 2 54 2 90 1 16 4 81 3 13 4 77 9 62 4 14 8 51 0 88 1 5 5 25 5 56 9 76 3 28 4 45 0 10 
50 0 4 5 21 6 36 0 51 7 30 7 96 1 58 3 94 1 78 1 6 9 60 2 93 5 53 4 16 8 39 7 7 7 36 3 86 2 12 6 36 1 24 7 74 0 65 6 41 2 57 7 98 9 51 9 57 6 36 7 58 4 62 8 26 3 96 0 2 2 62 2 31 3 51 2 36 7 11 1 35 8 32 5 40 7 30 3 59 7 90 3 23 6 41 7 8 7 42 0 99 
50 9 36 9 64 4 59 3 40 5 82 0 58 3 89 2 76 2 87 2 99 6 52 4 49 4 100 5 69 9 21 4 45 5 34 5 62 1 13 2 64 3 29 4 54 9 38 5 85 5 27 6 97 5 86 5 89 6 5 8 69 5 51 6 39 8 97 0 25 4 66 7 68 9 54 7 28 1 70 6 48 2 27 7 30 9 13 7 69 0 70 0 5 2 91 5 77 8 76 4 30 
50 8 58 3 55 1 87 2 50 3 69 7 54 0 77 4 19 0 37 5 56 3 17 5 34 7 21 1 71 9 63 7 71 8 70 4 73 9 71 3 11 3 99 0 57 2 7 6 63 2 78 5 36 3 15 1 69 1 70 0 40 2 43 8 23 9 8 1 8 2 21 3 22 0 82 8 18 5 3 5 1 5 70 1 36 5 54 5 45 6 65 8 84 0 34 7 38 0 55 0 45 
