10 10
50 1 86 7 15 4 31 1 85 9 46 2 31 2 12 2 26 9 49 2 63 1 28 7 10 4 30 9 83 4 86 5 64 4 56 0 24 0 75 5 31 4 28 2 50 2 16 7 68 5 40 2 23 6 96 8 43 4 75 1 68 5 60 1 72 8 63 8 41 4 87 2 30 4 29 3 32 2 62 9 72 7 95 4 15 8 13 0 81 1 72 7 45 0 22 3 5 6 2 9 43 
50 5 35 5 10 3 31 7 84 6 6 4 57 9 65 4 74 0 80 8 5 7 89 2 99 9 53 5 35 6 14 7 59 4 5 0 45 3 63 5 87 8 21 3 86 3 22 2 5 9 76 2 45 4 77 7 65 7 8 7 11 4 88 6 68 7 52 0 31 2 21 1 5 4 98 6 74 0 28 0 64 2 32 5 7 9 25 8 91 6 80 1 42 0 54 3 5 2 43 6 48 
50 7 56 1 29 9 7 2 11 5 64 9 30 4 52 6 64 6 91 8 74 3 39 4 29 0 64 6 49 1 94 6 95 1 75 5 61 8 4 3 82 0 47 8 67 5 65 8 2 0 93 5 40 8 8 6 30 1 46 8 67 7 51 9 34 0 27 6 78 9 25 5 88 0 41 1 4 5 8 7 22 4 27 3 75 7 17 2 46 5 3 5 64 6 44 8 2 8 84 8 97 
50 0 22 9 4 8 18 1 85 2 50 2 97 4 30 7 11 2 69 8 36 2 51 1 59 7 11 3 92 6 43 8 81 1 12 7 25 5 41 2 5 5 8 2 84 5 8 0 76 3 78 0 24 7 85 5 47 9 28 6 90 2 12 3 59 0 95 7 68 0 61 7 7 8 32 0 34 1 45 1 46 5 93 3 70 7 9 8 31 7 85 2 88 7 90 9 85 2 53 7 55 
50 5 8 3 38 1 89 1 36 4 7 7 75 3 86 7 60 0 25 1 21 2 21 3 84 0 85 0 67 4 46 7 53 2 23 0 57 1 41 8 21 9 14 6 17 1 22 4 84 2 18 7 22 4 13 2 59 7 2 8 49 0 68 8 23 7 41 7 100 8 73 7 8 6 56 5 95 7 72 7 88 3 58 6 33 5 24 9 26 2 8 0 24 0 41 7 26 2 8 4 55 
50 3 22 8 46 1 42 8 75 9 35 1 54 2 76 8 16 1 55 5 83 0 3 5 97 8 35 0 55 1 80 3 98 3 20 5 20 5 38 3 63 0 86 4 16 3 89 8 29 3 29 6 45 3 49 8 23 3 60 6 51 2 6 8 51 1 59 0 63 0 24 1 44 9 1 6 4 2 38 7 46 9 38 5 40 8 89 5 67 8 25 2 4 3 57 9 95 5 79 2 36 
50 8 21 1 29 4 45 3 77 4 37 8 5 8 13 5 27 3 61 7 47 5 16 7 17 9 44 2 40 2 7 1 79 0 68 4 29 8 21 4 67 8 97 0 33 8 85 5 14 1 55 6 96 2 55 0 86 4 39 0 48 3 7 0 77 8 13 0 69 7 79 6 33 9 48 9 47 2 27 8 48 2 39 6 32 7 98 0 49 7 78 6 38 4 81 1 36 0 32 6 74 
50 8 59 4 47 1 57 4 61 5 66 7 22 4 53 2 13 3 15 4 57 8 3 0 90 9 99 0 25 1 31 1 93 0 48 9 21 5 61 7 1 1 77 8 62 1 19 6 13 0 97 1 37 1 50 7 62 5 29 0 84 5 1 2 21 0 11 5 62 3 74 3 83 2 61 7 73 3 35 8 97 9 75 3 6 2 73 1 73 1 36 4 94 0 67 9 87 7 17 7 22 
50 2 90 5 94 0 22 6 78 2 69 3 95 9 78 2 47 2 52 8 77 4 88 6 37 2 77 9 75 6 43 5 93 6 43 6 92 0 23 9 4 8 30 5 89 6 32 1 54 8 88 4 63 0 49 5 14 3 29 0 31 3 58 3 11 2 12 8 43 4 76 8 7 2 53 4 20 4 91 4 94 6 1 1 78 5 79 4 91 4 85 1 39 7 25 7 68 5 78 5 49 
50 7 47 0 2 0 15 3 51 9 57 3 53 1 21 2 43 3 75 2 77 5 96 5 17 2 63 2 27 4 37 1 65 3 51 8 67 0 19 7 88 7 86 2 83 6 90 0 2 9 56 6 38 1 30 2 30 1 59 8 88 3 51 4 51 1 19 8 54 9 58 8 13 9 23 4 15 0 47 6 47 5 59 4 42 2 22 7 44 4 85 7 53 9 33 6 95 0 52 6 41 
