10 10
50 3 8 2 3 4 89 3 17 7 60 0 75 8 76 3 67 7 5 8 96 1 76 6 39 0 43 8 33 3 60 1 20 9 65 3 39 5 100 4 81 6 80 6 73 4 97 1 74 1 59 9 20 4 57 7 74 1 18 9 88 3 37 0 94 7 50 8 39 6 2 0 36 5 65 8 56 6 36 4 48 3 100 8 73 8 68 0 30 2 87 3 9 9 81 8 87 1 12 7 97 
50 3 47 4 69 2 46 1 20 3 46 4 45 2 30 0 99 7 48 8 21 3 30 9 99 7 77 8 5 1 38 2 11 7 40 5 77 9 98 3 6 1 33 2 36 2 28 3 61 9 88 2 22 5 67 2 61 1 24 8 82 5 12 5 25 2 30 0 13 0 26 6 71 6 84 7 57 7 100 8 70 2 82 6 34 8 61 6 71 5 53 6 82 2 35 7 1 5 13 2 83 
50 1 50 3 30 9 83 4 78 2 88 7 24 3 2 5 42 6 92 6 57 4 4 5 14 5 38 3 7 1 32 2 69 0 79 8 3 7 70 6 51 2 6 6 4 6 68 9 96 6 86 9 2 6 15 8 70 7 5 3 57 0 20 5 5 2 70 2 77 2 2 2 12 5 73 3 19 8 76 3 58 4 82 1 47 6 92 9 95 5 50 6 96 2 12 9 6 1 50 6 46 
50 3 60 6 99 5 28 3 29 1 43 5 62 6 64 6 69 5 37 3 17 6 47 6 32 3 72 2 99 0 83 9 13 0 35 1 26 0 9 2 18 2 27 6 68 2 27 4 50 7 13 0 57 3 61 7 85 3 75 5 98 9 25 5 69 8 24 5 87 9 61 8 80 9 91 6 40 1 74 8 34 4 65 5 17 8 24 6 65 1 71 0 16 4 19 5 72 9 71 8 20 
50 0 93 2 79 3 59 8 58 5 84 8 26 5 24 4 18 2 65 1 11 4 73 8 77 0 85 7 22 0 63 4 50 0 62 9 89 9 44 0 58 7 36 1 94 2 38 0 52 3 95 8 71 5 16 5 21 4 15 2 83 2 23 9 93 7 4 7 51 5 43 5 49 2 67 2 48 6 46 4 68 7 35 5 71 6 22 0 41 8 84 0 36 4 12 2 52 1 3 0 92 
50 1 36 6 25 4 44 5 77 6 61 1 88 0 99 1 14 1 26 5 79 2 53 9 7 2 18 6 12 6 37 7 63 5 79 5 68 9 20 5 94 2 34 5 44 2 43 6 6 8 10 1 26 3 31 1 72 6 46 3 3 2 41 4 50 4 27 3 30 9 26 3 77 6 34 8 21 3 78 8 40 1 47 6 5 0 89 5 94 8 13 5 37 0 8 2 12 3 26 6 22 
50 2 42 8 76 5 60 0 9 3 37 2 82 8 97 5 45 5 71 1 87 2 98 0 6 9 86 4 13 7 9 3 70 5 30 5 53 1 47 8 100 6 20 2 79 5 95 1 67 7 70 8 20 4 99 0 83 1 73 9 61 8 41 8 31 9 46 6 60 7 67 0 41 8 87 5 79 6 49 9 49 2 17 9 2 7 5 2 80 3 78 4 98 2 81 7 93 8 36 3 67 
50 9 1 0 82 8 2 5 35 0 35 3 8 4 32 9 100 9 97 8 59 4 24 7 62 0 7 0 13 7 81 2 63 3 58 8 93 3 52 9 83 8 24 5 27 5 75 3 11 3 37 5 11 7 19 9 19 8 90 8 86 6 71 6 27 2 30 8 21 8 49 9 51 4 78 3 78 8 56 4 82 5 93 4 30 7 72 0 72 8 95 0 33 1 90 0 40 3 7 3 4 
50 6 31 6 50 3 91 0 99 8 21 3 98 9 90 3 31 6 31 7 49 6 22 4 55 1 17 4 13 7 18 2 47 8 65 9 51 9 18 4 47 5 16 0 19 4 69 9 20 7 16 9 98 2 62 4 77 8 69 8 55 1 49 3 51 5 18 0 46 0 79 5 10 2 60 9 63 5 9 9 55 4 33 0 50 7 80 6 88 3 6 3 4 9 91 4 76 4 32 9 52 
50 3 89 0 24 5 13 6 85 3 52 0 88 4 19 8 20 9 17 4 24 7 48 1 23 6 53 6 45 3 78 4 72 7 14 1 14 5 60 6 92 5 88 4 52 3 35 0 77 8 85 8 35 0 89 1 97 1 14 1 3 9 7 3 72 7 89 7 13 7 63 5 20 5 44 6 36 1 15 3 52 9 28 9 95 6 67 6 63 9 51 2 21 5 42 9 53 7 6 4 61 
