10 10
50 7 31 7 72 7 15 4 57 1 24 6 98 5 17 0 7 6 53 9 28 6 72 1 89 6 76 5 13 5 10 7 81 5 97 5 54 4 6 4 78 0 45 5 63 4 56 5 4 5 87 1 44 2 77 9 27 1 79 0 41 0 25 9 73 5 20 9 29 1 98 0 36 4 9 1 71 5 67 9 48 6 64 6 90 3 35 2 95 3 63 2 55 7 14 2 77 1 91 8 46 
50 9 41 5 38 1 88 0 3 7 96 3 15 3 66 7 8 9 46 6 9 5 90 6 27 2 4 6 24 1 52 0 56 9 13 4 87 1 19 3 49 8 46 9 73 3 72 6 50 2 3 9 66 9 23 6 32 8 93 7 10 5 24 2 58 0 37 8 54 9 44 2 16 5 12 7 21 0 95 6 9 3 1 9 96 2 49 4 52 0 15 3 19 0 96 0 26 6 25 4 39 
50 5 82 2 68 3 32 9 28 5 65 7 96 3 67 2 11 9 80 6 18 1 36 8 75 2 38 3 79 9 93 2 80 3 46 8 82 4 23 7 75 4 1 6 57 2 12 0 37 2 88 8 31 5 54 7 97 0 43 9 97 2 32 1 13 0 30 8 95 7 58 9 18 2 26 8 28 2 41 0 82 7 6 5 6 4 81 3 95 5 35 8 36 6 95 6 1 0 22 9 99 
50 7 20 3 17 6 49 8 7 2 95 3 96 2 30 8 18 5 8 8 89 2 60 2 19 4 60 5 76 5 11 0 34 1 57 7 36 3 13 2 18 1 17 4 28 7 87 6 51 6 79 7 87 3 55 2 31 8 52 8 15 8 72 1 47 2 93 7 26 3 86 0 59 1 48 9 100 9 72 4 94 9 54 4 69 0 77 6 34 5 9 9 89 9 99 0 39 7 27 1 85 
50 3 87 2 59 2 2 6 64 9 80 9 11 1 20 8 61 2 91 6 49 7 57 2 25 3 61 6 29 1 72 9 17 7 44 8 65 0 43 3 35 1 45 8 85 1 68 7 16 4 92 5 78 7 77 6 13 3 95 8 90 1 77 8 91 9 33 8 19 3 37 1 64 4 52 1 56 0 86 6 71 4 99 0 65 1 53 7 89 2 74 5 37 4 42 0 47 6 64 8 55 
50 6 8 7 38 6 6 5 96 9 21 5 21 8 11 7 98 6 31 6 54 8 16 9 71 9 23 7 38 7 16 5 2 6 99 6 80 8 88 7 64 2 36 9 78 8 79 1 7 1 19 7 16 9 50 4 74 0 77 2 60 8 26 3 12 5 28 4 91 6 7 8 4 0 36 4 57 1 65 8 27 4 12 3 21 7 17 1 19 3 91 1 12 3 38 1 61 7 34 3 89 
50 0 62 0 69 7 3 3 85 4 11 1 20 7 83 6 31 8 31 8 24 7 36 8 80 0 5 0 58 8 9 0 79 0 94 3 93 5 72 3 38 8 23 8 58 6 28 9 33 0 71 0 52 5 68 2 72 9 88 5 28 3 90 1 68 1 40 8 77 3 73 1 72 1 10 8 21 7 22 1 2 5 82 4 28 1 65 5 24 7 82 4 80 2 42 3 28 1 59 8 63 
50 1 14 5 28 3 82 3 92 6 89 1 100 1 56 3 89 8 26 9 43 1 92 5 2 9 33 6 86 0 78 1 8 4 90 7 44 2 2 6 3 2 42 9 65 9 71 3 33 6 90 6 77 1 55 2 38 5 79 9 95 9 47 3 97 1 77 8 20 0 39 4 52 5 10 1 39 5 95 8 71 3 66 8 9 1 22 9 20 4 89 5 78 9 68 0 28 1 25 6 3 
50 1 19 2 61 8 73 9 71 4 20 5 18 9 11 9 74 6 31 7 22 1 59 5 39 0 89 6 74 7 96 1 30 8 76 0 10 9 29 6 12 9 77 9 32 9 7 1 9 6 59 0 57 8 5 4 24 0 39 9 40 4 21 8 28 0 83 4 4 0 94 6 56 9 32 1 39 0 72 5 35 4 9 1 54 1 12 2 37 2 70 3 97 9 14 2 84 9 66 0 51 
50 2 63 4 68 6 52 7 61 1 26 2 65 4 90 0 52 6 17 1 72 7 96 7 32 2 37 2 19 5 37 4 46 5 30 3 96 8 26 2 92 1 18 3 16 8 9 0 23 7 90 0 99 8 88 3 8 4 2 1 8 9 84 6 21 6 11 8 20 0 36 0 21 2 9 4 21 5 73 9 89 1 26 5 25 7 28 4 13 6 62 3 6 2 9 0 7 5 70 9 85 
