10 10
50 8 47 7 18 4 3 0 58 9 20 3 4 3 49 0 26 4 85 0 31 1 16 7 42 2 26 6 36 6 24 9 37 4 84 9 31 8 82 1 94 5 22 6 78 1 84 3 34 8 8 0 38 4 33 3 39 2 96 8 42 3 100 1 82 0 23 6 67 9 46 9 8 4 5 5 5 9 92 6 68 3 54 6 22 9 72 0 50 6 29 9 96 9 96 5 39 2 43 3 32 
50 4 62 0 40 1 98 0 36 7 67 7 26 8 17 1 64 7 30 9 68 7 5 1 71 8 46 0 48 6 65 5 5 9 75 1 77 4 15 9 47 4 42 4 95 3 52 3 21 5 33 0 39 9 79 1 79 4 44 3 40 2 100 6 15 6 51 0 10 0 19 3 56 0 24 5 37 3 49 2 66 9 60 6 72 3 94 8 15 0 43 8 22 6 12 6 69 6 64 6 23 
50 8 98 9 72 1 28 8 65 6 37 3 20 8 7 8 81 5 51 7 3 8 62 6 35 7 40 4 97 1 28 5 76 5 86 3 63 0 36 0 54 0 32 5 56 2 56 0 21 5 64 4 38 7 74 7 11 8 11 9 13 7 57 7 84 9 47 1 63 0 74 6 69 5 25 2 50 7 5 7 55 4 81 9 98 3 92 2 81 7 87 5 99 6 49 2 75 4 49 1 3 
50 2 86 9 84 2 61 4 97 2 96 5 8 5 6 6 25 2 11 1 97 5 76 5 58 7 23 5 96 1 15 5 84 3 96 2 50 6 84 7 44 5 31 1 35 4 23 6 43 7 19 0 74 8 97 4 48 2 93 3 32 8 66 0 33 1 27 8 68 0 51 1 15 7 79 7 71 8 95 6 42 3 90 2 8 4 52 0 21 0 67 7 92 3 31 7 54 9 54 0 26 
50 2 72 4 44 4 87 2 34 6 5 1 66 8 18 2 53 3 19 8 21 1 69 9 67 8 98 9 29 5 29 0 84 1 29 5 88 0 34 1 50 0 39 2 7 1 56 1 54 7 55 5 7 0 15 4 13 4 97 4 53 1 54 5 68 2 21 9 5 8 31 8 95 8 50 9 51 8 27 5 88 8 75 8 76 8 60 0 6 0 6 6 33 1 9 6 4 0 3 4 27 
50 9 29 2 87 9 74 3 33 8 81 2 58 7 5 8 16 3 63 4 33 7 99 8 23 4 39 7 68 7 46 9 2 1 35 4 31 7 84 0 16 0 1 3 58 0 88 7 97 1 90 6 13 0 59 1 31 4 92 6 83 4 30 9 75 3 82 8 96 0 69 7 48 8 84 8 4 5 45 4 14 2 60 4 74 7 21 0 91 8 78 6 92 0 2 5 62 5 25 8 49 
50 3 90 4 51 4 66 4 1 6 5 3 3 5 39 4 64 5 86 6 66 7 92 1 43 2 16 7 55 4 42 1 47 3 6 6 28 4 53 8 53 2 98 5 54 1 58 3 3 4 91 2 47 8 4 7 6 3 15 4 68 8 53 0 11 3 40 5 30 8 67 4 51 4 40 6 26 8 74 5 21 1 36 7 98 7 24 3 41 0 2 0 82 2 17 6 83 8 59 8 73 
50 0 7 1 73 7 68 3 79 4 73 3 95 0 44 2 88 5 95 0 82 5 82 5 12 3 60 1 88 0 96 6 83 9 58 8 73 2 27 0 46 8 34 4 44 2 11 8 26 5 75 6 1 5 21 0 4 6 87 6 80 9 49 2 67 1 93 2 19 4 12 2 67 2 62 5 62 2 59 6 66 4 88 3 74 0 79 6 17 1 13 9 73 5 99 5 38 1 21 9 3 
50 3 78 1 6 6 95 1 2 9 62 6 16 4 6 5 93 9 73 7 18 6 87 9 36 6 66 2 23 9 76 6 61 8 50 4 34 2 64 2 91 2 50 9 42 3 54 7 13 0 62 8 32 3 50 1 62 1 84 3 91 8 51 5 46 2 12 5 29 6 89 2 40 4 48 1 83 9 97 9 90 3 87 2 53 3 22 7 58 7 21 0 95 8 32 0 71 8 43 6 49 
50 9 54 3 44 2 20 9 35 3 34 6 93 2 30 0 62 4 83 9 98 5 16 2 30 4 29 7 37 7 47 0 55 2 97 5 45 7 59 3 3 8 41 0 11 9 69 3 23 3 53 4 57 9 99 9 78 9 85 0 22 2 10 0 32 3 80 7 6 3 34 3 40 1 90 9 62 7 9 2 81 6 18 8 5 7 43 6 20 2 66 7 42 4 49 4 2 2 92 3 45 
