10 10
50 8 30 4 41 8 55 7 70 6 47 1 94 1 52 3 44 0 96 1 27 6 82 6 62 7 10 7 39 1 12 3 91 8 7 0 88 9 85 7 14 3 82 9 26 6 85 6 62 1 76 7 29 8 29 3 34 6 58 6 56 5 6 8 66 8 81 6 79 6 51 3 96 4 78 5 14 1 31 6 19 4 84 9 95 8 11 5 48 7 56 9 61 0 68 3 39 9 70 9 79 
50 6 85 2 95 1 69 4 63 0 54 7 43 8 94 0 19 6 19 5 28 2 27 3 60 8 5 0 82 8 95 8 28 0 22 7 4 1 82 2 30 6 39 7 63 3 42 8 83 1 1 0 30 6 52 3 56 0 53 5 43 0 94 6 71 4 25 0 99 6 43 2 60 8 13 1 1 8 36 1 24 2 32 2 91 0 70 0 56 6 30 1 8 0 100 5 46 9 91 2 47 
50 7 72 6 91 0 36 8 20 9 57 2 69 3 43 4 25 8 23 9 73 6 98 2 68 7 4 9 57 2 1 9 26 4 71 8 97 9 28 3 30 0 84 1 65 6 90 7 75 3 42 8 72 5 75 2 21 0 100 9 45 0 47 8 91 6 7 7 46 8 73 6 21 1 68 0 90 9 91 1 63 1 88 3 58 5 95 1 69 0 70 6 67 6 85 7 74 9 83 1 1 
50 7 88 7 71 2 20 8 16 9 54 0 71 1 44 1 22 1 18 3 76 6 76 0 5 8 100 9 20 5 91 3 12 0 21 2 9 7 25 6 14 1 80 6 99 6 33 2 94 1 17 4 35 1 51 8 89 7 41 7 91 4 8 5 99 1 20 4 16 5 7 4 87 3 60 6 71 8 87 1 23 5 58 3 42 6 89 2 29 3 16 4 29 3 84 6 11 0 30 6 42 
50 6 23 5 60 0 66 2 71 6 27 5 9 6 97 2 79 7 90 9 17 6 42 6 56 1 67 4 14 0 91 5 25 2 83 5 87 1 61 7 98 8 16 6 52 6 72 6 30 4 94 5 13 4 87 9 16 7 88 1 50 0 21 1 42 8 94 5 84 3 5 1 52 9 60 1 70 5 98 8 58 2 14 8 10 1 44 7 36 0 48 5 1 6 10 2 85 2 90 7 54 
50 7 13 7 95 8 41 6 53 3 83 9 28 8 26 8 12 3 3 7 33 5 64 6 33 5 64 6 37 0 20 6 69 4 39 6 63 1 45 7 91 7 67 4 18 5 88 4 74 4 52 6 54 7 12 6 88 3 74 5 1 2 19 1 31 8 17 4 46 4 41 4 71 3 97 2 52 7 38 1 26 5 26 8 40 0 14 9 25 4 49 7 57 0 72 2 25 1 44 7 63 
50 5 60 0 73 6 61 4 5 4 13 2 93 9 89 5 20 2 57 9 48 5 8 5 68 0 49 2 96 6 77 8 69 4 37 4 96 9 40 2 43 1 57 2 3 1 53 5 42 3 73 3 31 8 54 1 55 2 38 2 97 7 46 8 61 9 31 7 16 0 53 9 55 0 80 6 81 1 75 0 29 2 85 7 33 2 29 5 9 8 49 3 67 5 69 1 76 9 5 5 13 
50 7 52 9 90 1 100 5 24 8 29 8 59 0 93 6 53 5 99 8 41 3 13 1 21 5 65 9 75 1 79 2 31 2 76 3 84 2 25 8 71 9 58 1 62 8 11 8 83 2 37 5 21 0 65 4 38 5 39 6 20 0 21 1 6 2 48 0 90 8 13 0 17 9 34 9 81 5 50 1 14 6 52 3 98 9 30 8 83 9 21 3 87 1 4 5 100 2 88 4 72 
50 8 88 5 91 6 99 9 49 3 56 7 54 7 15 7 27 6 26 9 35 5 34 6 98 4 23 5 85 0 56 0 24 1 98 0 73 6 81 3 24 0 60 1 56 9 82 4 85 0 1 2 17 4 93 7 6 4 41 2 10 8 75 9 11 8 82 2 6 2 81 5 4 6 28 3 21 1 47 5 76 1 26 0 74 3 66 1 79 6 88 8 78 9 62 5 71 8 54 0 20 
50 7 4 3 4 0 13 1 11 4 41 9 97 3 99 3 20 3 5 6 62 2 51 8 63 6 6 8 39 4 58 4 20 2 44 4 21 2 97 6 45 3 90 9 59 5 30 5 74 6 53 9 70 7 52 0 8 9 84 1 100 2 23 2 88 7 57 2 83 3 22 0 40 3 74 2 84 0 18 8 14 1 25 7 15 6 30 0 25 3 71 9 42 2 16 7 89 6 1 9 62 
