10 10
50 9 27 6 65 0 4 9 48 9 7 4 72 8 32 0 19 9 49 7 50 1 98 6 21 7 27 7 71 3 33 5 30 0 94 5 54 7 6 6 93 7 78 1 42 6 78 2 28 3 79 6 16 3 55 2 26 5 83 9 50 4 9 0 96 8 47 6 4 5 86 2 24 5 35 5 84 3 87 6 38 7 30 0 78 4 34 0 11 7 34 9 47 2 90 5 56 6 50 7 2 
50 6 23 6 72 4 53 3 28 2 88 7 100 2 62 9 54 8 20 0 46 5 56 7 3 5 42 7 58 7 100 2 21 1 46 2 92 2 85 1 21 2 74 5 20 4 28 9 80 8 77 1 65 1 49 8 91 2 16 0 47 3 60 8 25 6 27 8 42 4 52 8 34 1 8 9 48 9 30 5 52 8 94 9 39 9 1 1 42 1 29 5 25 1 48 0 49 5 53 5 59 
50 3 34 1 100 3 77 4 76 4 32 6 48 8 69 4 19 1 56 0 69 8 98 5 51 4 86 0 14 7 20 0 47 8 47 5 20 4 38 8 45 4 63 2 71 2 24 2 76 0 1 1 72 6 47 8 71 5 57 3 31 2 59 4 27 0 73 9 73 8 91 5 20 6 10 5 61 4 35 5 59 9 33 2 29 4 48 8 35 0 18 3 61 4 3 6 52 1 64 7 59 
50 2 67 3 72 8 74 7 68 3 96 4 74 4 97 0 69 6 96 9 96 8 8 7 85 9 77 9 55 2 39 5 28 9 2 5 98 3 91 2 36 3 10 4 90 4 84 7 53 8 61 3 47 8 39 7 80 8 67 7 89 0 39 7 6 2 95 1 69 5 84 2 83 1 24 9 71 4 27 8 15 5 22 0 81 8 90 7 95 2 53 7 1 7 52 9 72 6 46 3 14 
50 3 66 6 1 0 42 6 72 6 24 7 21 4 83 3 80 0 42 7 76 9 6 1 44 5 52 0 73 9 91 9 30 7 43 1 100 5 96 6 18 4 26 4 36 5 46 0 97 7 24 0 34 0 97 5 87 7 84 8 36 3 6 0 98 9 52 5 91 1 65 7 95 5 64 1 92 7 69 0 1 2 18 8 2 5 6 8 41 8 81 0 3 3 11 5 89 5 12 0 83 
50 5 10 1 57 8 22 3 62 4 67 8 54 1 34 4 78 3 13 6 89 4 14 2 18 5 49 6 62 2 22 4 50 7 94 5 81 3 58 0 11 0 1 0 17 8 9 9 43 2 5 6 100 0 51 2 33 7 88 2 6 0 34 0 80 4 62 0 50 3 92 1 74 2 70 1 56 9 39 3 85 4 24 0 25 5 96 5 61 4 50 1 34 8 66 5 28 9 63 1 89 
50 3 73 3 43 3 90 2 2 7 21 9 55 9 73 7 8 8 24 7 73 5 88 4 7 9 94 5 81 3 52 9 46 7 22 2 7 9 33 4 12 5 71 3 30 3 8 6 91 3 1 3 21 5 72 6 74 4 32 6 70 2 37 6 67 3 89 2 49 5 64 6 71 9 71 2 92 6 43 2 87 2 82 0 50 0 12 7 29 1 57 0 18 2 40 5 71 0 18 6 63 
50 3 49 7 39 7 49 5 89 6 33 5 59 7 18 8 28 7 27 6 11 5 59 3 32 0 48 4 99 1 67 8 53 8 95 7 9 5 61 4 98 7 44 1 38 8 11 9 49 2 98 2 45 8 91 0 51 8 12 9 75 5 62 3 1 7 27 7 92 4 8 6 74 5 52 4 98 1 37 9 49 8 20 2 76 0 73 7 65 8 35 1 82 7 46 4 56 4 7 4 8 
50 4 28 9 39 9 19 3 55 1 67 7 24 2 77 8 93 2 79 3 23 0 50 5 46 4 2 4 62 1 96 0 86 0 70 4 23 1 1 0 58 8 37 2 12 2 54 6 85 0 53 3 5 9 9 7 53 2 10 3 81 2 71 6 28 5 60 1 54 1 31 9 66 5 50 2 15 7 67 3 1 5 38 0 34 0 60 1 56 2 4 7 79 5 8 1 32 6 15 5 84 
50 4 65 6 40 4 84 9 96 8 11 5 91 0 45 0 6 0 17 1 25 5 24 7 17 3 4 7 58 3 67 7 34 7 71 6 32 4 59 2 53 9 46 5 28 7 11 7 62 8 89 5 40 5 62 2 61 2 74 4 85 7 84 4 43 7 31 6 49 5 51 5 5 5 32 5 66 3 90 5 62 2 65 5 34 0 26 5 63 2 77 5 30 4 27 0 75 0 72 9 80 
