10 10
50 1 45 1 17 5 13 6 50 7 59 5 17 4 72 4 38 8 90 3 88 5 38 3 31 2 29 8 19 7 71 2 83 7 90 0 79 8 26 5 56 0 48 3 67 7 83 5 1 1 27 7 32 1 36 3 66 4 98 8 32 1 99 0 25 4 61 8 66 9 52 4 11 7 97 9 74 0 43 1 38 7 36 0 34 7 37 1 51 6 24 4 26 9 57 0 81 3 53 0 1 
50 7 46 6 52 7 87 3 51 0 74 9 61 6 95 9 42 3 87 8 50 8 80 0 38 9 28 4 98 8 87 3 43 1 2 8 40 5 78 6 37 7 80 3 11 8 76 1 12 6 10 4 5 6 35 7 44 1 66 6 45 1 34 3 70 2 25 8 81 8 99 5 29 5 67 3 89 0 58 2 96 8 27 7 11 5 81 6 66 2 4 2 35 7 87 3 65 8 91 7 29 
50 5 58 8 42 4 80 0 18 5 81 9 81 2 13 2 26 6 64 3 27 9 75 8 89 2 94 7 89 2 62 9 81 1 22 5 96 7 57 9 67 1 18 6 54 2 88 1 8 8 21 7 9 5 29 6 58 5 42 8 81 2 40 0 87 3 75 6 34 0 41 3 77 7 38 1 73 8 98 0 25 3 51 5 34 5 65 5 53 5 91 8 62 9 2 9 94 8 98 8 57 
50 1 75 9 94 1 37 7 17 3 94 6 42 5 40 4 21 5 72 0 73 6 94 9 25 2 32 0 17 4 17 7 82 6 65 0 42 1 44 1 46 6 47 2 65 2 23 7 35 9 23 6 61 5 45 4 48 5 71 1 49 1 35 1 43 8 83 9 100 1 88 0 17 5 70 4 35 2 93 7 72 9 5 7 23 5 70 7 2 1 46 9 80 3 5 0 17 2 8 6 73 
50 2 85 2 12 9 75 5 89 9 16 6 61 2 82 4 11 0 68 4 6 1 23 7 39 6 37 3 16 3 87 5 32 0 16 7 36 6 15 3 69 8 65 3 100 6 44 2 56 2 88 6 72 3 58 4 45 2 6 9 94 2 2 4 16 1 10 6 59 8 32 2 1 2 66 1 83 1 5 7 59 6 79 7 47 1 50 4 87 8 85 6 82 0 62 7 56 2 63 5 68 
50 8 22 3 76 0 96 1 4 5 7 1 28 7 87 4 38 3 39 0 14 0 72 1 17 7 83 9 49 7 39 4 96 4 74 6 81 6 59 1 65 4 36 1 61 6 27 7 66 7 1 0 82 4 70 9 34 6 10 4 40 8 2 6 65 3 9 1 60 4 42 0 32 3 72 8 54 9 55 2 62 4 73 5 84 9 39 1 31 0 4 2 49 8 76 2 42 3 19 8 59 
50 1 29 6 17 6 84 9 71 4 25 2 13 7 44 8 46 2 97 0 20 4 69 6 59 9 37 9 23 9 18 2 96 6 17 5 93 7 33 9 76 1 64 5 33 9 78 6 39 1 68 8 40 5 12 4 68 0 48 4 65 5 11 9 96 7 21 8 36 9 33 8 96 1 67 4 64 6 46 4 6 3 92 7 33 2 69 0 47 1 5 3 46 9 59 6 47 9 88 7 3 
50 7 32 9 41 3 100 8 53 3 53 4 85 8 63 0 3 5 61 2 57 6 81 1 5 5 90 9 50 1 97 5 39 7 38 9 19 3 63 9 8 1 39 4 12 4 55 4 98 7 63 5 71 9 63 9 52 5 38 1 98 9 43 0 11 8 1 4 29 1 19 2 24 6 92 5 14 4 88 6 56 9 48 2 50 8 56 9 75 2 40 4 4 9 66 2 36 3 36 1 92 
50 7 39 6 53 3 79 7 43 3 78 1 64 6 14 1 33 1 100 7 58 2 49 4 50 7 31 7 60 3 87 2 56 3 59 6 40 4 74 7 46 6 32 2 2 2 36 3 1 5 18 1 6 9 17 1 74 4 84 2 78 2 70 9 100 7 30 7 95 6 85 7 51 5 8 3 40 5 10 0 26 6 58 0 7 0 16 8 33 4 86 1 57 4 58 7 60 6 33 3 10 
50 0 33 8 56 2 34 4 68 0 58 0 64 6 88 9 5 1 52 6 92 9 8 5 57 5 95 7 92 1 55 2 36 6 27 1 67 9 57 3 88 7 98 3 87 2 31 6 33 1 6 3 8 1 86 0 3 6 100 5 28 2 59 2 48 3 91 8 81 3 84 2 4 2 62 4 28 8 19 9 83 5 65 4 39 3 85 2 30 4 54 1 97 2 30 0 8 7 98 3 9 
