10 10
50 5 51 7 54 0 98 6 40 5 78 3 81 8 46 2 62 4 85 8 73 8 66 9 87 1 1 2 60 5 32 1 96 5 20 9 42 5 47 1 97 7 69 0 54 4 13 3 88 8 75 7 97 6 20 2 81 0 5 5 49 0 33 3 37 6 25 4 32 9 91 8 17 1 60 3 18 7 33 6 40 3 21 3 92 9 31 9 97 1 29 3 34 8 55 5 11 6 19 1 73 
50 0 96 0 8 4 14 2 17 4 87 4 88 0 66 6 48 0 11 9 53 6 63 4 25 8 14 2 64 9 31 1 76 6 26 7 12 3 81 4 42 0 59 5 75 6 96 0 61 8 81 1 88 0 22 9 64 3 88 6 10 2 99 4 36 4 96 3 56 3 44 9 78 9 61 7 6 4 99 8 4 4 82 8 91 7 1 9 51 6 40 9 54 1 59 6 50 7 68 9 35 
50 6 83 0 9 8 77 1 32 4 27 4 94 4 23 9 56 5 45 8 98 0 54 8 62 2 1 3 72 2 43 5 46 2 59 8 96 5 35 8 63 8 4 1 42 4 65 3 16 2 72 5 78 6 9 4 39 7 29 9 8 9 32 8 48 6 98 7 33 6 87 0 96 8 13 3 61 0 56 0 38 5 54 0 22 1 69 9 23 0 55 0 79 9 71 9 72 9 80 5 51 
50 9 67 2 12 5 31 9 13 7 23 1 79 7 77 4 62 1 28 8 13 8 55 9 3 7 81 8 73 4 26 0 44 6 92 0 11 3 1 7 79 9 19 1 6 9 78 5 29 5 19 6 13 7 26 8 19 8 19 6 81 3 1 3 80 0 52 5 100 0 46 6 1 1 35 4 47 4 30 7 7 5 33 3 62 7 42 8 100 5 83 8 83 7 80 4 6 0 90 1 83 
50 2 12 5 79 5 6 9 6 5 53 1 40 2 87 5 46 2 64 6 8 8 26 4 83 9 5 9 27 2 53 6 7 4 41 5 24 5 60 9 82 8 46 6 16 1 8 7 7 2 38 9 7 7 25 8 23 1 62 4 7 1 68 2 13 8 2 5 87 7 98 3 5 7 37 5 38 2 22 9 87 5 11 1 94 7 65 8 15 3 16 0 56 1 50 0 62 5 40 8 12 
50 4 3 4 54 0 88 7 58 4 73 3 84 9 66 1 9 8 24 0 69 5 91 5 78 6 58 4 63 8 64 9 26 1 57 2 10 0 95 1 20 3 87 6 37 8 72 0 100 4 28 2 14 6 40 6 46 5 53 8 68 3 87 0 94 9 6 7 93 6 41 8 86 9 83 0 66 3 23 2 42 5 32 4 94 1 38 5 2 8 72 8 8 0 78 7 91 7 94 9 25 
50 2 85 0 56 0 10 8 30 1 73 2 44 9 31 0 36 9 76 0 100 9 48 9 88 6 15 5 58 6 81 6 26 6 13 9 89 1 27 9 45 7 71 6 64 7 33 9 51 8 90 7 35 3 39 4 56 5 36 5 39 6 100 2 94 3 27 0 1 8 47 8 62 6 98 3 89 8 90 6 91 7 10 1 55 8 44 0 73 6 60 6 82 4 50 4 37 0 22 6 63 
50 5 45 5 43 1 32 6 18 8 92 3 37 6 73 0 48 5 39 6 40 8 3 9 68 6 29 1 63 5 27 4 67 2 92 6 94 3 42 7 74 2 68 3 54 5 45 2 9 5 67 2 1 7 43 2 18 8 98 2 96 7 17 5 40 5 50 5 51 2 47 8 32 8 77 7 13 9 86 6 62 5 85 5 98 6 23 4 48 7 67 7 27 2 1 0 94 1 45 8 52 
50 1 3 0 14 5 34 5 22 4 64 2 26 6 34 5 40 1 52 4 2 0 65 6 20 6 75 9 77 0 7 1 19 8 21 5 30 8 93 3 83 1 8 5 54 4 6 6 92 7 70 3 4 8 15 9 78 7 76 4 66 9 86 5 67 5 25 0 69 6 30 1 57 9 46 2 43 7 96 7 23 2 66 4 92 8 95 1 76 4 11 4 29 3 27 0 72 3 57 8 46 
50 5 97 0 16 4 27 6 66 4 90 9 66 3 43 4 51 2 2 9 83 5 98 4 12 2 13 7 71 2 40 5 53 5 82 5 27 7 20 3 74 9 84 5 82 6 74 2 51 2 27 4 4 4 20 8 9 2 82 7 85 8 40 9 75 6 30 2 82 7 76 6 84 9 29 0 21 6 2 3 38 7 90 2 1 8 80 9 5 5 32 9 43 3 88 4 48 1 36 3 89 
