10 10
50 8 46 6 99 9 11 7 47 6 100 5 10 4 23 8 15 3 74 9 70 6 19 1 10 5 42 5 11 5 85 6 75 0 48 5 66 1 1 8 54 6 88 2 12 7 18 4 16 8 74 5 37 1 51 9 55 2 21 1 62 9 37 2 30 4 63 6 58 9 54 5 12 2 47 1 13 4 35 7 35 3 94 4 46 9 99 9 16 2 12 3 6 5 82 6 48 7 23 2 39 
50 9 97 3 64 2 65 4 60 7 59 6 94 0 69 6 86 7 20 8 34 0 37 6 80 7 98 6 31 7 12 6 33 6 38 4 53 4 62 5 94 2 80 0 8 1 96 0 13 9 85 3 62 7 99 0 49 8 92 7 60 9 18 6 90 0 82 3 13 2 9 8 81 5 47 4 57 8 48 1 35 7 8 6 60 3 49 7 100 1 35 3 2 4 90 7 39 2 58 5 10 
50 3 5 2 33 2 62 1 68 0 31 7 72 3 15 0 40 9 10 0 14 0 93 3 52 6 59 4 44 7 10 4 98 2 11 3 98 0 83 5 27 9 32 3 10 1 28 7 11 2 55 7 74 6 5 6 41 3 61 8 73 2 30 1 93 8 56 4 15 2 42 0 12 4 89 9 31 9 67 1 33 8 20 9 52 2 55 3 17 8 10 9 30 9 39 8 71 2 34 7 7 
50 9 79 5 44 8 51 5 64 3 74 3 58 6 35 3 74 3 51 6 13 2 21 0 26 3 51 5 97 0 4 0 24 7 96 7 99 9 53 6 37 6 39 6 2 7 17 6 93 3 22 6 9 4 50 2 26 2 40 3 54 8 91 0 14 9 71 4 91 8 31 9 99 8 93 4 75 3 87 9 14 9 45 7 1 3 11 4 72 3 62 1 29 4 65 0 48 6 21 4 52 
50 2 34 2 89 6 74 7 11 6 86 6 77 4 91 6 54 9 86 9 80 0 25 0 24 7 76 3 79 7 1 7 26 7 79 9 49 9 67 4 66 9 74 8 64 3 26 4 97 1 85 3 69 2 40 0 39 2 95 0 100 0 30 9 17 8 14 8 53 2 26 7 40 0 98 0 97 5 64 7 36 9 18 0 67 2 97 7 70 2 2 2 45 4 71 1 69 5 59 1 39 
50 3 55 1 92 6 99 1 64 1 57 7 31 3 55 9 70 2 5 5 9 5 66 4 44 0 84 6 99 9 35 0 13 9 12 8 57 4 70 9 67 5 63 8 43 7 59 7 12 5 10 1 15 9 74 1 60 3 70 0 37 9 88 2 15 7 76 0 4 2 33 4 26 3 41 6 35 9 67 9 56 2 66 6 24 5 38 5 28 5 21 2 23 9 18 0 18 0 22 8 7 
50 3 88 6 52 3 94 3 32 5 9 8 48 7 77 6 71 2 28 6 31 7 37 6 74 7 37 6 49 8 67 2 59 3 67 3 31 9 64 0 59 7 37 2 31 0 5 0 57 0 59 9 15 1 2 0 98 7 42 0 88 0 43 6 76 8 62 9 18 8 55 6 21 1 39 9 12 9 61 8 50 0 66 6 52 3 17 8 95 6 16 1 54 6 21 0 96 8 52 5 86 
50 5 15 3 6 7 30 2 61 3 24 7 6 0 89 0 41 3 100 0 39 4 29 1 28 6 10 8 65 9 39 6 51 0 71 0 61 6 89 3 85 5 84 9 38 2 81 8 30 4 52 5 51 3 20 4 52 1 87 3 18 4 36 4 61 7 22 0 75 6 36 9 93 2 83 6 78 0 90 0 14 9 100 9 61 2 2 1 57 7 56 9 6 5 37 1 5 3 37 1 35 
50 5 37 0 7 5 62 3 88 4 45 4 71 1 88 5 33 0 17 1 98 8 75 9 37 6 16 7 59 6 36 6 28 4 75 5 89 0 53 3 3 0 58 8 7 1 3 7 44 2 51 5 47 2 18 5 53 6 60 2 83 2 84 8 84 6 97 6 90 3 74 3 59 2 3 2 22 4 96 7 93 0 7 4 76 5 21 3 56 3 74 0 82 5 32 8 11 1 75 1 7 
50 7 97 4 7 9 2 6 23 0 5 2 41 8 69 0 31 8 2 0 8 3 52 9 66 1 96 0 14 7 23 7 60 4 82 5 14 4 13 4 80 6 17 8 97 8 31 6 74 4 81 2 53 7 14 4 23 1 90 6 27 8 49 2 67 6 2 2 13 4 20 4 72 6 39 2 15 3 20 0 53 6 58 6 30 6 13 9 9 6 31 6 42 4 91 9 76 0 49 7 41 
