10 10
50 2 13 9 97 6 2 5 7 4 38 4 7 1 52 7 59 0 53 1 16 7 8 4 54 7 4 4 97 9 28 7 91 7 80 1 89 8 22 0 57 2 54 7 81 7 43 6 63 7 49 7 58 2 77 7 4 6 39 9 40 5 19 6 50 4 37 8 19 6 12 8 57 8 62 0 62 5 74 0 66 6 94 5 63 4 75 9 71 4 3 8 30 4 74 2 61 1 44 7 38 
50 9 79 3 24 7 60 0 38 5 12 8 60 1 63 6 62 4 9 5 50 2 73 4 32 3 9 4 96 0 66 6 90 7 69 2 69 9 70 1 44 3 64 6 60 8 49 9 64 3 96 3 54 5 32 1 97 6 66 8 10 2 57 8 78 6 33 6 14 4 57 2 6 8 49 2 86 9 73 6 83 1 43 4 56 8 58 0 2 3 80 8 60 4 79 1 10 9 98 7 19 
50 1 98 8 19 1 84 0 90 0 60 2 31 9 46 3 70 9 78 4 15 5 1 9 67 7 52 7 66 0 18 4 100 4 90 4 62 7 65 5 39 1 10 7 6 3 72 7 42 1 4 7 16 1 58 1 82 9 70 7 85 0 52 1 89 5 56 8 1 7 43 3 61 7 31 9 89 6 79 8 99 5 71 7 17 5 42 7 19 0 60 6 65 7 55 7 1 2 95 0 89 
50 5 81 4 49 9 89 0 41 9 13 3 92 0 71 2 30 9 30 9 42 9 5 7 67 8 4 6 64 4 4 3 92 7 82 5 39 6 78 6 49 6 42 9 19 4 39 5 58 0 93 7 53 6 96 4 87 6 28 2 20 1 14 4 77 5 93 3 11 3 85 9 78 6 65 5 75 5 25 2 25 3 81 0 5 7 47 2 83 9 76 6 10 4 99 5 59 5 50 8 95 
50 6 23 8 25 8 93 1 21 9 42 4 82 7 39 9 75 3 65 8 48 6 23 9 32 6 44 2 82 7 66 0 70 5 38 9 68 1 5 8 6 3 4 2 32 3 72 1 90 7 99 3 97 9 50 2 68 4 59 6 68 9 94 9 62 7 97 9 100 8 99 1 23 5 62 0 36 1 67 0 30 4 19 3 29 9 99 7 85 1 1 0 95 7 35 7 22 8 70 9 56 
50 4 76 6 12 7 8 9 54 5 99 1 95 2 11 8 6 4 54 6 90 3 98 4 14 8 43 4 92 6 16 0 34 5 77 9 57 4 88 0 83 8 97 6 87 3 36 9 37 8 74 4 92 5 8 8 97 4 17 6 50 0 88 0 78 6 77 1 45 4 96 9 23 9 49 2 18 0 29 0 71 3 95 6 80 5 36 4 42 8 80 0 52 5 76 0 2 7 69 7 77 
50 0 97 8 85 8 42 2 11 9 25 1 31 5 90 4 56 5 4 3 98 4 83 9 2 3 79 3 100 8 18 0 49 1 41 9 30 3 11 8 13 0 52 1 93 4 71 9 36 8 70 0 94 8 60 3 72 3 71 8 40 3 59 3 50 0 20 8 21 9 81 0 3 4 3 7 16 2 38 3 48 0 50 5 78 4 7 8 67 2 64 5 5 7 50 7 79 6 92 9 92 
50 8 50 2 65 6 78 9 26 8 58 2 82 2 14 4 19 8 84 1 98 1 52 1 5 1 6 0 29 8 6 0 31 0 24 1 80 6 80 4 34 0 82 8 23 6 44 5 50 1 94 6 52 4 22 2 7 5 48 1 8 4 40 0 68 5 95 9 29 9 25 0 20 3 24 0 33 8 79 9 51 2 14 4 89 4 18 2 25 5 91 7 67 8 68 8 35 0 7 5 74 
50 9 51 3 10 9 39 3 30 8 35 3 48 0 71 9 39 4 84 9 54 3 66 7 88 6 58 0 34 3 40 1 29 9 49 2 45 7 28 2 40 2 65 3 38 7 87 4 70 5 69 8 70 6 24 9 58 4 88 4 82 7 54 6 41 9 34 9 32 0 65 7 32 9 40 6 83 2 4 7 25 6 49 4 42 0 87 1 6 1 66 7 63 9 56 7 62 9 72 0 55 
50 3 89 9 61 2 53 1 50 4 13 6 71 2 93 7 62 8 12 1 73 8 54 3 91 1 39 6 80 3 80 6 61 3 2 8 60 6 17 2 41 0 23 9 6 9 34 9 98 2 42 9 27 9 12 3 96 5 81 1 86 6 56 1 91 7 43 5 72 7 23 4 57 8 44 6 62 5 53 4 2 6 53 1 39 1 57 9 25 7 22 7 62 9 22 9 74 9 12 5 68 
