10 10
50 1 49 6 19 8 20 3 51 3 82 1 68 2 75 5 85 6 76 3 80 2 67 6 66 4 85 5 98 7 33 3 79 6 80 8 27 1 39 4 25 9 53 1 11 1 67 4 39 4 29 2 31 9 22 0 53 1 50 2 2 6 64 9 62 5 24 0 94 3 47 3 75 8 49 9 43 0 11 7 63 3 98 1 72 2 4 9 18 1 71 9 28 0 35 1 17 8 60 2 38 
50 7 27 4 55 3 1 9 5 4 16 3 98 0 26 7 93 9 65 8 99 6 8 1 54 7 42 1 63 6 79 4 27 3 17 9 6 9 78 0 81 8 100 5 86 6 64 2 98 3 43 2 49 9 95 2 29 9 54 6 75 5 60 0 96 7 75 6 66 3 47 3 27 7 88 2 72 7 29 0 37 6 23 7 83 4 39 9 17 2 70 5 41 7 11 4 51 3 95 9 93 
50 8 61 3 63 5 70 8 71 0 73 9 98 9 27 5 84 7 33 7 89 3 88 6 6 5 28 3 43 6 64 8 40 7 11 2 57 6 11 3 17 9 77 6 10 5 93 3 13 3 60 6 57 8 4 9 41 1 61 9 51 0 11 5 36 0 55 7 74 8 69 9 100 9 50 3 45 5 21 5 23 4 9 7 98 3 29 6 28 0 52 5 14 9 63 4 91 3 39 9 30 
50 0 75 7 61 6 45 5 16 3 70 8 41 9 20 1 24 1 60 5 76 3 19 0 52 0 98 8 70 7 74 8 28 5 84 6 53 9 79 9 42 9 85 5 70 9 32 4 72 4 63 2 33 7 14 7 26 0 37 7 51 5 45 0 65 4 40 8 56 1 5 2 79 1 98 4 64 1 44 5 85 4 76 8 15 2 11 2 65 0 44 1 25 9 93 5 6 7 16 6 3 
50 9 26 0 32 3 32 2 31 9 24 4 92 4 81 9 79 0 47 5 54 6 30 9 92 7 62 4 47 4 76 1 57 5 84 7 32 7 78 4 49 5 4 4 73 1 54 0 20 7 1 0 48 8 16 8 70 5 64 3 94 0 36 1 22 1 56 8 1 0 5 1 75 8 51 5 37 5 30 4 45 4 89 3 28 0 88 0 83 5 59 4 66 6 97 0 63 3 5 2 29 
50 3 54 0 45 7 92 7 86 0 35 4 15 4 74 6 16 9 14 7 98 1 24 8 47 6 99 1 64 6 10 8 54 1 91 3 66 0 76 9 57 8 21 8 67 5 12 6 42 6 10 5 97 8 91 9 25 5 10 1 83 8 76 5 13 6 95 4 99 6 79 6 60 0 44 2 93 5 35 0 17 7 52 3 35 4 52 8 76 5 67 0 46 0 11 3 34 7 91 1 83 
50 7 95 8 97 9 34 4 92 5 41 9 50 6 53 0 81 1 54 5 2 9 40 7 40 8 50 3 30 6 33 1 47 7 75 6 60 1 89 3 99 8 54 2 65 9 87 7 68 4 24 4 37 3 59 6 91 6 74 0 82 5 66 4 90 1 98 6 30 2 86 7 79 5 73 5 59 2 60 4 79 0 49 7 56 3 58 3 82 4 68 8 46 5 56 0 1 6 12 3 84 
50 9 9 5 77 7 21 6 69 8 67 3 17 2 36 2 46 5 32 3 77 1 67 9 33 3 14 6 58 8 20 7 75 3 18 7 19 3 37 5 76 0 60 1 36 2 80 8 16 9 53 7 93 6 26 3 30 9 1 9 42 1 85 2 34 5 1 1 16 6 100 6 71 9 34 1 91 2 14 5 82 8 18 2 8 1 49 0 67 2 37 0 99 7 89 3 72 8 66 1 2 
50 1 45 6 8 9 24 4 49 7 47 5 16 5 47 6 54 5 83 1 37 2 50 5 46 7 66 7 22 2 60 8 5 5 36 8 57 9 8 6 72 7 2 4 17 2 34 7 17 8 46 7 91 7 63 4 81 9 97 8 84 6 61 9 22 3 64 2 63 6 31 0 77 4 7 3 22 6 16 8 46 3 31 4 89 8 85 9 7 4 35 3 79 4 65 5 23 3 91 1 98 
50 2 59 8 37 7 78 2 97 4 95 1 34 7 14 2 42 6 2 6 90 0 31 7 68 7 72 7 20 0 26 6 9 8 14 2 6 7 51 7 72 1 85 2 70 0 21 0 36 3 12 0 5 5 35 3 88 1 8 2 11 0 33 2 4 8 20 8 19 2 35 5 92 5 30 5 89 4 5 8 21 8 77 3 23 3 50 8 82 1 34 1 68 5 47 7 80 5 99 7 75 
