10 10
50 4 61 3 29 5 72 6 12 9 4 4 19 1 90 3 50 3 16 4 100 3 67 8 97 1 95 9 97 8 74 3 43 1 55 1 45 3 46 9 27 0 29 9 34 1 73 3 48 2 39 0 77 0 48 5 72 8 30 4 83 7 5 9 64 9 88 9 87 4 34 5 59 1 13 3 55 0 63 3 31 6 68 1 87 1 69 9 53 6 86 3 24 0 52 5 23 1 20 8 59 
50 0 17 6 77 3 99 1 34 0 66 3 77 5 100 2 50 6 54 4 12 3 23 2 2 2 91 2 75 7 13 3 34 6 13 6 64 0 95 9 38 7 49 0 99 6 21 3 18 8 18 2 23 2 66 2 52 9 10 6 81 8 32 4 37 3 58 2 96 2 55 0 9 0 95 6 87 8 69 2 62 3 20 0 94 8 60 6 21 9 24 7 64 5 81 0 66 0 86 7 42 
50 9 91 0 23 0 39 1 31 6 15 1 18 8 91 1 100 1 33 6 25 4 87 8 34 7 19 1 75 5 95 2 38 1 76 4 36 8 60 7 94 7 25 4 98 7 90 8 63 0 76 0 99 1 93 0 2 2 78 8 71 7 14 5 49 3 96 1 82 8 84 1 37 7 27 3 68 2 81 7 79 4 79 9 32 9 27 9 35 2 4 4 24 4 21 5 25 0 34 5 35 
50 4 85 1 19 8 28 0 28 8 86 7 87 1 97 7 29 4 54 6 52 6 15 0 19 6 95 5 78 2 91 8 49 5 55 2 29 9 43 7 77 3 65 5 43 7 76 6 74 7 100 6 23 6 94 5 91 2 87 7 58 7 38 1 78 5 100 8 14 9 62 0 72 5 97 2 22 4 3 7 87 5 65 8 81 3 63 4 80 2 22 2 10 3 15 0 37 9 84 2 11 
50 8 69 5 3 1 71 4 28 4 93 7 1 8 58 7 89 5 59 5 99 4 58 9 75 0 8 7 22 5 81 1 62 3 8 6 24 1 76 2 46 4 2 4 39 5 4 0 76 7 30 4 44 2 29 7 80 7 14 9 22 7 23 4 88 8 6 8 84 4 86 2 11 2 28 3 56 3 26 4 85 3 62 3 30 8 100 5 88 9 73 5 37 7 81 5 5 8 25 7 15 
50 8 53 6 32 4 61 3 96 9 51 6 17 1 94 1 55 4 26 0 57 5 98 8 76 1 19 8 63 7 26 6 10 3 75 9 9 8 33 1 78 7 98 4 39 7 18 2 86 5 28 3 11 8 63 3 18 8 86 8 72 6 4 3 29 8 11 2 11 2 78 0 72 9 61 8 29 9 89 0 95 8 58 9 83 8 79 8 91 5 78 8 19 6 46 9 43 8 99 4 61 
50 4 72 1 19 2 33 6 94 0 75 1 27 9 84 7 89 9 64 7 52 5 26 9 49 8 5 8 87 2 69 5 26 9 88 7 14 0 4 3 63 8 35 2 45 8 7 5 27 1 45 9 19 3 33 8 86 2 79 5 66 6 58 6 46 7 96 5 4 4 22 5 31 6 98 6 100 6 4 3 40 0 73 3 24 2 28 7 34 0 50 6 16 7 33 2 52 8 2 7 41 
50 6 15 8 45 4 6 7 8 7 70 2 2 8 51 6 43 8 37 1 39 6 94 2 5 6 31 3 67 7 92 6 16 9 25 1 27 7 40 0 77 4 11 6 59 9 8 6 61 8 70 9 35 4 100 1 10 4 86 7 51 9 41 0 59 6 81 5 94 7 39 9 48 1 13 3 15 2 64 3 52 1 96 5 8 4 66 8 23 8 66 1 33 7 37 6 41 2 49 0 72 
50 8 66 9 68 1 45 9 72 8 94 5 28 1 83 9 76 6 78 2 56 3 12 6 73 7 86 2 19 8 67 3 80 4 65 4 19 2 90 0 54 5 69 5 57 4 42 4 34 5 51 5 68 6 93 2 52 4 65 1 3 0 77 6 56 1 58 0 78 6 62 5 35 4 28 9 87 2 32 6 16 8 37 9 71 5 7 3 58 8 29 4 11 9 99 7 62 1 41 2 32 
50 9 36 9 80 8 36 3 77 3 85 4 95 2 88 2 96 0 17 5 33 9 64 1 95 2 54 0 16 0 69 8 83 9 9 4 6 5 45 7 28 6 17 1 12 2 10 5 94 9 69 5 60 8 4 8 25 2 96 5 35 9 56 8 77 5 40 6 59 7 55 0 31 9 22 4 92 0 76 9 19 1 100 6 99 6 78 5 87 3 19 2 7 9 11 6 80 6 11 4 57 
