10 10
50 8 92 8 100 0 21 2 48 7 8 4 56 5 72 3 46 3 72 2 11 9 4 0 38 3 70 1 78 9 100 1 82 2 65 6 28 2 96 3 3 7 22 2 49 1 58 9 14 2 93 5 62 3 40 1 71 3 62 8 56 3 41 9 85 4 61 8 40 5 86 6 79 1 3 3 3 6 7 8 17 5 100 3 16 0 82 4 87 8 47 5 53 4 31 1 23 2 41 0 87 
50 1 56 1 67 4 2 0 11 7 90 1 66 8 46 3 22 9 95 6 53 9 64 7 96 0 95 5 16 1 74 8 25 2 89 7 69 5 49 6 26 5 2 9 88 9 40 1 16 1 72 1 19 5 54 7 61 9 58 4 73 0 41 9 92 6 70 5 29 5 33 0 49 5 61 9 9 3 91 5 81 2 57 4 92 5 68 2 32 1 100 7 88 3 47 2 80 1 46 2 91 
50 7 44 0 65 8 36 0 22 5 61 1 50 9 78 5 68 9 68 5 60 2 14 3 8 9 31 1 93 8 80 7 81 2 32 5 34 0 66 1 58 9 25 8 9 9 33 5 54 2 16 2 47 0 44 7 32 5 59 9 52 7 7 3 38 0 40 0 16 6 99 5 51 4 55 8 52 9 80 5 43 7 48 2 1 9 87 0 96 0 41 6 72 5 44 8 52 9 39 9 15 
50 4 92 3 70 0 31 9 15 5 98 6 95 7 93 7 29 7 38 7 94 8 39 0 68 2 1 7 4 6 78 0 96 1 16 4 69 7 66 1 89 6 32 8 73 7 8 0 70 2 9 1 72 7 41 1 56 4 97 8 17 5 92 0 47 3 58 7 58 7 51 0 24 6 69 9 98 8 16 8 41 2 34 2 19 5 31 9 27 2 15 4 76 7 31 6 67 5 81 5 10 
50 9 20 2 17 5 53 8 21 1 69 1 2 1 29 5 9 3 32 0 83 2 58 6 37 0 52 8 91 3 77 7 39 8 38 8 66 3 1 9 82 6 63 9 38 3 11 4 77 5 15 4 14 3 10 8 38 1 87 7 22 6 30 0 82 6 10 2 68 1 69 6 48 6 79 8 37 9 59 1 85 0 13 2 6 1 33 6 97 4 17 2 92 4 41 3 62 2 58 8 67 
50 9 17 7 35 0 76 9 26 5 97 5 23 6 57 5 56 4 63 2 73 2 35 6 48 5 67 0 65 4 68 1 40 0 35 9 68 6 88 0 56 5 49 7 89 2 66 2 37 3 19 8 81 9 54 7 88 8 23 3 35 0 2 1 56 4 74 0 27 4 21 1 80 9 10 6 24 0 88 8 24 4 20 9 70 0 36 4 89 6 50 0 60 9 77 4 82 1 37 1 24 
50 8 43 8 33 2 51 3 91 5 14 6 92 2 81 8 39 4 87 8 77 6 47 9 8 7 35 8 81 2 94 7 96 6 19 8 79 2 38 0 25 5 74 5 10 2 45 0 1 7 43 2 21 4 77 9 42 7 76 3 59 2 100 0 48 8 28 5 10 7 80 9 45 8 8 4 10 6 90 8 21 5 91 5 37 8 57 2 16 5 1 7 36 4 87 1 94 8 55 9 98 
50 5 31 9 69 7 59 3 90 1 7 9 49 4 73 4 100 2 60 3 100 9 67 3 87 6 27 1 9 1 57 6 71 0 45 5 35 8 95 3 8 4 65 7 26 8 91 5 37 8 28 1 56 2 10 5 8 2 28 1 2 3 29 2 65 6 81 5 66 3 54 5 63 6 89 4 38 9 43 6 22 4 82 0 98 1 80 4 79 0 15 5 98 8 24 7 62 9 6 4 50 
50 9 34 7 38 7 8 2 95 1 75 9 18 9 73 8 66 0 3 9 94 2 90 0 84 3 85 6 59 2 20 9 90 1 4 6 30 6 14 1 42 2 78 6 70 0 87 3 16 1 19 8 39 6 39 8 99 6 78 7 67 9 96 6 62 3 90 7 53 9 47 1 16 3 49 3 12 7 67 2 10 6 23 4 3 0 12 4 61 3 67 7 35 6 8 8 23 4 85 2 24 
50 6 84 3 84 2 68 3 15 3 62 1 78 6 83 7 56 9 59 2 9 0 12 7 34 4 86 9 68 3 73 4 88 0 42 9 9 4 12 4 88 9 16 6 61 0 14 6 26 6 40 1 94 8 7 7 3 8 100 0 56 4 26 3 97 1 63 1 46 8 65 1 41 2 89 1 46 8 96 8 67 6 74 1 15 4 58 9 8 4 48 7 97 3 6 7 94 5 45 0 55 
