10 10
50 5 59 0 94 1 39 8 4 0 8 3 8 5 16 9 23 8 10 2 73 5 7 9 47 2 100 3 4 6 29 2 20 6 86 2 51 3 9 7 63 1 13 6 3 4 81 6 57 1 36 5 55 6 23 3 78 3 85 3 1 8 53 0 30 9 80 0 22 9 63 2 18 5 83 8 35 7 41 3 90 1 61 6 73 4 53 8 24 3 1 3 8 9 89 5 70 7 54 3 26 
50 9 18 7 41 6 87 6 27 4 41 7 80 2 6 6 97 9 99 2 82 1 64 8 38 1 66 6 98 5 73 4 25 0 67 8 44 5 18 6 34 0 51 6 39 0 11 5 94 0 77 0 38 6 97 2 74 8 74 5 34 5 45 4 87 2 94 2 54 9 5 6 26 2 96 7 16 9 82 3 44 6 97 8 60 3 77 5 62 1 73 1 40 5 96 6 37 0 52 5 58 
50 2 29 9 56 3 41 5 99 1 46 3 30 8 47 1 36 1 67 7 7 6 4 0 31 4 75 6 18 6 26 5 2 4 75 2 97 8 43 8 83 9 24 9 11 8 99 9 75 2 100 2 89 1 74 6 51 0 86 0 88 8 22 8 15 3 5 9 33 6 72 3 65 0 29 6 69 4 80 2 64 9 26 8 45 0 39 0 60 5 78 2 29 3 25 3 40 8 26 8 41 
50 0 67 1 4 9 49 2 23 0 54 2 19 2 86 8 31 4 8 8 78 6 70 8 53 0 24 2 43 0 14 1 67 2 78 0 6 3 41 4 40 1 61 5 73 5 58 2 88 3 88 9 52 7 63 5 26 0 76 2 57 7 49 1 29 9 89 1 58 8 6 7 50 7 99 5 29 5 14 5 65 2 84 8 48 4 13 5 67 1 68 3 43 7 87 7 79 4 3 1 12 
50 3 71 3 100 3 66 3 78 9 15 2 28 5 29 5 85 9 1 1 50 9 7 9 29 3 82 0 50 9 66 3 65 6 97 2 17 0 37 5 100 4 18 9 57 5 16 8 55 0 28 3 1 3 49 0 71 6 99 3 16 1 32 2 38 3 43 7 97 1 20 1 35 1 62 2 23 2 31 5 90 6 16 4 10 1 54 5 53 4 38 3 66 1 42 2 86 6 34 2 45 
50 6 68 6 25 2 29 2 17 5 44 7 63 8 27 4 12 7 22 8 34 8 80 0 68 9 57 8 78 5 94 0 14 3 100 4 62 6 4 7 18 8 86 4 64 3 57 0 83 7 57 3 20 9 92 4 6 2 27 2 86 2 57 3 100 9 100 5 72 8 80 7 48 9 60 1 26 6 63 2 4 5 94 7 49 4 89 3 100 3 59 9 61 9 47 3 62 4 44 8 49 
50 4 85 6 13 8 79 3 74 0 38 2 16 3 14 6 21 8 35 4 75 9 88 0 48 6 7 7 66 4 88 4 36 1 18 9 25 0 55 5 62 7 35 9 26 6 82 9 13 0 50 8 43 1 76 5 25 3 52 2 91 0 42 7 2 0 79 1 11 6 66 9 34 2 98 5 96 2 64 9 89 2 42 6 22 4 20 3 79 1 16 0 29 0 86 8 57 8 23 2 97 
50 1 51 7 11 6 79 4 17 5 87 2 55 7 2 6 31 1 16 2 84 0 88 7 85 0 35 2 90 2 17 5 58 6 37 4 4 0 77 8 26 7 70 3 81 0 97 6 75 1 60 8 90 9 2 6 83 0 24 8 51 6 62 3 59 9 58 5 24 0 50 0 9 2 31 2 67 6 29 9 38 6 23 4 23 2 4 3 22 6 57 1 29 9 93 4 1 8 23 7 40 
50 1 95 3 17 1 100 1 61 1 56 9 90 3 97 8 11 6 58 6 68 6 13 5 13 7 50 5 71 6 79 6 49 5 81 9 48 9 27 1 72 9 14 5 85 7 95 4 36 1 54 0 21 6 50 1 80 0 39 1 80 9 21 0 13 3 45 0 53 7 22 8 76 1 62 4 56 9 5 7 7 3 37 3 96 6 81 5 19 9 51 4 99 1 20 8 14 4 70 8 20 
50 4 40 6 7 2 76 9 31 0 38 6 99 3 41 9 40 6 89 6 47 3 45 5 93 9 5 3 4 4 86 1 99 3 72 3 76 2 89 6 56 8 9 8 56 1 87 7 79 4 74 4 67 4 73 4 24 0 40 0 23 3 52 0 13 2 10 3 78 2 39 7 81 4 46 4 11 7 65 3 55 1 75 7 44 4 50 5 77 9 9 2 13 0 31 2 65 5 35 2 85 
