10 10
50 7 60 8 63 9 22 6 5 2 17 0 43 8 45 3 75 1 64 7 72 5 11 3 11 8 54 1 56 4 11 6 45 3 6 9 54 1 22 1 38 9 1 6 74 7 57 5 6 9 83 5 62 4 66 3 30 3 53 0 93 4 69 1 3 1 74 1 88 4 47 0 76 1 21 5 83 6 20 4 61 3 90 4 44 3 77 2 98 4 90 9 94 2 21 0 80 5 95 4 78 
50 5 6 2 80 3 71 8 91 9 74 9 15 1 1 2 10 8 60 1 59 0 53 7 67 8 16 3 80 6 93 7 83 2 48 8 76 9 29 0 8 2 71 4 35 7 39 0 3 3 63 7 21 9 92 6 32 6 67 7 73 1 77 5 4 4 26 8 68 9 84 7 93 4 26 2 74 5 99 1 35 7 56 6 21 7 67 9 67 9 18 0 85 8 57 9 7 0 36 6 27 
50 3 22 2 24 0 50 3 43 7 59 1 24 1 92 4 26 7 67 4 27 0 43 2 13 6 81 3 34 8 22 6 74 8 43 0 62 1 24 4 18 8 67 7 49 7 58 1 85 3 11 5 98 2 57 7 11 8 35 1 10 8 22 8 28 2 56 9 48 6 87 1 82 4 77 0 95 0 4 3 93 5 88 3 84 8 93 1 81 8 32 1 58 1 96 1 45 6 24 2 3 
50 2 93 9 86 0 81 2 98 4 70 5 33 4 65 8 70 3 15 7 10 0 5 9 47 4 10 6 49 0 42 1 58 0 16 0 57 4 89 5 53 5 75 2 3 3 47 8 23 8 67 6 5 1 84 3 31 3 17 7 56 9 94 5 25 7 92 2 93 0 25 4 57 1 56 1 36 1 63 6 12 4 56 4 86 4 31 8 45 2 78 0 41 7 5 2 29 4 57 4 48 
50 4 35 2 7 6 20 5 19 8 85 7 8 0 29 1 6 5 64 3 55 2 37 5 39 1 70 4 2 2 64 5 18 7 88 4 96 9 22 6 89 6 13 8 93 8 39 9 47 5 72 9 82 5 92 6 84 1 44 9 38 2 78 2 90 5 30 4 16 8 48 0 85 5 90 4 91 1 31 6 62 4 97 1 18 0 12 5 6 3 80 2 93 9 89 1 18 8 21 5 57 
50 7 18 5 5 0 67 9 96 5 11 5 94 2 90 4 45 4 52 9 49 7 13 7 31 5 46 7 13 8 98 1 16 2 68 5 40 4 40 4 30 9 29 0 42 5 94 1 18 3 32 7 82 9 22 2 65 3 1 8 62 3 68 5 89 5 50 0 28 8 73 8 56 7 99 9 73 3 68 1 91 3 36 3 53 5 50 0 76 1 42 5 76 3 70 7 53 6 5 2 40 
50 5 16 1 59 2 28 3 17 3 45 0 81 4 39 8 7 1 83 9 10 7 42 8 24 3 86 5 85 4 52 5 12 4 2 8 96 4 17 2 45 7 9 1 29 4 75 8 61 9 32 9 99 8 55 8 2 3 30 6 62 0 87 7 10 7 20 2 79 5 71 0 49 6 48 6 68 1 14 3 60 8 77 4 64 3 84 4 49 7 59 8 53 4 10 2 88 3 7 8 7 
50 2 20 5 17 4 27 2 65 0 56 6 32 3 44 4 58 6 33 0 97 0 39 5 66 4 99 7 15 2 61 0 49 0 50 2 18 8 10 2 47 8 70 8 30 2 56 8 75 5 69 4 23 2 96 7 56 0 61 0 55 5 58 8 35 3 84 9 43 3 60 5 87 6 18 5 44 7 62 3 57 1 96 3 47 2 94 5 15 1 13 9 27 6 88 1 65 1 99 9 78 
50 4 30 8 27 2 68 9 16 3 10 3 29 9 26 1 2 3 8 0 63 3 40 8 55 2 77 3 12 1 59 6 69 6 4 7 43 1 26 9 54 6 95 2 10 0 77 0 33 0 39 8 43 5 96 6 50 8 40 9 64 3 64 5 42 8 45 7 6 3 35 2 59 9 39 7 19 9 19 3 10 7 49 6 43 2 67 0 81 8 40 4 42 5 66 1 77 6 19 1 47 
50 2 23 7 47 1 52 4 88 2 2 7 43 7 8 8 69 8 24 2 83 4 76 7 73 4 15 9 98 2 5 2 4 3 31 4 99 7 24 4 61 7 29 8 10 2 36 8 42 4 29 7 20 5 27 2 78 9 41 6 56 7 44 1 95 3 30 8 15 2 10 0 12 6 21 6 53 0 80 9 74 6 77 9 24 7 88 9 56 9 86 8 57 4 86 0 56 9 75 8 9 
