10 10
50 4 29 2 63 2 69 6 99 3 5 3 37 0 27 0 44 1 36 4 11 1 80 7 97 4 72 7 22 5 34 1 76 7 30 0 34 9 69 9 84 6 53 0 27 3 58 2 19 7 98 4 31 9 78 1 54 1 76 1 2 8 70 6 33 7 47 1 29 7 1 8 68 2 75 4 74 5 79 5 83 2 31 0 80 0 21 9 79 3 28 1 31 0 42 4 58 1 19 7 7 
50 9 93 1 14 8 55 9 21 0 61 4 14 6 10 5 76 5 26 7 57 5 54 1 80 0 98 8 52 5 90 7 14 4 80 8 86 1 95 1 12 3 4 0 84 8 25 0 28 4 45 2 91 6 93 7 75 6 98 8 54 4 100 8 19 1 7 0 91 7 87 6 91 4 55 9 50 0 36 9 49 5 70 3 60 7 30 7 87 1 60 2 10 5 19 9 98 0 45 7 82 
50 7 95 1 75 7 72 9 54 0 34 2 5 4 74 3 88 3 26 0 18 0 98 5 58 4 70 0 58 9 8 2 63 7 70 8 75 0 83 1 72 8 38 7 67 7 41 0 21 0 49 0 26 4 35 0 31 4 77 6 1 7 68 4 69 2 47 3 83 5 16 1 12 5 39 7 32 9 36 0 70 3 53 8 3 0 58 7 95 2 69 7 18 0 57 9 78 5 100 8 43 
50 9 19 7 67 1 58 1 65 6 86 0 44 7 52 8 68 6 1 5 59 8 57 3 76 1 8 4 53 9 53 0 91 6 33 7 17 9 32 9 2 6 90 0 11 7 50 2 49 5 71 6 45 0 72 5 89 6 31 3 57 7 92 7 97 3 94 2 82 9 27 8 34 3 21 5 83 3 76 4 35 8 12 0 91 7 3 0 56 7 66 1 67 7 46 2 88 0 51 8 30 
50 2 68 2 42 0 33 9 80 2 28 4 85 7 19 5 16 0 6 2 46 9 20 7 17 7 39 0 59 5 72 7 24 0 35 4 90 6 2 5 96 6 49 8 15 7 66 9 9 0 45 8 22 8 69 7 43 2 46 9 90 9 5 2 51 3 64 5 61 7 6 6 79 6 30 4 24 3 46 5 92 1 22 8 14 4 41 4 80 6 98 7 95 9 38 1 75 4 100 1 12 
50 5 83 0 76 8 82 9 92 3 43 7 88 7 14 6 1 3 98 7 82 0 73 7 96 8 24 5 44 1 51 3 77 3 58 3 85 2 5 9 33 0 100 1 72 0 74 0 61 9 36 0 82 3 6 4 86 7 77 7 70 8 89 8 20 6 91 3 37 8 85 3 67 6 69 8 90 7 80 1 100 8 44 2 20 5 92 8 26 2 95 7 61 0 85 7 63 4 5 3 13 
50 2 63 9 77 6 25 5 60 7 49 0 76 7 60 3 44 6 81 5 94 0 94 7 54 9 83 4 92 8 43 4 36 2 58 6 87 3 36 3 50 8 63 3 50 8 45 4 80 2 63 7 62 5 35 8 29 5 12 0 89 1 25 9 43 2 17 0 91 7 68 2 91 8 66 2 98 8 43 8 48 8 65 1 12 8 37 1 41 7 72 3 64 2 25 9 15 9 99 9 70 
50 2 77 4 48 4 94 3 28 0 62 5 26 1 80 6 50 5 40 7 65 4 61 5 47 9 8 6 35 2 36 2 7 9 36 1 28 0 59 2 42 2 4 0 27 6 50 1 66 5 4 2 99 0 24 0 61 3 96 1 61 3 86 3 80 5 35 5 55 0 82 7 26 2 45 0 12 2 81 9 79 5 85 9 71 6 9 4 94 1 23 3 76 8 71 2 12 0 57 8 78 
50 4 66 4 51 0 70 4 35 5 24 9 6 8 69 5 29 8 49 6 28 5 4 6 91 9 31 7 29 7 6 6 9 9 35 7 36 3 26 4 4 3 15 3 65 1 30 1 76 0 27 0 74 4 91 7 21 5 19 4 8 9 6 9 77 3 4 6 45 8 61 9 58 0 5 2 93 0 71 3 72 8 44 7 71 0 52 8 100 7 96 6 26 5 89 9 56 4 24 4 47 
50 8 78 1 53 8 92 9 24 5 15 5 42 6 89 6 19 3 29 7 42 9 76 9 95 8 72 0 86 9 61 9 30 4 3 0 4 7 57 2 70 4 20 5 12 2 26 3 15 8 47 2 34 1 31 1 74 9 40 1 77 4 42 1 7 1 39 1 5 0 13 6 98 9 60 9 89 9 2 2 38 2 99 4 65 3 21 2 1 8 43 5 75 2 66 9 25 0 72 4 92 
