10 10
50 4 53 3 31 4 15 8 34 4 59 5 2 5 56 5 56 2 57 5 19 7 86 3 100 6 36 3 11 3 31 3 35 7 45 7 35 0 47 7 38 6 98 2 52 0 48 0 27 5 82 8 14 8 39 7 32 9 27 1 89 0 81 6 50 1 6 3 4 0 82 8 80 7 7 4 88 2 88 0 90 6 30 9 68 8 69 8 59 5 5 0 56 1 60 2 23 3 77 9 66 
50 0 62 0 91 2 46 3 14 5 65 4 9 9 97 7 71 2 92 6 76 1 47 1 10 6 69 7 91 0 57 5 80 4 32 0 8 8 13 4 29 3 61 1 69 8 32 7 66 9 29 6 1 2 47 0 37 8 2 7 49 3 30 7 76 1 7 3 31 0 71 6 47 2 41 0 44 6 17 8 57 6 45 6 13 3 20 3 42 9 9 4 64 6 6 6 4 4 73 3 25 
50 0 82 6 7 9 78 1 74 9 31 6 78 9 35 3 36 9 35 2 48 1 9 0 85 2 57 6 2 0 44 7 95 3 85 1 25 0 6 5 81 0 93 9 46 2 24 1 16 1 68 5 96 5 8 2 30 1 82 6 57 8 58 4 94 0 88 9 30 2 13 2 37 3 85 8 17 1 86 3 29 5 82 5 62 8 14 2 34 4 88 4 36 8 40 5 53 8 68 5 13 
50 2 57 5 90 3 16 4 28 5 72 8 84 5 87 4 45 9 99 2 13 6 38 9 3 9 24 7 81 7 77 8 56 0 13 6 30 6 90 6 32 0 25 3 29 5 33 7 15 5 72 5 4 7 16 6 98 7 73 6 60 9 97 9 94 6 8 1 43 7 15 6 30 5 78 0 94 9 78 6 15 0 2 8 27 3 89 0 68 4 42 8 18 7 21 2 62 2 91 8 37 
50 1 66 3 27 2 93 9 5 8 6 7 23 3 39 6 28 7 47 1 39 7 50 1 27 3 22 9 79 9 75 7 69 4 31 7 99 4 92 4 4 5 78 1 41 4 60 8 54 0 82 6 88 7 82 2 63 8 68 6 33 1 14 1 4 2 71 5 25 5 70 0 54 6 40 1 30 5 62 7 10 1 37 5 64 6 40 7 9 0 62 4 22 3 93 7 81 4 81 7 25 
50 6 50 2 77 5 37 6 77 1 27 8 75 0 6 3 2 2 59 8 72 5 23 0 99 1 64 8 14 3 97 8 58 8 45 4 76 9 18 2 1 9 67 1 47 8 82 6 8 9 63 6 43 6 43 3 48 7 36 5 29 4 40 5 32 7 10 6 12 1 82 7 5 7 50 9 43 5 27 7 82 4 86 6 95 5 74 4 76 0 87 5 8 9 42 8 52 2 17 7 36 
50 0 68 9 21 2 2 9 29 3 74 5 64 2 76 8 93 9 66 1 13 0 8 8 98 6 39 2 68 7 47 7 91 3 65 4 69 8 24 2 15 7 68 7 52 4 76 7 9 0 41 5 68 8 34 4 46 9 95 4 6 6 72 1 29 0 84 5 75 8 33 0 67 5 12 2 91 1 63 8 91 9 49 9 48 3 6 2 82 5 30 3 87 6 54 1 61 7 10 9 2 
50 5 74 5 17 2 85 6 73 3 69 4 29 3 37 2 71 9 60 4 19 2 51 3 92 7 58 2 19 8 17 4 8 3 95 5 60 4 38 8 81 8 20 8 6 6 30 1 67 2 72 0 60 7 76 6 31 2 22 5 87 6 45 0 19 0 85 7 22 1 94 0 1 2 7 4 98 7 63 9 60 2 44 9 65 2 34 0 85 0 19 5 1 5 1 7 7 4 23 4 33 
50 5 12 8 11 0 67 1 51 4 84 7 5 2 87 9 18 1 33 0 53 8 58 6 90 3 13 5 12 6 68 4 16 0 62 8 56 7 92 4 20 2 89 6 99 1 31 6 32 6 52 5 4 5 61 4 54 1 29 8 16 4 53 6 6 7 78 6 87 1 14 7 61 2 46 2 46 9 45 2 92 4 45 3 59 9 39 0 51 9 55 2 97 4 18 1 88 3 97 3 24 
50 4 16 6 36 8 48 5 89 3 80 3 58 1 88 7 92 2 71 9 40 5 67 8 73 2 71 0 76 6 4 6 9 2 20 6 96 3 40 5 55 6 38 3 1 9 88 3 16 1 74 8 57 3 64 7 55 8 85 8 43 1 65 5 21 0 35 1 53 6 39 8 83 6 75 5 37 7 100 8 40 3 14 3 60 8 99 1 70 8 74 3 55 7 87 8 89 4 87 4 95 
