10 10
50 0 88 2 66 4 42 9 84 9 84 3 16 5 94 8 22 7 11 0 75 2 26 0 67 3 67 1 73 3 32 0 37 2 1 8 38 2 92 8 71 5 35 3 37 4 36 9 100 9 25 6 42 1 65 3 29 8 83 1 52 0 86 6 1 5 14 0 91 5 84 5 31 6 19 9 93 6 68 7 51 0 21 6 62 7 24 7 87 3 51 2 58 8 64 6 28 0 90 4 35 
50 7 73 7 93 3 93 3 25 9 3 0 4 5 45 2 51 2 36 2 59 3 25 1 28 3 100 2 39 7 70 8 30 5 55 3 31 3 77 8 59 0 19 1 53 8 6 8 43 9 47 8 67 0 67 1 97 3 18 6 73 2 7 1 96 7 55 2 40 0 24 9 87 4 4 1 20 1 3 2 42 3 87 8 45 1 66 6 55 3 83 3 16 1 18 7 83 3 61 3 97 
50 6 50 8 35 7 13 3 4 7 69 3 28 9 95 8 59 0 31 2 70 0 49 0 65 3 48 4 77 2 1 9 47 9 24 3 67 8 10 5 39 6 80 7 89 0 95 1 54 6 73 6 22 5 18 8 37 9 88 3 33 5 1 9 30 8 74 6 12 1 69 8 41 8 4 2 60 0 15 4 55 8 55 8 75 7 43 2 99 1 29 5 56 5 55 6 84 6 39 5 51 
50 7 89 2 80 1 1 5 4 2 2 5 96 5 35 5 52 1 87 8 41 1 96 3 73 1 48 8 79 5 1 6 27 5 60 5 9 4 17 0 66 5 77 5 100 6 17 2 33 1 80 0 12 4 31 8 8 6 81 4 70 1 28 2 48 5 75 9 3 5 56 2 87 9 52 5 5 0 7 4 68 7 17 6 26 0 19 8 93 1 96 2 42 7 46 5 75 6 34 9 43 
50 9 75 8 7 5 52 8 31 4 87 9 53 3 49 8 74 0 38 7 41 6 8 3 17 4 32 8 83 0 82 7 80 8 59 7 51 6 1 7 43 4 7 6 30 6 66 5 54 7 44 0 85 6 97 6 24 9 72 9 25 8 38 9 51 7 45 8 96 1 45 7 17 8 47 1 71 7 65 5 43 2 5 2 22 8 55 9 19 5 42 9 40 1 7 3 53 6 48 5 51 
50 8 84 1 82 3 59 0 10 9 11 7 52 0 1 9 64 6 85 2 70 3 35 8 27 6 33 9 94 0 2 5 28 2 38 1 8 7 5 2 3 7 7 7 95 4 69 0 23 1 16 2 81 2 48 7 18 4 38 1 44 4 89 5 3 4 38 9 14 6 20 7 11 8 73 1 72 8 16 8 98 6 88 4 19 1 7 3 7 9 51 8 25 9 84 9 68 2 88 0 76 
50 9 29 6 98 0 73 0 62 7 34 7 71 8 84 1 9 0 46 7 93 3 97 9 22 2 89 2 10 6 63 8 84 5 37 0 95 8 10 9 75 4 30 1 85 4 58 5 79 1 76 6 92 5 34 2 16 9 66 2 94 0 45 7 8 6 23 6 40 8 28 9 8 6 2 6 71 3 74 0 69 7 11 2 93 8 7 0 69 1 32 8 9 7 100 5 84 6 82 2 75 
50 9 49 8 72 8 18 7 47 2 63 0 59 0 69 2 2 6 49 1 23 9 9 1 91 5 84 0 81 3 84 2 41 9 44 5 71 2 64 6 24 6 23 9 4 7 99 3 32 1 81 0 4 4 36 5 50 7 76 7 45 0 88 6 79 3 26 5 78 3 73 8 18 5 62 5 19 8 35 9 89 6 56 6 26 4 18 6 18 4 99 5 31 4 24 2 17 7 13 2 22 
50 5 12 1 5 7 29 1 95 8 32 9 44 0 58 5 65 7 4 3 95 7 65 7 21 1 18 6 17 1 48 5 16 8 74 3 6 3 40 7 48 9 49 6 5 3 86 3 84 4 34 9 76 7 64 1 63 7 32 6 55 8 71 5 74 5 62 1 94 1 99 6 76 8 83 8 78 8 25 2 12 6 10 6 92 1 86 3 83 9 26 0 86 0 40 0 35 8 1 7 5 
50 2 37 6 46 9 46 9 67 5 44 0 78 1 13 1 51 6 60 5 96 1 46 1 71 1 97 9 10 5 34 2 94 2 79 9 58 7 15 6 74 2 15 8 77 0 44 8 46 5 6 7 9 9 97 6 91 7 82 8 6 7 59 3 73 1 67 3 9 0 36 1 32 3 77 1 83 6 32 9 27 2 88 0 68 9 37 8 46 5 51 6 24 5 6 7 7 3 23 8 56 
