10 10
50 3 11 1 62 5 85 7 61 3 55 2 46 3 41 3 12 8 71 3 87 6 4 0 40 5 70 9 29 8 84 0 64 3 34 6 70 6 40 8 63 4 17 2 91 8 37 0 96 5 94 2 80 5 100 2 82 5 29 7 9 7 69 7 89 4 20 1 6 2 7 5 70 8 53 6 8 9 65 3 92 3 80 5 58 6 37 8 95 8 93 5 61 1 27 5 21 0 47 0 26 
50 9 26 5 46 3 75 2 43 7 53 5 87 3 48 1 54 9 11 1 6 9 1 2 63 4 40 6 40 0 75 6 54 5 48 7 96 8 64 2 39 9 55 4 38 7 79 2 57 4 66 5 44 3 39 5 5 6 79 9 50 9 71 4 17 1 90 4 40 9 31 0 67 6 100 4 5 6 38 7 59 8 26 5 29 4 44 3 66 3 61 3 80 9 80 4 29 5 41 7 43 
50 8 48 6 57 7 44 3 83 7 18 7 48 3 39 1 88 3 89 1 77 2 44 1 9 8 68 9 20 2 52 9 8 2 84 4 40 9 38 0 56 4 63 5 84 3 39 3 12 1 42 1 43 8 36 5 11 3 2 9 26 1 88 2 89 1 62 7 7 3 13 4 60 2 32 5 71 2 29 7 26 9 22 6 38 1 99 9 55 1 98 4 18 4 77 5 59 4 94 7 25 
50 2 70 7 12 2 13 8 22 2 44 0 80 1 42 5 83 1 80 9 61 7 29 9 13 2 75 6 49 3 67 4 96 5 100 8 67 3 58 0 74 7 63 0 8 1 47 1 71 9 89 3 57 7 78 3 41 0 12 4 59 3 74 9 49 1 94 0 98 8 89 0 86 9 26 9 99 2 23 0 29 4 92 0 55 2 31 3 8 4 4 5 78 9 43 0 85 6 76 9 45 
50 4 49 8 94 0 23 1 80 3 51 1 72 4 54 8 34 1 27 5 22 0 4 9 28 9 18 4 3 2 90 1 44 5 24 9 63 4 47 8 47 5 85 3 69 6 80 6 51 9 7 6 47 5 100 1 53 1 65 1 19 7 37 0 44 3 82 8 86 8 73 4 47 4 30 2 3 4 82 3 32 1 13 1 36 7 58 1 56 2 16 0 99 5 35 6 72 2 16 2 13 
50 6 37 0 92 6 47 2 82 5 82 9 41 9 46 1 36 0 10 2 31 3 12 8 92 1 36 6 42 5 5 6 14 0 76 0 7 1 21 4 96 1 53 2 18 1 65 1 54 6 93 5 28 3 17 4 31 7 92 0 9 8 25 6 37 3 62 5 90 9 89 5 23 8 23 5 29 9 46 4 4 1 66 1 1 3 66 7 64 2 22 9 83 5 34 4 94 3 72 1 82 
50 3 96 1 49 3 79 9 87 7 13 9 77 0 7 3 52 1 14 8 48 4 8 1 73 6 28 2 98 6 44 8 27 4 56 9 71 6 41 7 19 1 67 4 41 1 79 6 66 7 95 9 10 8 64 2 55 2 78 2 22 3 28 7 96 7 16 5 90 4 83 3 72 1 85 7 40 6 10 4 72 8 54 2 42 1 88 3 21 7 99 8 5 6 92 7 100 8 65 2 47 
50 8 9 8 12 1 25 2 39 7 80 1 31 4 62 3 20 8 42 7 35 1 14 4 21 5 91 8 86 8 30 6 2 0 79 7 56 3 12 7 60 1 83 6 4 4 39 8 13 8 23 9 53 5 59 4 93 5 14 3 20 5 92 2 22 0 87 8 53 5 16 4 30 2 90 6 64 4 40 3 84 6 68 2 11 8 53 9 5 8 77 6 94 6 72 4 54 7 52 9 90 
50 8 47 7 47 2 61 0 23 0 82 9 14 3 98 8 13 9 96 9 15 7 11 5 95 5 85 1 10 0 85 4 76 3 16 6 98 8 84 2 10 5 14 9 68 3 12 9 90 4 58 7 38 6 22 8 55 6 33 7 32 2 57 0 100 2 88 9 40 1 62 3 39 3 42 9 58 8 22 2 90 8 43 8 22 5 66 8 30 2 76 7 98 5 40 1 73 8 65 6 39 
50 5 37 9 78 5 70 8 21 7 98 5 62 4 61 9 48 7 23 4 92 3 39 6 70 8 1 9 45 0 35 9 88 6 67 7 62 0 58 0 80 8 98 6 24 8 56 2 65 8 95 1 7 6 16 9 68 5 1 0 60 9 47 7 73 7 54 1 46 4 90 7 72 9 96 7 66 3 79 2 29 1 71 5 56 9 46 6 28 6 42 3 97 4 56 9 44 4 67 8 29 
