10 10
50 4 92 2 61 7 17 4 91 8 12 3 10 0 3 6 20 0 24 9 81 4 78 8 75 2 74 8 69 6 38 0 90 2 96 1 27 5 41 6 32 8 97 8 81 8 72 4 49 9 5 5 36 1 4 4 89 6 12 7 70 0 94 6 16 9 67 1 72 0 46 2 44 0 36 5 23 8 41 7 74 2 23 2 64 4 14 1 7 7 52 9 25 4 29 2 18 4 78 8 29 
50 6 61 5 87 1 85 3 48 6 18 7 47 3 27 2 70 9 61 9 5 7 38 5 3 7 8 5 38 4 77 7 79 4 25 3 100 6 17 0 84 4 75 4 36 9 61 9 11 7 27 3 85 4 60 7 27 3 19 0 78 4 84 3 38 0 40 4 89 0 62 4 65 5 35 1 33 1 73 7 5 1 84 5 49 3 5 1 9 6 77 4 33 4 28 4 55 5 38 3 84 
50 8 84 2 87 5 65 1 35 2 61 7 64 6 40 5 26 3 47 3 35 7 71 1 100 8 20 2 54 3 5 2 71 8 87 6 81 7 73 3 26 1 20 5 22 4 51 2 81 4 63 7 48 0 20 2 61 4 22 4 30 3 21 6 13 9 95 7 6 5 13 4 20 8 99 9 96 0 40 1 69 4 82 6 20 4 77 4 23 0 65 6 90 8 72 1 58 1 87 2 15 
50 7 43 2 2 7 63 7 24 6 37 2 44 3 77 0 37 4 76 8 33 2 43 0 99 5 21 4 71 4 82 1 98 5 13 1 42 5 84 6 91 1 1 4 14 7 75 3 74 1 6 2 11 8 77 4 5 7 73 9 45 0 10 9 2 8 97 7 98 6 49 7 26 7 10 8 59 5 5 7 3 3 13 4 69 2 30 0 41 1 40 3 57 1 75 4 35 4 29 4 24 
50 8 77 8 63 8 48 2 16 7 54 9 26 0 23 7 2 1 94 4 39 4 27 1 29 0 56 3 14 2 68 3 3 3 48 5 35 3 14 7 81 4 40 4 91 3 60 2 49 2 40 8 81 9 92 8 90 9 40 9 5 8 65 3 60 0 16 9 23 8 68 3 9 2 45 6 37 6 3 1 82 2 57 4 87 8 75 3 88 6 59 2 91 3 19 0 80 6 83 2 30 
50 2 70 2 90 3 97 3 51 3 93 1 95 6 87 0 95 7 36 9 46 5 57 3 72 6 62 5 94 4 99 5 78 9 51 3 75 6 22 7 70 1 54 3 99 0 35 5 79 5 93 1 80 8 87 4 18 0 1 0 21 9 58 6 73 2 48 8 19 9 78 1 71 2 61 1 96 2 83 9 1 7 43 8 58 8 59 6 91 5 31 5 74 9 23 7 40 5 77 7 70 
50 8 78 0 2 4 19 9 54 2 13 8 61 5 11 3 60 4 39 9 73 4 69 4 32 8 7 7 19 4 30 3 75 7 56 1 81 2 34 8 80 2 35 8 56 4 84 9 93 4 88 9 99 5 87 7 71 2 26 6 93 1 31 9 16 9 67 4 44 9 66 7 30 3 15 2 49 8 47 4 8 1 48 0 47 0 31 7 92 1 17 5 99 2 48 7 70 0 24 3 97 
50 0 47 5 1 4 39 3 40 0 71 4 88 0 60 9 29 0 21 0 27 8 39 1 43 3 5 0 15 7 10 2 60 2 6 2 19 2 46 8 83 9 54 4 20 0 32 0 80 4 8 5 24 8 9 6 35 0 46 2 69 7 59 5 72 8 79 6 53 3 95 3 69 7 88 1 67 5 99 7 36 7 91 8 77 3 6 2 74 1 18 6 20 3 27 1 43 8 84 6 43 
50 5 27 6 55 8 50 0 33 4 39 3 53 7 73 9 21 0 96 7 2 9 13 2 17 9 88 3 5 0 1 9 98 4 35 9 61 3 99 5 27 3 15 9 3 8 11 0 83 8 19 7 51 9 54 4 97 9 76 1 15 8 54 3 56 1 78 8 38 8 35 0 88 0 52 1 86 6 50 5 41 3 17 7 89 4 75 8 86 7 77 3 68 3 85 4 67 2 75 8 20 
50 3 49 8 53 5 31 3 47 1 8 9 18 1 22 4 81 9 60 5 72 4 72 4 89 6 5 5 10 6 37 4 22 5 17 1 40 7 65 3 37 7 38 8 15 3 40 0 32 2 27 7 95 8 22 8 41 9 68 5 44 1 78 4 95 2 27 1 53 0 21 5 100 1 16 8 88 8 90 1 84 4 6 8 10 9 1 9 1 3 1 3 7 6 79 1 72 2 74 1 98 
