10 10
50 6 17 8 68 4 14 6 95 8 15 8 71 1 73 5 20 3 48 3 48 0 78 0 41 6 44 8 64 6 87 7 10 4 81 3 75 9 73 5 26 5 72 7 78 9 46 4 82 1 70 1 93 8 18 6 48 0 7 5 91 6 91 7 2 3 66 6 80 0 92 5 16 1 35 2 83 9 59 3 8 1 71 4 38 6 50 8 8 3 49 1 47 5 52 2 6 6 4 1 98 
50 3 24 2 54 9 80 6 38 2 88 2 1 4 64 1 55 5 28 7 11 6 30 0 84 0 54 5 24 5 83 0 20 2 38 9 91 4 32 4 61 6 57 3 88 8 97 6 89 0 16 1 72 6 24 7 6 2 93 8 4 2 96 3 76 3 98 4 42 8 78 4 88 8 68 0 75 5 57 9 15 5 77 5 5 6 25 4 63 8 31 6 23 5 30 2 68 9 20 5 57 
50 3 80 6 18 6 99 5 50 4 22 0 25 8 57 2 17 3 70 1 15 5 58 7 36 2 30 7 9 0 15 7 100 5 8 9 93 8 42 6 92 4 56 6 2 3 83 8 59 7 7 4 75 3 80 8 93 5 73 6 71 3 88 6 3 0 93 7 36 5 70 5 44 8 23 5 3 3 75 7 92 2 42 5 36 2 82 2 37 9 44 2 15 0 48 6 62 9 74 0 44 
50 9 54 1 65 2 66 4 63 4 37 3 44 9 11 4 75 6 40 7 76 0 65 9 30 4 85 7 100 4 99 7 57 5 35 1 19 3 20 4 91 0 88 1 74 5 85 4 95 9 94 0 88 6 45 9 6 1 88 2 50 0 37 7 17 8 93 6 40 6 52 2 89 2 5 0 87 7 97 1 17 9 36 6 75 7 17 9 71 3 16 1 18 6 20 3 50 6 21 4 96 
50 1 87 7 40 0 70 0 94 4 76 1 14 8 100 3 9 1 69 6 74 0 39 7 51 5 34 7 34 3 45 8 34 7 72 5 53 7 20 1 8 2 42 9 24 9 72 6 48 0 92 4 97 1 83 0 73 3 23 5 67 1 39 9 7 3 78 5 35 3 53 5 61 5 99 6 11 5 37 9 52 7 25 1 27 4 10 6 48 2 88 5 74 4 60 5 36 9 62 6 52 
50 0 30 3 18 8 36 7 26 7 89 5 68 9 26 2 20 1 66 2 61 0 65 1 62 6 69 3 4 5 27 7 71 5 96 2 98 6 43 0 24 0 55 8 36 3 20 5 26 9 99 8 63 3 77 9 40 4 95 9 9 4 85 6 23 4 54 9 53 7 49 2 48 1 70 8 84 6 100 0 15 3 84 7 36 3 48 3 6 3 52 0 69 4 37 4 64 1 17 9 54 
50 9 66 7 70 5 26 0 5 9 74 1 73 6 4 6 70 4 95 3 89 5 93 7 42 3 29 4 26 0 13 3 15 1 18 2 16 7 62 7 23 7 98 8 63 6 17 6 61 2 91 1 54 1 96 3 93 1 66 4 83 1 69 6 99 1 25 2 28 8 42 9 40 3 19 5 4 4 94 7 90 8 72 3 26 0 92 4 40 6 62 0 79 6 71 0 79 3 13 5 9 
50 5 51 1 24 3 4 3 7 5 91 4 67 5 40 0 26 9 57 4 97 8 9 0 85 9 36 4 45 1 10 1 32 2 62 0 24 8 27 9 85 8 15 6 31 2 74 6 21 1 69 2 40 0 19 5 49 9 74 9 100 2 58 1 12 2 79 4 81 4 49 7 66 9 76 3 60 5 23 3 13 6 18 4 46 1 69 9 43 9 13 4 49 3 46 9 75 7 72 5 75 
50 9 64 6 16 8 94 6 72 8 67 6 76 9 55 0 24 2 53 9 85 8 57 0 87 7 5 8 4 1 78 8 95 1 78 3 100 0 59 7 52 2 47 0 2 4 56 6 94 5 69 2 87 1 5 1 87 1 5 8 29 0 97 3 85 4 57 8 88 8 71 4 43 6 25 3 67 7 40 3 36 7 57 0 61 0 3 9 44 3 2 6 11 3 32 6 2 5 85 9 57 
50 5 18 1 11 4 5 4 60 8 61 5 45 8 96 7 49 2 66 3 64 4 43 4 46 6 88 1 15 4 99 7 88 2 33 3 78 9 65 0 52 7 24 4 9 3 54 9 96 8 65 4 18 7 33 3 13 9 93 4 9 6 25 6 80 6 24 5 69 2 46 5 79 8 99 6 70 8 89 6 80 1 48 6 34 2 54 6 24 2 99 3 70 0 23 2 54 0 10 6 18 
