10 10
50 9 88 3 76 6 29 4 86 1 55 7 70 9 58 2 34 7 73 7 6 3 56 4 80 3 45 9 62 6 79 1 68 4 33 4 53 6 50 3 87 4 16 2 52 7 57 2 8 2 11 2 26 8 61 5 100 3 10 0 58 7 78 5 39 7 15 2 17 0 28 4 100 6 42 2 53 1 82 9 54 0 4 5 20 0 81 1 83 2 17 1 79 8 96 9 70 8 30 2 54 
50 6 14 6 23 2 22 2 87 2 48 3 35 6 7 3 47 0 27 0 41 1 20 4 86 7 67 8 88 5 82 6 80 7 82 3 21 4 98 5 5 5 91 2 78 0 32 0 81 3 43 6 89 9 61 8 24 3 84 2 84 7 61 5 75 9 89 8 93 3 58 0 2 1 88 3 20 5 90 3 50 3 78 0 2 8 25 8 90 7 53 5 14 8 56 7 30 0 38 2 40 
50 3 32 0 41 6 81 5 3 0 16 3 84 1 74 2 95 4 93 3 56 1 12 7 56 3 83 0 76 0 11 1 14 6 15 9 98 0 65 1 80 1 68 7 44 1 88 1 63 0 83 3 65 0 45 8 93 2 7 0 29 0 25 5 29 2 26 2 55 4 39 9 3 5 29 9 52 1 13 7 86 9 36 0 81 9 20 4 87 3 77 6 83 1 52 2 98 9 3 0 35 
50 4 38 2 60 9 53 8 73 5 18 1 24 6 74 0 97 1 86 0 96 9 84 3 91 0 22 3 64 4 86 5 68 6 42 2 52 0 24 2 95 0 9 0 68 6 22 8 48 9 38 4 16 2 81 8 82 5 60 8 31 2 10 2 31 0 39 5 73 8 15 2 72 6 82 9 65 1 62 6 5 5 90 2 11 0 6 3 17 5 3 3 64 2 38 8 87 0 64 9 7 
50 5 25 9 49 2 95 4 52 2 63 1 24 3 94 5 38 9 91 2 11 7 22 0 31 7 59 5 15 3 61 6 55 9 25 6 59 2 36 9 58 9 80 9 66 1 73 8 70 7 92 8 2 6 73 1 70 6 59 8 52 7 3 7 47 9 81 5 31 5 41 8 21 4 50 8 70 1 69 9 71 7 85 6 51 0 11 2 47 8 53 6 85 1 74 3 15 3 24 4 12 
50 0 84 7 87 5 59 0 96 4 36 7 63 4 71 5 100 1 46 0 49 2 48 7 30 2 89 8 64 2 37 4 42 4 1 3 24 5 67 5 70 2 34 3 3 4 66 3 25 5 73 3 46 0 69 0 55 1 41 6 8 6 51 1 90 2 18 0 4 4 95 9 97 1 84 9 1 8 26 7 7 8 71 1 5 4 33 8 70 3 6 8 92 1 85 2 98 2 59 7 91 
50 8 46 3 38 8 39 5 73 7 12 8 21 2 48 7 15 8 44 5 23 8 75 9 30 1 20 6 16 2 4 8 84 1 25 7 57 7 73 9 21 3 69 2 24 3 71 1 96 3 66 9 75 5 81 0 25 1 22 6 87 0 58 5 13 8 27 0 8 2 21 8 53 2 53 7 96 2 43 7 3 9 93 6 76 2 31 5 40 1 31 6 20 4 25 5 8 0 62 9 81 
50 2 12 0 53 5 79 9 48 1 97 1 64 1 54 2 56 0 76 9 90 3 36 8 64 5 77 0 40 4 92 0 69 7 13 6 32 4 6 4 43 6 40 0 84 5 19 3 52 7 34 1 73 4 74 5 70 0 44 4 63 3 35 6 71 9 6 7 70 4 97 3 23 1 15 4 37 7 19 1 76 3 78 5 98 8 21 9 38 6 11 6 10 0 30 9 91 7 13 7 99 
50 2 36 0 7 7 94 5 79 8 13 2 25 7 28 2 38 0 49 8 37 0 71 6 59 9 71 0 91 7 51 9 2 8 70 3 32 0 65 4 90 3 25 5 33 6 96 4 100 6 51 6 14 9 18 7 78 8 67 4 32 5 28 4 59 3 51 7 74 7 31 7 98 6 33 8 76 7 9 5 55 9 62 3 1 4 31 7 26 2 40 0 33 6 72 6 47 5 59 5 99 
50 1 65 5 29 0 91 5 92 1 35 6 89 9 33 7 89 5 28 1 55 7 38 8 28 3 95 4 86 9 46 0 87 2 59 8 75 8 63 3 30 4 29 9 17 8 38 6 40 7 89 1 68 9 82 2 79 7 23 7 30 2 93 3 82 7 80 9 7 3 51 9 4 5 94 9 95 2 25 6 88 8 47 5 70 7 34 9 10 0 73 9 71 7 57 0 73 8 66 4 28 
