10 10
50 7 48 5 9 1 87 4 77 9 48 2 29 4 67 6 14 9 14 2 48 1 48 0 8 0 41 4 90 6 61 8 72 7 92 8 57 1 92 6 16 7 51 0 84 8 44 9 11 4 94 6 34 8 23 6 76 5 57 1 26 2 96 7 99 8 99 5 61 6 84 2 97 7 81 5 9 9 35 9 25 1 18 3 13 9 85 1 87 6 1 2 3 2 44 2 69 1 32 5 39 
50 7 78 5 47 1 89 3 53 2 76 4 48 0 29 4 95 0 51 2 87 4 73 6 88 1 80 1 5 5 93 2 7 8 92 6 82 5 30 8 44 8 87 3 47 6 60 8 98 8 10 4 64 5 34 7 12 6 1 0 65 2 63 3 86 2 26 0 33 0 66 4 48 5 42 7 86 6 74 6 43 4 86 0 66 1 58 7 86 5 31 3 98 6 22 4 30 2 65 5 79 
50 3 98 2 49 5 70 8 9 3 16 3 47 7 91 9 52 5 56 6 35 6 70 2 80 5 44 7 73 6 76 9 97 9 24 8 60 1 87 6 61 1 43 9 57 2 62 5 99 0 97 4 93 9 96 3 2 7 85 2 100 6 8 9 1 2 87 8 21 2 68 1 74 7 80 2 41 2 62 2 81 3 7 2 33 0 92 8 85 7 56 3 45 6 75 7 26 1 53 6 3 
50 8 57 7 25 7 69 7 100 7 74 2 65 2 20 2 37 8 40 3 5 5 49 0 12 0 78 4 93 7 61 9 56 9 42 1 73 4 6 3 73 3 92 0 21 4 21 6 5 4 4 9 18 4 97 5 29 0 49 9 96 6 4 9 47 5 98 6 76 9 86 6 96 8 98 0 96 0 15 1 21 4 73 5 77 4 16 5 55 5 82 2 23 6 38 6 63 4 20 4 62 
50 0 45 0 82 4 52 0 28 4 14 7 8 4 12 8 69 2 67 6 97 4 70 1 12 2 80 3 43 8 35 7 31 7 84 5 73 9 88 8 18 4 84 5 29 0 2 3 37 9 98 7 90 5 31 2 81 1 49 6 6 8 76 8 75 1 61 4 53 3 5 2 40 5 49 9 100 1 69 9 35 0 34 9 34 0 11 6 53 1 30 8 27 0 23 7 58 1 16 0 99 
50 0 19 7 62 1 73 5 100 6 74 8 26 5 18 1 40 5 63 0 87 2 18 6 10 8 4 2 16 7 28 3 72 5 59 7 80 1 16 0 35 8 72 3 40 7 45 2 61 3 94 3 56 1 4 8 46 5 44 9 6 8 50 2 78 9 91 9 18 8 30 5 17 7 76 8 41 7 44 6 8 6 10 7 32 9 55 3 53 0 43 5 73 6 92 9 74 6 58 0 54 
50 2 85 7 82 2 26 9 17 3 33 7 56 8 12 4 59 3 29 4 22 3 65 0 38 8 25 8 44 4 68 3 10 3 57 2 88 0 66 0 77 4 22 0 77 6 41 0 7 9 96 6 66 3 34 1 23 6 50 6 18 0 31 0 54 9 28 5 80 5 35 2 31 5 56 5 7 5 33 2 56 1 27 5 16 9 18 8 17 6 90 0 100 6 67 9 36 8 30 8 84 
50 7 83 6 18 5 11 5 51 5 76 7 46 4 82 0 17 8 51 0 47 8 63 1 13 1 77 6 60 6 28 4 10 3 75 7 2 8 30 5 11 0 79 9 50 8 42 8 66 0 40 0 67 0 22 1 7 5 56 7 80 7 24 3 92 8 43 7 52 7 29 0 85 5 39 4 78 0 59 6 69 1 96 5 93 7 32 2 63 0 32 7 90 2 4 1 47 4 12 5 46 
50 5 16 1 94 8 97 7 87 6 98 5 95 6 65 0 36 5 38 5 48 9 48 9 23 8 34 8 66 6 2 1 18 4 78 7 4 5 57 8 10 8 40 6 55 9 94 9 66 1 42 2 34 4 47 7 75 5 19 9 70 1 64 0 65 4 65 0 72 3 12 6 29 5 51 3 12 3 43 9 12 6 52 7 30 2 38 9 99 9 22 8 40 0 14 3 28 9 92 5 54 
50 8 69 7 7 7 50 2 20 6 1 4 67 9 46 6 85 4 53 0 60 2 65 8 88 3 28 5 93 8 91 9 54 7 4 5 81 2 60 9 9 7 47 0 6 5 39 4 44 1 48 9 78 9 84 9 47 7 18 4 81 1 8 5 36 1 22 5 70 4 88 2 73 5 64 5 25 4 28 6 61 4 79 6 96 5 96 0 94 4 97 5 15 8 42 8 7 8 62 1 26 
