10 10
50 3 36 6 78 4 10 8 52 6 18 9 11 0 72 5 97 3 99 6 44 1 61 7 80 0 88 6 89 0 98 3 97 7 64 2 60 6 75 3 83 1 79 3 27 4 4 2 9 6 18 2 27 2 29 5 59 5 80 1 78 1 6 7 84 9 82 5 40 0 19 3 82 8 8 0 56 5 39 7 40 5 76 2 3 8 73 4 72 7 36 0 50 5 72 4 43 7 61 2 24 
50 7 46 6 94 3 61 5 19 2 35 8 87 3 90 7 2 6 17 3 34 1 17 6 18 0 47 1 79 0 65 8 53 8 59 5 82 6 26 6 46 0 89 4 80 5 15 4 74 6 74 1 80 3 54 5 31 1 97 9 65 2 78 5 30 7 9 5 90 3 22 2 86 1 74 5 8 0 50 8 47 1 34 0 57 2 78 5 1 7 56 2 9 8 40 9 52 7 34 4 24 
50 1 70 7 88 9 23 5 62 4 96 3 11 5 47 3 28 4 68 2 12 5 25 5 27 1 39 1 2 9 62 8 78 4 39 4 74 2 90 2 98 9 91 8 100 6 69 7 64 6 43 6 98 4 7 8 40 4 75 3 96 5 95 0 9 2 21 6 4 7 75 2 32 1 66 0 8 7 14 8 87 3 91 4 16 1 54 6 31 4 27 4 49 2 75 1 54 1 86 0 78 
50 5 73 2 22 3 78 2 28 7 39 7 72 3 27 4 78 4 17 1 5 6 50 4 99 0 24 5 43 4 57 8 51 1 23 7 87 3 26 6 12 7 33 1 29 2 86 4 42 0 86 3 51 9 51 7 69 8 94 2 87 8 33 2 90 4 89 5 99 2 18 2 60 9 60 9 92 0 38 3 74 5 49 2 97 5 66 2 96 4 46 2 56 0 59 1 51 6 94 4 22 
50 3 3 6 10 6 33 4 92 6 89 9 39 1 21 9 64 7 16 5 49 1 43 5 56 8 44 8 91 9 100 5 67 8 87 7 65 3 64 8 79 9 34 8 95 9 97 1 88 4 38 8 63 1 38 8 29 7 81 6 22 2 84 6 47 8 65 3 27 4 28 5 84 6 59 6 31 5 15 3 41 0 32 4 68 2 85 0 74 0 79 0 7 0 86 6 91 8 99 7 31 
50 8 94 7 91 9 26 2 92 2 42 3 29 6 3 2 47 3 92 5 79 5 6 7 92 4 86 6 47 9 64 8 58 7 97 6 14 4 11 2 29 1 50 7 97 3 61 4 16 6 53 3 9 9 14 1 51 8 25 1 57 6 29 1 4 4 17 3 83 1 50 2 56 8 10 0 14 7 68 8 100 8 47 2 15 6 33 3 30 5 22 9 53 5 13 1 37 1 7 4 23 
50 9 36 8 79 5 60 7 86 1 55 9 93 1 49 6 87 0 74 7 45 5 33 2 82 3 65 3 66 7 100 3 54 9 12 7 2 5 72 2 62 3 61 7 21 9 27 6 96 4 47 3 47 3 28 3 9 8 56 4 30 3 41 0 55 4 76 0 100 5 74 0 36 2 52 3 25 9 20 8 16 3 26 0 96 1 14 8 66 3 53 0 63 5 27 8 2 2 15 3 81 
50 4 38 9 99 2 30 9 8 5 56 2 30 3 94 6 59 9 64 9 2 4 97 6 12 2 60 3 66 4 42 2 32 3 70 8 34 8 23 2 51 0 14 6 14 1 50 0 36 6 67 8 54 4 34 2 27 7 88 8 12 0 7 1 92 8 48 8 85 0 45 9 99 0 17 3 1 3 69 9 77 7 76 6 60 4 24 2 48 4 12 6 54 7 65 6 23 1 38 0 72 
50 0 37 8 32 1 38 8 60 5 24 6 87 5 12 3 94 3 79 8 93 8 29 2 60 5 40 0 89 5 5 5 35 0 65 2 11 9 29 9 52 3 78 8 8 6 26 5 11 2 88 4 92 3 46 5 100 0 8 7 81 4 66 3 30 8 4 2 69 7 59 6 40 1 17 0 42 0 50 5 26 8 85 5 78 5 59 9 95 9 94 3 9 8 71 9 99 2 94 8 19 
50 3 48 0 86 4 20 0 87 0 64 1 60 0 78 1 10 4 13 2 8 1 42 1 51 7 52 5 9 6 52 6 19 3 74 2 81 0 41 8 67 5 43 2 30 4 59 5 18 4 90 5 88 7 81 1 76 6 81 5 49 5 5 4 72 6 6 5 53 8 80 7 85 2 86 9 77 8 64 5 63 4 42 7 20 9 97 2 92 1 11 6 37 6 8 2 11 0 26 4 17 
