10 10
50 5 50 0 100 7 92 4 42 5 20 9 43 8 43 6 42 9 20 3 74 8 32 7 30 3 100 6 51 9 17 5 41 3 92 2 68 9 39 6 24 0 5 3 87 1 60 2 20 3 25 6 67 5 48 2 82 2 92 8 42 4 75 3 27 4 67 8 95 5 61 7 60 9 78 8 42 4 65 8 69 6 56 9 6 2 67 1 45 9 29 2 43 2 68 7 8 4 43 6 92 
50 3 58 5 84 7 11 3 3 4 47 6 61 7 19 8 2 1 48 9 72 3 16 5 96 0 96 4 52 4 88 1 13 0 47 3 24 1 16 2 30 5 78 6 98 8 61 9 35 0 59 2 41 1 94 3 22 4 75 8 71 7 23 7 31 9 70 9 97 4 75 6 62 6 30 8 94 8 8 3 68 8 38 8 23 3 33 3 18 3 29 4 86 5 34 7 56 0 76 3 85 
50 1 19 1 99 5 69 0 85 5 84 6 79 5 17 2 75 2 48 6 7 5 58 8 82 6 23 1 38 1 64 7 98 6 63 3 96 1 83 1 74 9 92 0 25 5 79 5 97 9 29 6 19 4 84 2 72 3 4 8 59 7 86 2 68 2 16 5 80 9 44 8 23 7 21 6 37 3 98 9 37 9 38 1 5 4 82 3 45 0 60 4 30 2 56 5 12 5 80 4 87 
50 2 29 7 95 9 31 8 26 3 23 9 9 0 24 2 83 0 51 1 55 9 48 5 23 2 92 1 12 5 52 9 50 2 95 7 57 4 53 5 53 8 88 3 97 0 26 2 63 0 61 9 51 3 77 6 34 7 53 7 83 3 19 0 29 8 18 4 73 4 35 0 75 7 51 2 75 5 96 1 67 6 56 2 11 0 100 4 14 2 5 3 55 8 55 4 47 9 38 3 56 
50 6 96 5 80 1 26 1 60 8 89 3 31 4 3 1 59 4 55 5 36 3 68 3 91 8 26 5 9 9 84 7 48 2 60 1 32 4 72 2 20 9 13 0 59 5 23 9 14 8 24 0 26 5 96 6 9 9 46 1 29 4 51 5 95 4 16 5 38 2 32 2 95 2 72 8 74 4 29 5 39 7 72 3 82 1 88 2 42 7 20 5 53 8 96 5 39 4 24 0 20 
50 7 88 1 43 1 68 6 65 1 55 5 91 3 14 7 12 0 39 0 41 8 12 0 63 8 12 2 12 1 81 8 60 7 34 1 33 5 1 6 69 7 28 0 55 3 25 2 72 6 6 2 98 8 88 6 71 7 80 3 14 0 94 6 56 0 8 1 21 1 1 4 84 4 72 0 52 1 70 3 70 7 3 0 7 7 33 5 26 0 71 2 95 1 32 2 4 1 77 8 28 
50 0 85 6 47 5 57 7 22 8 67 6 80 7 15 5 93 3 22 6 50 2 67 3 63 2 73 1 70 5 8 7 17 9 22 4 77 2 47 6 94 9 53 3 40 2 56 8 81 1 58 1 48 6 89 1 95 9 66 0 1 6 3 2 12 5 49 5 63 9 9 7 12 6 68 3 59 1 19 1 47 4 70 0 22 0 85 1 42 7 46 3 37 2 26 0 64 9 32 0 48 
50 3 30 6 50 4 59 2 40 8 50 3 7 8 97 4 14 9 22 3 73 2 98 2 31 0 25 4 59 8 79 1 52 6 35 4 98 4 45 8 29 4 5 4 85 8 4 9 13 1 91 7 24 0 88 9 44 5 8 2 21 7 11 1 55 9 25 2 50 3 21 1 86 4 96 1 94 9 55 4 25 4 63 8 51 0 90 0 39 6 45 6 94 8 46 6 62 2 90 4 39 
50 9 55 4 43 3 24 4 59 5 99 6 66 6 98 7 78 8 48 8 91 9 23 5 18 9 41 0 23 0 29 2 23 1 70 3 28 4 17 6 18 0 32 7 64 5 50 1 33 5 81 1 30 1 43 4 42 3 61 3 21 4 78 6 97 3 82 8 18 9 65 2 97 1 88 8 68 2 62 6 45 6 79 4 88 9 46 9 5 1 34 0 79 9 84 9 59 4 65 3 27 
50 2 88 3 93 4 2 9 67 5 63 7 37 0 1 7 100 8 78 5 43 9 84 4 88 4 68 7 90 7 26 9 27 9 6 1 2 2 71 5 94 5 57 6 66 2 18 7 56 3 66 1 96 2 70 8 32 9 13 7 15 6 100 1 26 4 3 1 39 7 57 0 50 0 1 0 89 9 6 3 41 4 30 0 54 7 35 1 13 2 10 0 75 0 53 0 43 5 77 5 99 
