10 10
50 3 37 6 36 5 87 0 19 3 36 8 68 1 32 2 15 5 13 7 87 2 66 6 35 1 79 0 95 1 28 6 62 8 34 6 13 3 71 2 54 6 96 2 78 4 73 9 97 0 29 4 60 4 46 1 89 8 83 7 97 9 70 3 52 2 6 3 89 3 76 3 53 9 85 6 55 1 90 6 45 7 16 4 69 2 68 1 35 3 71 6 58 6 60 2 73 0 70 4 17 
50 0 3 5 6 7 33 2 26 6 63 6 57 3 18 8 93 5 22 8 59 1 38 0 91 0 62 2 10 7 79 3 93 7 81 3 85 2 38 3 47 4 99 0 75 9 56 6 34 0 73 4 22 9 3 3 49 9 62 4 70 5 31 0 40 8 68 4 34 8 35 0 31 1 19 5 34 7 70 6 43 5 70 4 85 8 13 1 10 5 72 9 69 2 42 0 44 8 4 2 40 
50 7 56 9 88 7 93 1 69 4 72 0 23 5 67 9 99 1 61 1 1 7 46 2 7 5 9 8 69 7 9 6 4 2 65 5 21 2 95 9 74 3 98 5 93 9 22 3 89 9 36 7 63 5 86 4 98 1 86 0 98 6 9 4 68 4 48 2 71 8 16 7 88 4 10 1 100 8 29 9 59 5 13 4 1 9 53 8 79 9 76 5 63 3 48 2 71 1 60 7 16 
50 5 91 8 28 7 27 0 30 6 72 0 69 2 50 7 24 6 55 9 83 4 8 5 67 8 89 0 67 3 69 3 34 9 65 3 43 4 3 6 28 7 25 2 22 3 3 3 74 2 93 5 61 6 18 9 40 8 10 2 84 4 83 5 59 7 96 9 28 0 50 0 76 7 33 2 79 2 51 5 10 7 78 4 50 3 41 9 74 3 95 7 17 7 3 2 40 5 12 8 72 
50 7 96 5 45 7 4 6 100 3 43 7 46 1 72 9 100 9 41 4 80 5 4 6 90 6 74 2 8 9 10 1 94 4 66 2 73 6 53 1 60 8 41 6 76 6 71 4 66 0 98 2 69 3 96 9 70 6 30 3 15 3 86 5 88 4 59 4 44 5 27 0 92 0 64 6 63 8 29 7 25 6 53 7 40 4 95 5 89 7 17 7 85 5 30 8 45 6 93 4 10 
50 1 48 8 69 6 51 8 66 9 48 2 26 2 73 4 60 2 23 5 100 1 42 6 41 9 73 8 6 1 47 6 72 3 43 5 13 0 58 8 83 4 92 2 9 0 18 5 27 0 47 3 31 1 36 3 92 0 33 8 57 6 60 7 3 6 58 1 15 1 40 8 94 7 40 3 55 2 34 3 3 3 21 2 55 4 16 4 66 9 87 3 17 1 10 9 1 9 46 1 30 
50 8 38 8 46 4 69 0 99 1 74 1 87 5 100 5 11 2 45 1 14 5 17 1 16 1 33 9 72 0 70 6 44 1 32 2 79 0 52 9 62 6 69 9 18 6 39 3 45 7 6 5 76 5 33 6 44 0 74 8 71 0 12 8 30 4 84 4 38 7 95 9 82 6 26 5 73 2 69 8 8 1 72 4 14 0 70 6 62 2 8 4 52 4 46 1 18 6 68 1 21 
50 0 96 2 22 1 100 5 91 3 19 9 48 4 70 6 91 9 98 3 96 6 33 7 100 1 2 1 61 3 2 5 76 3 77 6 35 5 99 9 53 7 54 4 89 0 24 3 19 9 26 0 60 1 53 6 84 2 80 6 55 9 4 9 71 4 69 1 55 3 80 9 90 0 72 6 83 2 23 5 39 5 49 8 75 9 94 8 18 2 62 7 23 2 32 5 88 7 45 0 12 
50 3 93 0 85 4 100 9 31 5 65 2 43 6 77 3 94 0 92 6 81 0 24 6 48 1 53 9 36 1 85 7 54 1 27 9 63 7 50 5 5 4 85 3 23 1 21 1 35 8 57 8 87 3 24 3 84 2 54 0 80 9 52 2 39 7 55 0 26 0 23 5 26 9 49 6 2 8 78 1 94 3 32 3 99 3 20 4 50 6 75 6 29 7 69 0 92 5 19 1 100 
50 1 88 4 37 7 98 8 24 2 56 1 71 4 74 0 48 6 4 1 19 4 22 5 23 8 7 7 60 3 47 3 76 5 71 3 26 8 57 6 20 7 84 4 83 9 15 7 46 3 17 4 91 0 86 2 45 2 12 3 21 3 6 9 85 4 93 3 83 8 1 9 34 0 34 9 54 5 21 7 87 9 92 9 43 3 44 9 40 2 60 0 46 8 70 0 50 4 84 5 44 
