10 10
50 0 64 6 22 7 53 3 76 1 82 4 79 0 65 9 57 7 84 2 44 9 45 7 1 1 14 3 35 7 37 6 19 9 6 2 23 9 7 6 88 6 95 3 93 7 99 9 40 9 23 1 42 5 57 3 96 4 71 6 39 8 27 9 26 8 37 4 70 1 11 0 67 0 25 8 100 1 21 1 32 6 26 7 39 4 99 3 55 8 80 9 9 8 75 7 67 1 92 8 26 
50 0 64 9 34 0 10 0 31 1 27 5 58 5 97 0 46 6 14 2 72 6 41 1 95 7 34 5 96 7 11 7 36 9 86 5 81 8 41 0 61 7 78 0 10 8 22 8 49 8 2 3 39 9 33 4 88 7 33 4 43 4 11 2 36 7 26 1 65 9 15 7 88 3 20 5 84 9 42 9 23 0 79 3 23 9 2 9 5 4 74 1 75 7 62 4 45 4 11 4 91 
50 0 63 9 80 2 98 0 5 8 73 4 28 4 83 7 9 9 6 3 39 3 19 3 53 3 25 0 61 4 45 2 36 4 20 3 43 0 25 7 66 2 57 7 29 6 23 9 5 9 58 3 33 9 95 6 96 8 79 7 21 8 8 4 33 0 82 1 70 7 99 7 75 3 18 1 92 2 60 6 60 1 84 9 51 2 71 7 63 3 72 8 8 9 82 7 97 7 2 7 37 
50 7 6 4 80 8 68 9 17 9 18 7 31 0 16 6 67 3 85 0 55 0 13 2 67 3 76 6 57 2 41 3 89 9 36 8 58 6 57 7 93 6 25 1 84 9 11 9 52 3 65 2 41 6 40 0 27 8 14 5 64 2 69 1 6 2 98 5 66 3 13 2 56 1 34 8 43 6 56 8 57 3 48 1 75 5 94 2 92 4 63 5 53 3 60 2 25 9 39 5 28 
50 6 87 7 100 5 63 1 21 7 91 2 61 6 93 5 69 3 26 5 40 6 19 5 65 5 17 1 98 3 67 4 70 5 60 8 87 8 65 7 78 7 63 5 16 7 92 6 21 7 81 2 100 5 14 8 41 0 82 1 44 5 44 7 27 0 19 0 14 5 48 5 23 2 71 0 74 9 8 5 54 0 13 6 69 5 48 9 30 6 72 6 3 5 1 5 78 1 10 3 5 
50 8 86 5 38 8 69 3 71 7 56 9 75 7 41 1 39 9 33 6 53 2 30 2 46 7 9 0 83 6 15 2 99 0 51 2 75 4 90 3 38 9 40 5 62 7 62 6 81 2 76 2 36 0 6 5 22 0 5 2 38 0 58 9 53 9 77 3 31 0 36 8 59 9 12 4 84 1 20 5 79 2 6 5 62 7 74 0 45 7 21 1 49 7 96 9 88 4 19 6 81 
50 0 2 3 86 4 33 1 75 3 28 4 84 1 59 3 32 5 15 1 62 9 76 3 100 9 24 5 88 1 5 8 90 9 11 4 71 9 87 8 7 3 94 3 95 6 80 9 47 8 87 5 3 7 25 2 11 7 58 4 96 0 35 9 65 5 1 7 2 9 7 4 31 7 24 2 72 5 92 7 54 9 74 7 11 9 76 2 40 2 75 0 38 2 59 0 3 1 23 2 83 
50 4 73 0 59 8 73 9 77 4 62 8 14 1 97 1 76 6 64 3 8 1 59 0 39 0 2 4 5 9 32 8 60 0 6 6 21 1 20 2 96 3 31 8 11 3 90 2 59 8 29 8 12 1 74 8 65 5 28 6 84 1 9 4 52 5 75 2 57 9 18 3 7 7 68 1 83 5 60 4 46 9 4 5 56 4 51 2 99 4 49 2 57 3 88 9 5 8 22 3 4 
50 6 74 0 30 9 1 0 42 3 99 0 7 2 25 0 53 1 18 8 8 7 61 1 72 7 99 2 62 6 54 7 29 4 59 8 91 0 5 7 32 4 70 5 55 6 60 0 83 4 69 1 70 9 37 5 26 4 96 8 94 3 12 0 37 7 81 1 38 7 31 8 61 7 80 1 93 3 44 3 51 8 68 5 81 6 62 2 81 3 74 7 19 2 86 8 7 6 55 2 75 
50 7 100 9 55 4 38 4 73 2 84 1 57 0 36 1 75 1 56 5 42 8 47 3 34 6 72 3 71 0 88 2 80 1 31 1 3 5 91 4 14 2 80 8 85 0 77 5 65 8 55 1 96 9 64 6 98 9 54 1 54 6 12 8 46 2 8 8 61 2 40 7 3 5 81 6 79 0 27 4 28 1 32 5 47 7 59 2 35 0 82 5 61 3 71 8 33 5 40 6 53 
