10 10
50 4 31 8 96 5 4 6 78 9 24 5 32 5 32 9 24 4 77 7 92 0 44 1 5 1 22 7 57 8 34 3 15 0 78 8 17 4 99 5 100 6 59 8 76 3 28 8 31 3 18 2 98 7 81 2 5 2 61 6 81 5 78 0 21 9 85 0 75 9 86 5 49 0 90 6 11 9 94 9 18 7 83 8 85 4 94 2 1 2 97 8 22 5 37 2 81 1 32 7 22 
50 2 59 5 1 8 67 0 75 4 1 6 87 8 91 2 74 4 10 2 28 2 38 1 73 7 45 0 69 9 60 9 95 2 89 9 66 4 24 9 91 0 31 6 43 9 67 3 37 7 17 5 76 8 33 9 12 0 48 5 61 5 48 9 64 8 9 6 82 7 27 2 82 5 3 3 93 4 50 8 45 7 79 9 10 3 29 1 58 9 49 3 97 6 17 8 75 0 90 1 15 
50 0 24 9 23 8 81 6 8 4 76 8 20 7 49 7 96 1 61 7 52 0 28 4 74 3 26 6 18 4 46 1 77 4 36 6 71 7 69 8 2 9 12 3 48 1 86 0 56 7 37 0 14 6 19 7 92 5 33 6 13 5 82 5 49 5 49 8 10 4 90 1 61 9 38 6 64 7 86 5 25 1 11 3 15 5 24 9 90 3 57 6 63 2 81 7 85 8 82 3 74 
50 9 89 5 53 0 28 7 31 8 28 0 31 0 14 9 80 3 53 1 95 8 37 7 30 1 45 6 61 9 73 0 88 3 3 9 57 8 49 5 21 4 27 6 100 1 86 4 46 8 49 9 33 4 17 4 46 9 53 7 32 2 75 1 57 1 51 5 45 9 78 1 33 1 30 5 84 7 21 3 12 7 8 8 3 2 38 4 41 9 72 7 97 7 40 3 5 5 21 1 96 
50 9 20 8 64 3 44 2 95 5 69 8 35 5 1 3 98 3 51 8 64 0 82 7 100 4 75 1 96 9 27 1 41 3 19 5 26 2 72 5 72 0 4 6 97 7 92 2 72 3 67 1 53 2 51 9 78 2 39 5 55 9 66 9 20 9 42 5 15 0 85 0 22 4 34 2 3 4 54 1 60 3 81 8 29 0 77 5 15 0 65 9 68 3 25 8 47 2 6 9 21 
50 9 93 9 21 2 45 8 28 0 81 3 61 2 80 8 81 3 64 1 39 9 14 4 37 6 81 8 45 7 2 7 2 1 14 4 43 0 20 6 34 3 20 7 21 6 25 3 39 5 51 6 88 9 67 6 62 6 23 8 28 0 3 1 50 9 79 5 37 0 97 2 15 4 68 8 41 4 85 2 38 2 79 5 65 6 1 9 28 4 20 7 88 2 97 6 80 7 71 8 47 
50 2 8 0 15 9 56 8 24 9 41 2 6 5 63 1 81 3 34 4 6 0 36 2 86 1 27 8 9 6 7 7 72 5 97 5 66 2 28 4 62 0 83 4 74 6 53 2 48 0 46 6 32 4 84 9 28 9 86 3 16 4 66 4 65 5 24 3 88 0 34 4 96 8 48 6 21 3 20 7 12 2 59 9 22 5 30 7 23 6 49 5 5 7 85 1 17 3 92 5 44 
50 1 6 3 60 2 44 7 98 9 54 2 52 6 99 9 34 3 87 7 84 9 3 3 83 5 48 5 44 4 83 3 12 5 35 3 22 8 61 9 74 4 37 9 23 3 18 8 66 3 12 3 100 8 78 6 61 2 88 4 94 0 50 4 65 1 60 9 67 8 91 9 41 6 64 1 7 1 90 7 26 1 42 6 17 3 21 3 37 9 79 1 51 7 54 2 39 8 32 1 9 
50 8 16 1 2 8 93 0 19 8 80 1 57 3 87 6 20 6 20 1 87 7 73 9 39 1 18 9 40 6 62 3 40 5 40 2 42 7 62 8 66 8 33 9 87 1 37 7 37 2 83 1 36 2 7 5 27 1 50 1 6 3 85 3 65 2 41 0 57 1 99 7 65 5 39 3 27 4 48 4 77 8 19 3 19 8 47 6 72 6 73 2 54 4 54 3 5 8 21 3 58 
50 2 76 9 52 0 50 8 79 6 85 1 13 5 68 0 55 2 51 5 95 5 27 4 30 2 33 6 21 5 85 7 49 4 4 1 60 3 93 5 56 7 5 7 5 6 62 9 41 8 43 6 76 4 30 2 48 6 77 9 96 9 71 3 89 6 27 0 68 6 49 9 95 5 3 8 18 8 56 7 18 0 31 6 3 9 77 9 80 2 84 8 55 6 30 4 82 3 88 0 86 
