10 10
50 3 6 3 58 7 45 1 68 1 76 4 36 5 48 7 62 0 63 4 5 6 68 2 51 8 16 0 92 8 73 2 74 5 96 6 50 0 99 1 90 4 91 0 100 0 49 8 58 3 74 8 90 5 88 9 53 3 21 7 31 9 29 0 92 1 30 3 90 9 80 9 13 2 40 5 38 9 77 4 82 1 13 0 3 2 29 7 99 5 74 7 13 2 8 7 72 8 24 9 40 
50 6 70 7 92 8 21 1 64 2 52 3 29 3 74 3 96 2 58 1 35 9 60 8 91 5 10 5 76 1 1 1 13 0 84 9 99 7 74 5 14 5 97 8 80 9 55 9 16 4 19 6 43 5 23 7 51 7 100 3 32 3 56 3 44 5 25 2 68 8 40 6 94 8 1 9 70 8 19 7 96 8 78 0 91 3 75 7 13 4 47 7 18 1 48 6 26 9 27 9 78 
50 1 86 6 33 8 90 5 47 6 92 2 36 7 33 7 62 2 47 3 25 2 86 7 27 6 56 1 26 8 64 0 68 9 74 8 57 2 48 0 40 9 22 6 44 7 18 5 35 4 6 4 18 1 95 9 44 5 59 5 6 8 91 0 26 9 51 9 38 0 84 5 46 6 20 0 91 6 94 4 71 7 92 3 22 1 69 0 79 7 69 3 90 9 18 2 6 1 91 9 79 
50 7 19 8 6 4 35 0 78 1 84 1 94 6 59 5 90 9 43 3 72 5 10 0 14 2 17 5 47 8 76 2 65 4 73 5 78 5 47 0 39 4 24 7 80 7 80 6 62 8 72 3 29 6 98 8 15 6 90 3 85 5 1 9 49 2 79 2 37 9 69 1 78 1 16 8 43 3 92 3 48 5 83 9 3 9 59 5 21 0 46 6 38 2 81 7 42 1 90 9 19 
50 6 98 2 73 4 79 1 78 7 20 1 20 1 82 0 11 5 14 2 53 9 70 4 79 7 44 4 45 3 9 7 13 5 82 0 63 1 61 2 73 6 23 7 66 7 35 3 37 4 7 1 90 1 14 4 83 4 95 3 80 6 90 6 47 9 65 8 62 1 21 1 74 7 27 6 67 8 39 5 67 7 87 0 79 3 19 4 3 7 26 1 60 7 1 3 94 9 91 4 21 
50 5 82 7 54 4 12 1 57 8 47 6 30 1 3 9 44 7 86 4 38 8 83 4 17 7 18 1 10 5 27 9 50 9 16 6 7 1 23 8 67 5 96 8 71 7 10 8 7 0 5 7 50 2 63 3 43 3 74 8 47 8 69 2 50 2 86 1 32 2 12 1 51 6 60 2 71 8 28 5 24 0 4 2 24 2 40 5 46 9 23 0 48 5 75 1 96 4 60 0 72 
50 6 77 4 68 3 97 4 57 0 63 2 50 1 30 8 22 1 40 1 94 8 64 0 3 9 34 2 56 0 70 5 60 4 70 3 9 5 44 7 26 3 6 4 70 9 95 0 74 7 61 3 26 7 40 3 76 1 19 6 37 3 94 5 73 0 40 6 38 2 10 7 21 9 49 7 85 5 45 1 22 6 46 4 33 5 98 9 40 2 20 2 70 6 16 9 88 4 96 9 45 
50 9 52 9 64 5 32 0 33 1 7 9 92 4 9 3 6 3 35 7 89 5 1 9 52 7 70 0 8 9 98 8 35 9 46 6 23 0 72 5 74 1 1 1 23 9 99 3 80 3 64 2 12 0 34 4 3 8 33 2 96 2 99 4 52 8 32 6 91 7 57 2 27 6 37 8 81 1 30 2 22 5 85 4 13 5 62 7 62 9 55 4 95 0 65 5 84 5 75 8 100 
50 4 64 9 83 9 56 8 58 2 40 4 100 6 30 7 30 6 15 3 46 8 97 6 32 6 62 6 80 2 84 3 15 3 1 1 79 1 71 9 85 8 51 2 72 9 51 5 43 4 62 3 36 2 15 6 31 8 95 4 59 6 12 3 13 3 43 9 58 1 87 6 83 8 58 2 74 1 49 1 96 6 91 7 33 0 26 7 95 4 24 4 23 5 60 5 37 0 30 9 25 
50 0 49 6 72 6 13 1 7 4 68 0 47 7 70 7 13 7 84 4 35 6 35 1 98 7 95 9 91 2 22 4 98 0 9 8 66 4 72 4 79 0 32 1 28 8 23 2 46 2 21 9 88 2 27 4 89 8 90 3 64 1 76 0 27 0 6 3 94 7 74 7 9 4 69 5 8 9 18 1 63 5 18 5 13 9 43 9 31 6 45 2 90 6 52 2 40 6 91 6 34 
