10 10
50 8 82 8 17 4 73 6 20 4 57 0 89 7 77 0 99 0 13 4 33 9 76 4 4 1 21 7 55 1 51 8 63 9 55 7 29 1 1 2 25 3 76 9 61 8 91 0 74 2 25 5 77 4 42 4 49 3 33 3 42 8 58 4 61 9 47 2 20 5 1 7 27 6 22 2 24 6 80 2 80 0 94 9 69 9 97 8 41 8 11 6 87 9 21 4 100 1 49 3 58 
50 9 65 3 25 0 59 3 37 8 53 1 96 0 63 1 81 2 86 5 82 9 82 7 96 1 89 3 22 2 65 5 57 4 41 0 37 8 5 0 8 7 27 0 17 7 81 6 56 3 97 7 30 3 71 5 53 3 22 7 92 2 52 5 15 0 73 7 26 8 97 6 29 7 43 0 9 6 53 1 76 8 61 1 14 1 16 0 89 0 47 5 54 4 84 9 33 7 11 1 25 
50 7 61 1 56 7 74 5 72 5 88 6 68 7 37 1 3 4 54 3 73 8 5 7 1 2 9 7 35 1 22 3 28 7 37 1 57 3 79 1 57 7 41 3 20 6 15 5 91 9 91 9 61 5 35 3 73 2 41 6 46 2 41 7 84 2 61 8 37 7 43 5 86 0 4 5 54 3 64 4 36 1 31 6 70 7 91 5 46 7 57 7 20 2 22 7 61 7 59 9 75 
50 7 14 6 97 9 30 9 36 8 67 8 70 3 83 5 47 9 71 9 43 5 10 7 16 9 24 4 82 7 56 9 68 5 71 3 8 7 65 6 21 9 45 1 12 8 29 4 80 5 90 1 77 0 26 7 74 4 41 1 65 0 31 3 74 7 87 2 92 8 24 1 13 3 61 6 36 6 44 7 52 5 100 9 99 3 72 2 93 7 42 6 48 7 71 6 53 1 78 1 74 
50 6 68 9 48 6 56 7 89 5 68 6 16 8 33 4 34 4 1 0 80 1 44 6 57 8 18 1 57 0 45 7 49 4 19 5 45 7 36 9 93 1 18 8 16 2 10 7 91 8 49 4 13 2 47 2 19 9 22 9 30 3 52 5 63 4 74 7 75 0 40 9 74 2 20 6 19 7 5 5 89 3 65 4 62 9 59 7 89 7 9 5 9 7 4 1 91 9 30 1 13 
50 0 29 9 14 2 71 2 17 3 80 5 79 3 88 1 75 8 99 4 38 1 43 2 65 1 10 4 44 8 69 1 65 7 80 9 86 0 65 3 89 0 28 9 60 6 31 6 16 7 43 9 58 9 58 7 37 3 70 7 95 9 31 1 92 6 93 3 74 3 99 5 55 3 49 6 48 2 56 9 56 0 47 1 10 6 100 4 87 9 45 5 56 9 55 0 4 8 100 6 38 
50 0 76 2 96 7 35 4 30 6 32 8 29 5 99 4 78 6 7 2 41 9 100 4 77 9 89 6 53 8 77 0 99 4 60 7 41 8 42 5 28 1 64 9 14 8 60 1 29 2 31 2 65 5 90 1 51 9 98 5 9 6 64 2 35 2 74 4 89 0 66 9 26 8 32 0 84 1 75 4 23 3 17 7 57 8 12 5 13 9 31 1 67 9 28 3 56 8 81 8 37 
50 9 16 0 32 8 14 8 87 2 3 2 52 3 32 5 44 3 55 7 50 1 35 6 85 8 82 2 37 2 21 6 36 1 18 6 98 3 77 1 43 2 100 4 72 5 76 3 20 6 32 7 46 3 9 0 73 0 67 1 12 3 89 9 6 7 66 1 24 2 7 6 62 7 85 7 39 6 12 5 47 6 98 8 100 4 13 5 11 8 86 9 42 1 76 2 1 5 21 8 38 
50 8 29 2 27 7 24 1 53 2 87 6 31 5 37 2 10 9 77 8 18 6 51 5 95 3 48 4 94 0 65 6 77 8 8 0 36 2 34 6 81 9 13 2 42 3 87 2 36 6 37 9 72 2 6 0 74 2 48 4 49 8 35 9 14 9 85 3 44 0 82 2 54 1 94 0 56 7 5 2 17 3 53 2 21 6 45 5 22 3 95 0 90 0 94 7 98 1 79 0 79 
50 4 77 6 85 9 27 9 66 3 82 2 74 1 97 5 61 3 46 7 45 5 84 2 2 2 54 0 28 9 56 8 85 4 67 9 99 3 28 9 27 0 45 0 65 6 2 5 85 0 20 3 73 0 34 3 36 3 90 3 55 9 31 2 44 8 92 5 24 8 79 4 9 5 49 1 89 1 19 5 86 6 67 2 53 7 59 3 48 9 14 1 17 5 62 8 80 0 88 2 16 
