10 10
50 3 28 9 30 7 26 5 40 1 31 8 25 4 67 8 58 7 7 7 83 1 78 4 40 1 50 9 54 2 12 3 6 9 45 7 48 7 64 9 3 5 40 2 70 2 68 7 98 0 58 0 13 5 23 9 77 8 89 2 57 5 23 7 42 8 70 7 42 6 73 3 35 0 81 7 51 4 4 9 53 2 30 2 40 6 54 1 30 1 32 6 64 8 78 2 37 2 58 0 74 
50 4 100 0 35 1 64 4 56 8 12 6 88 0 14 5 97 0 4 2 87 1 55 3 80 9 23 7 36 5 55 1 64 1 44 7 4 8 2 3 26 9 82 2 14 1 99 3 81 3 78 6 50 9 16 0 7 1 58 9 85 7 57 1 76 0 72 4 86 8 95 1 16 3 40 2 36 4 70 7 13 9 83 4 54 0 67 8 27 0 81 5 41 8 73 9 14 4 75 7 59 
50 4 8 3 73 3 49 2 14 3 42 0 28 4 9 1 63 2 22 3 38 9 28 7 58 7 82 3 59 0 15 4 100 7 7 5 27 5 44 0 1 9 97 8 24 8 58 0 40 2 7 9 85 8 69 1 30 3 94 2 81 6 1 8 70 0 66 3 13 2 82 1 46 0 21 7 46 1 78 9 33 1 42 9 14 4 38 5 8 8 64 5 6 9 17 5 31 6 67 6 43 
50 1 99 6 82 1 69 7 32 6 27 1 54 5 61 2 19 3 100 8 61 8 58 5 12 2 10 1 43 6 11 8 75 7 97 4 39 6 57 3 5 5 33 2 7 0 100 7 96 3 75 0 46 3 11 0 83 0 22 6 53 5 84 0 3 6 55 9 58 1 22 9 54 0 12 5 4 7 14 1 54 9 4 5 51 5 88 2 10 5 14 4 15 2 24 7 20 3 17 0 69 
50 5 89 6 33 1 85 0 61 4 75 8 93 7 7 8 63 0 72 5 79 8 22 6 100 0 36 4 29 3 39 0 37 4 22 2 65 5 76 9 18 5 83 4 1 1 20 3 68 7 48 0 2 7 86 6 76 4 41 0 21 0 37 5 73 8 38 9 90 9 73 2 47 8 66 7 48 5 24 2 79 6 98 4 42 2 41 5 98 1 34 7 40 9 64 1 26 6 71 1 70 
50 5 47 0 66 8 73 8 67 5 87 2 34 8 15 6 22 8 75 9 27 8 46 8 34 3 44 3 47 6 67 0 88 3 47 9 21 1 58 4 57 6 77 8 41 7 82 8 29 8 10 0 58 7 25 5 26 8 8 9 72 8 72 5 7 8 27 4 70 3 44 7 4 0 57 7 49 8 19 5 73 8 33 1 81 3 92 3 42 6 71 6 52 2 94 0 16 9 46 6 86 
50 9 23 3 83 1 66 4 7 4 96 9 87 0 73 4 56 7 1 1 55 4 30 1 11 0 54 9 1 6 72 2 97 1 84 0 54 6 34 5 10 7 23 8 79 4 90 5 27 1 1 9 45 0 74 4 33 9 26 2 32 5 8 7 8 2 64 0 7 5 60 6 34 1 46 9 18 3 41 8 23 5 20 7 77 6 83 4 1 9 42 7 5 5 36 0 78 6 62 5 68 
50 5 86 7 10 0 56 5 78 8 12 2 92 2 74 2 4 8 17 3 57 6 93 8 61 4 66 9 45 6 59 4 33 9 60 2 75 3 69 5 84 1 48 9 22 0 80 3 78 2 49 5 26 7 21 1 75 5 92 1 81 0 98 3 63 4 100 0 3 2 31 2 17 4 37 1 29 7 96 4 38 4 41 8 76 9 4 3 94 8 13 0 60 7 73 5 39 4 16 0 96 
50 2 7 3 17 0 71 9 24 1 76 4 69 4 89 3 83 9 29 7 34 8 36 0 46 8 7 3 58 2 90 7 21 3 51 1 69 1 33 1 32 4 11 3 13 8 18 7 73 2 15 1 8 2 77 3 90 0 36 4 41 4 91 2 3 7 86 2 79 8 50 3 45 1 69 0 13 7 55 8 7 4 87 7 30 4 11 6 51 1 78 8 57 9 16 1 37 3 93 1 69 
50 9 93 2 27 2 96 3 53 1 81 0 9 1 66 6 78 5 10 3 66 0 37 7 1 0 68 7 65 9 86 0 71 0 7 3 91 2 57 0 68 3 6 4 56 2 12 7 23 7 89 6 3 8 7 2 13 4 12 2 50 6 46 2 46 7 54 5 38 5 100 5 21 0 16 7 100 3 94 9 65 3 25 7 54 5 82 2 96 2 67 2 95 8 27 7 64 3 16 7 31 
