10 10
50 0 4 7 1 7 89 2 82 4 20 7 85 2 69 8 27 3 84 6 28 5 22 7 68 1 29 6 72 2 21 0 85 2 6 7 52 6 64 6 27 8 52 1 32 4 15 5 26 6 18 0 55 5 13 5 67 7 37 9 54 7 84 1 86 6 96 9 70 1 66 4 50 0 13 7 89 6 74 1 25 1 6 5 45 5 6 1 12 4 34 7 10 3 32 1 94 9 99 5 23 
50 6 81 4 3 5 80 9 18 2 48 0 55 1 82 6 73 3 17 9 62 5 44 9 54 6 11 5 19 3 85 6 29 1 24 9 60 8 23 1 46 4 3 8 66 5 60 8 68 1 49 1 44 4 55 8 28 1 61 3 3 7 52 4 87 9 83 8 95 9 91 5 63 4 52 5 65 2 14 6 93 3 77 1 96 8 22 1 11 0 34 4 16 9 15 5 92 5 80 8 4 
50 4 37 7 96 4 47 8 42 0 69 8 80 8 79 5 53 6 65 3 50 9 54 0 8 9 29 2 47 2 79 0 7 1 53 7 67 5 86 4 53 8 43 3 76 5 57 2 91 5 83 7 32 9 94 5 72 1 22 8 84 1 27 4 81 7 8 7 17 2 63 0 12 5 95 7 27 0 67 3 78 3 87 8 56 7 84 3 69 6 39 0 39 4 66 6 27 7 24 2 77 
50 9 57 2 34 1 35 0 20 0 36 1 99 5 72 3 99 2 50 3 32 9 49 5 61 2 89 8 27 1 1 3 16 0 42 5 63 6 75 5 78 9 65 2 96 1 100 2 9 3 76 0 22 4 15 2 84 4 32 4 94 2 97 7 41 4 25 0 39 5 6 6 21 8 44 7 49 4 19 1 19 2 83 5 89 8 30 6 3 2 11 7 68 9 32 7 12 4 87 1 72 
50 4 47 0 13 6 92 4 54 6 91 6 14 1 8 9 47 7 94 7 97 7 52 4 58 1 53 7 79 4 23 6 16 8 9 6 38 5 80 7 57 6 53 3 33 2 59 8 35 7 90 4 3 5 11 9 72 0 11 8 97 3 75 1 24 8 13 9 30 2 7 1 3 1 32 2 58 8 84 3 53 4 93 5 63 2 11 1 64 8 70 9 14 6 69 1 1 2 93 0 34 
50 8 41 5 13 5 96 7 41 7 45 4 17 2 18 5 58 3 68 8 45 2 55 5 8 8 91 0 54 3 82 0 80 8 25 8 96 2 21 7 21 2 41 0 79 2 38 9 25 8 4 3 74 0 46 6 88 2 93 4 44 2 91 8 66 6 72 9 68 6 50 3 14 2 32 4 88 2 15 6 23 0 94 4 23 9 17 8 18 5 2 7 84 6 65 9 2 8 46 7 18 
50 0 44 5 90 8 9 6 27 4 65 0 18 9 74 5 9 2 57 0 54 0 49 1 84 8 35 0 93 3 76 7 71 2 90 4 74 0 73 9 79 1 31 0 17 6 18 3 72 9 12 2 92 0 71 4 70 3 59 7 86 6 89 9 94 0 98 9 19 5 43 1 82 5 55 8 75 7 44 1 73 1 15 1 30 1 87 5 5 6 47 4 57 2 89 7 43 4 45 3 54 
50 7 43 1 38 2 13 5 68 3 32 1 51 0 51 4 46 9 96 2 36 5 70 0 5 3 19 2 79 8 17 6 56 1 89 1 18 3 32 0 39 4 5 3 39 8 55 5 4 1 35 7 52 3 84 5 71 7 25 5 11 2 30 8 11 1 22 1 90 2 15 3 39 2 38 9 56 4 58 3 49 8 66 8 60 2 95 3 47 0 29 7 33 6 100 7 87 3 53 9 15 
50 2 44 7 7 6 37 8 23 9 55 6 23 1 100 2 93 0 36 0 92 5 7 1 45 1 66 5 8 5 18 0 26 9 32 4 87 4 84 9 32 9 50 2 61 5 8 5 47 2 75 6 15 6 72 4 27 6 1 5 76 2 41 3 73 4 64 6 96 0 5 4 95 5 21 8 40 3 9 8 83 3 81 3 39 7 91 5 42 0 31 8 67 4 96 2 56 3 46 5 64 
50 5 22 9 71 8 67 2 70 3 70 7 98 0 5 0 37 6 88 0 29 4 64 9 50 1 25 1 81 4 73 1 33 2 26 3 9 1 90 8 66 0 6 3 48 8 64 8 78 4 11 6 21 9 44 3 41 9 11 5 91 7 76 8 34 0 2 8 8 8 81 3 46 2 47 7 17 0 27 8 29 8 74 0 23 6 95 3 25 2 84 3 34 7 89 7 16 7 62 5 45 
