10 10
50 8 13 2 54 4 23 1 78 6 40 1 15 5 44 2 50 0 17 4 50 5 33 0 43 9 15 5 64 4 62 2 62 5 18 1 40 6 50 9 16 5 14 4 87 7 64 2 53 8 37 1 37 1 74 2 6 8 11 0 2 7 76 0 4 1 88 5 44 9 64 5 8 4 21 7 37 1 62 3 77 5 46 9 54 3 10 8 35 2 98 9 38 1 35 0 27 3 78 1 19 
50 7 5 0 45 3 8 3 80 3 94 7 27 0 11 9 89 5 76 5 59 3 98 8 9 0 52 3 59 6 98 9 76 9 53 7 14 4 87 3 32 7 32 5 97 4 46 1 48 4 10 4 22 1 100 7 24 2 53 0 87 5 22 6 45 0 94 0 47 2 89 4 32 1 14 1 74 5 76 3 19 9 32 0 7 6 51 4 13 3 47 8 53 5 24 7 12 2 20 4 58 
50 9 50 5 65 5 28 9 94 6 53 8 5 2 29 5 23 2 45 9 45 4 10 0 1 1 94 4 72 1 63 5 2 6 36 3 98 7 67 5 100 2 67 7 96 5 3 7 4 5 86 1 13 1 1 6 77 6 79 5 62 2 15 3 35 8 54 1 72 4 3 8 83 6 71 4 89 6 69 6 48 3 73 3 91 5 17 7 42 5 6 9 58 9 32 5 83 4 97 0 9 
50 7 65 8 91 1 4 8 20 3 35 3 40 5 92 5 48 7 67 4 40 7 12 8 63 1 58 0 46 5 29 4 23 7 24 4 27 5 3 2 50 4 72 1 11 2 48 5 65 7 19 7 21 1 95 1 29 2 85 2 36 8 21 9 38 2 89 3 15 9 71 0 43 2 12 9 8 7 66 7 51 5 85 7 2 5 49 0 84 3 29 6 71 0 95 0 88 6 39 8 1 
50 1 60 9 3 8 76 7 35 6 99 0 19 6 15 8 61 0 11 5 87 4 71 6 12 4 22 6 52 3 72 9 7 8 61 1 54 7 89 1 59 3 49 8 64 9 12 6 31 9 24 8 69 9 72 7 52 5 41 4 12 8 67 9 28 7 52 1 26 6 15 4 52 8 16 0 91 9 52 9 24 8 70 8 94 3 28 7 26 2 96 7 35 1 92 9 71 7 39 5 34 
50 3 45 0 61 9 55 6 32 9 52 6 69 6 88 1 51 1 100 1 19 8 84 4 85 2 16 6 37 1 4 2 6 7 15 6 22 2 45 0 66 8 59 6 21 2 71 1 44 4 34 6 63 3 59 3 93 4 59 3 8 1 10 6 84 7 58 7 86 3 1 0 98 9 88 8 74 5 31 5 76 9 67 0 40 5 71 6 41 6 58 7 89 3 48 9 72 5 39 1 89 
50 7 81 8 17 0 47 7 90 2 37 1 7 5 68 8 16 0 71 2 75 3 47 2 97 0 74 5 43 9 41 5 56 2 92 3 86 7 5 0 12 3 90 8 72 3 90 6 84 4 85 5 2 7 92 4 94 0 29 4 100 4 58 9 48 2 85 8 4 3 88 6 63 0 58 2 63 4 38 5 61 9 20 7 65 3 91 5 74 4 22 2 42 2 48 9 55 2 9 3 63 
50 5 92 9 37 7 64 3 58 4 15 5 33 4 86 7 3 6 81 9 28 9 62 7 35 7 91 4 55 0 59 7 1 8 95 0 11 8 70 1 21 2 16 5 81 6 55 6 94 5 34 1 8 0 87 5 84 8 54 5 40 5 1 7 20 9 58 9 76 0 45 0 50 3 86 8 70 9 96 5 27 5 85 1 25 5 72 5 67 7 86 5 98 1 50 9 62 6 91 2 71 
50 7 36 5 53 1 70 2 66 5 28 0 71 2 76 9 10 3 50 7 88 0 48 5 3 5 100 9 93 1 65 1 94 5 32 8 92 3 20 6 76 1 38 8 87 8 68 1 95 0 3 0 41 6 52 0 54 9 68 0 46 4 97 8 74 3 23 3 40 9 43 2 41 3 25 8 68 2 59 3 50 1 79 0 37 5 30 2 14 4 70 4 47 3 93 4 59 8 60 4 73 
50 1 17 4 11 8 87 6 21 8 25 1 1 1 31 9 8 3 60 9 73 3 25 0 72 0 2 3 99 2 15 0 52 0 23 1 87 2 41 8 94 6 58 3 83 6 24 2 44 3 5 0 52 9 13 8 3 4 90 4 21 2 75 7 52 7 7 4 57 3 18 6 34 5 21 2 45 2 69 5 97 1 77 0 98 9 28 1 59 3 96 3 60 1 91 5 44 4 84 5 32 
