10 10
100 7 88 5 20 5 74 7 68 3 12 6 49 9 92 0 84 8 48 5 95 2 52 6 60 3 96 7 64 5 9 7 85 4 26 6 5 6 41 4 43 1 32 1 12 8 35 4 27 0 31 0 56 4 80 1 95 8 40 0 29 2 36 4 95 6 19 5 27 7 24 0 73 1 66 6 27 0 64 9 64 8 52 5 43 7 72 3 64 1 63 9 42 0 68 9 71 2 71 1 89 1 50 9 34 2 2 4 30 1 33 3 8 9 61 4 85 8 94 4 98 9 38 7 16 9 64 3 25 9 48 7 18 5 69 5 20 5 34 6 44 0 57 5 1 0 19 0 52 7 51 3 50 0 94 4 46 2 80 6 93 1 99 7 23 6 43 7 35 5 91 6 45 9 7 7 69 3 3 1 12 1 31 6 54 7 92 5 96 8 24 9 32 0 31 7 33 4 45 1 40 
100 2 95 3 18 8 93 2 25 3 23 1 97 7 40 6 25 7 30 0 37 1 96 9 76 8 17 9 72 9 3 6 18 2 13 1 5 1 99 4 36 1 70 1 54 8 74 3 38 5 94 4 72 6 8 6 78 7 81 1 31 0 93 0 60 1 12 4 22 9 26 1 77 4 22 2 64 2 100 3 55 9 83 0 42 7 14 4 79 5 35 5 4 6 15 2 10 2 30 3 33 1 9 8 93 1 71 5 21 5 56 8 40 7 100 9 2 0 48 1 80 3 16 6 21 1 48 8 35 1 74 5 44 8 12 7 35 2 81 8 87 5 3 1 52 1 76 5 51 0 31 2 66 2 97 8 35 3 91 2 85 2 9 9 33 9 96 7 23 6 78 5 58 8 35 6 35 8 69 9 30 0 25 0 32 5 60 8 64 3 78 5 70 5 71 5 46 6 49 9 55 
100 6 72 7 53 5 16 0 26 2 15 7 91 9 29 5 100 2 30 6 69 9 48 8 78 8 6 7 6 3 96 4 84 5 10 5 67 5 34 8 26 7 12 7 93 3 58 5 50 1 11 0 67 0 58 6 98 8 66 1 80 9 9 1 39 8 82 7 65 5 50 0 16 4 79 1 33 6 53 0 86 5 100 1 76 1 4 4 21 1 56 6 8 6 19 8 34 8 7 3 79 6 65 2 64 7 88 4 69 4 10 3 42 6 74 0 34 8 2 8 3 3 29 4 62 1 3 6 88 6 35 5 16 8 89 0 46 4 15 4 14 7 89 1 69 9 67 3 64 7 62 6 49 2 84 6 93 6 18 9 4 8 43 9 53 0 46 7 85 8 18 7 49 6 91 7 64 8 72 6 16 8 27 6 90 8 37 7 16 8 7 0 1 4 39 0 68 4 18 7 53 
100 7 12 7 69 2 98 3 48 2 40 8 56 9 77 7 94 5 84 5 100 5 24 9 50 5 88 4 9 1 87 9 47 7 1 2 64 0 100 0 59 2 95 1 66 8 79 0 16 3 82 9 54 2 24 9 46 6 72 9 46 4 31 1 92 8 16 7 57 8 89 1 64 7 82 1 9 3 89 5 36 6 96 2 71 0 79 5 63 6 38 0 55 1 42 5 61 4 43 5 9 1 78 4 4 5 51 6 2 2 95 0 6 3 42 1 60 7 9 0 19 9 56 2 29 1 22 9 84 5 99 6 93 2 28 1 48 8 60 0 50 9 68 6 93 2 48 5 30 2 8 0 94 4 5 2 41 5 52 3 89 1 78 7 8 8 94 7 13 5 58 2 38 2 93 8 94 6 31 2 50 8 88 9 48 7 34 0 12 4 31 3 9 1 49 9 66 2 86 9 49 
100 3 43 1 29 0 100 2 61 6 7 9 45 7 17 5 61 6 26 0 44 6 61 5 82 4 87 7 61 3 12 9 33 0 2 6 30 1 56 3 25 9 41 8 18 0 98 9 9 3 34 1 100 1 30 5 67 1 44 4 47 3 89 5 28 1 68 1 1 5 91 9 53 8 3 6 20 9 43 5 80 3 4 9 40 6 53 5 60 6 60 9 53 0 78 5 37 9 98 7 22 9 73 4 67 1 64 4 84 0 27 5 9 1 60 4 1 2 83 1 44 4 30 5 68 1 17 0 75 7 64 1 93 1 34 0 99 8 7 9 19 6 61 0 60 6 60 8 59 4 12 0 89 9 59 7 12 8 25 1 63 3 58 1 74 4 6 4 97 4 48 1 19 5 50 7 37 2 54 1 33 3 82 4 46 4 26 1 72 5 41 6 38 7 32 1 19 0 44 9 84 
100 2 56 7 96 1 82 1 23 1 70 9 33 3 16 0 22 9 59 0 65 5 73 6 74 6 60 1 82 4 26 9 30 2 95 3 50 4 89 3 84 6 93 9 48 4 98 7 43 6 57 4 97 5 42 6 73 8 4 7 67 2 5 9 20 0 14 9 3 6 3 5 62 6 39 5 78 0 57 8 79 0 11 6 34 4 2 1 91 8 63 9 80 1 95 8 62 8 26 6 66 9 29 7 46 4 48 5 83 2 51 3 49 9 66 7 96 3 52 3 9 7 87 9 84 7 4 4 51 1 4 7 38 2 65 9 57 1 12 2 87 2 73 7 70 6 31 2 99 7 79 3 77 4 74 0 19 7 35 8 27 2 17 0 58 2 25 7 37 5 38 5 58 2 48 2 81 7 96 3 15 9 11 4 8 4 54 9 88 8 17 0 91 5 60 3 11 9 10 7 90 
100 5 10 5 80 8 50 1 7 7 57 9 31 7 66 2 8 3 35 3 26 7 1 9 89 3 5 2 15 2 81 9 44 0 10 9 80 1 8 0 55 3 81 4 21 2 76 9 31 1 71 7 72 3 98 7 79 2 3 5 51 2 49 8 83 7 91 5 29 9 8 9 49 4 20 9 8 8 58 1 18 8 76 3 31 9 31 3 47 3 6 9 45 1 78 6 31 4 56 2 13 7 80 4 59 1 55 7 64 7 79 0 26 6 35 2 87 2 63 9 71 9 41 5 87 9 80 8 6 7 89 4 28 4 47 2 46 7 96 7 10 7 90 4 48 2 82 0 13 6 52 2 99 0 82 5 76 6 93 6 91 5 74 2 95 4 91 7 5 4 72 9 81 5 15 2 9 8 70 7 61 8 49 4 43 8 78 1 76 5 51 3 94 2 20 1 24 8 13 3 84 
100 5 33 1 42 8 13 7 73 6 12 2 69 5 86 5 59 5 96 3 83 0 63 6 41 9 88 2 90 4 37 6 9 6 10 5 81 0 49 8 97 5 11 9 39 0 85 9 88 1 40 0 59 7 43 8 13 0 17 5 92 0 35 3 54 7 13 6 90 3 16 1 19 3 18 9 71 3 88 7 36 9 15 3 28 1 91 7 94 9 15 9 32 0 66 8 13 6 36 2 31 5 24 9 73 3 25 5 35 2 17 1 41 4 47 9 33 1 21 5 53 2 67 5 18 0 74 0 11 2 62 0 93 3 91 6 64 4 61 0 73 5 53 0 99 0 67 3 95 0 90 3 40 8 69 8 1 4 60 6 40 5 83 8 1 7 90 2 48 9 10 0 14 5 91 0 69 7 45 1 6 4 3 5 93 0 41 6 18 1 49 7 60 9 36 1 90 1 89 8 58 
100 7 2 6 3 9 6 3 32 1 97 2 43 7 15 6 32 8 47 4 59 7 39 3 77 9 82 1 23 6 83 8 69 5 11 3 82 0 8 9 83 7 61 4 51 0 55 9 55 4 45 9 46 8 63 4 45 4 26 7 7 4 79 9 59 3 54 7 60 1 45 7 97 6 16 0 57 3 56 0 63 8 16 2 11 5 4 0 97 3 70 8 84 0 60 3 91 5 24 9 47 2 89 4 36 9 30 1 40 7 95 0 32 4 61 4 75 0 14 7 81 9 91 3 19 2 60 4 28 6 37 7 35 0 94 7 73 3 21 6 94 4 53 1 34 6 92 5 76 0 61 6 28 4 49 8 47 9 92 5 27 3 16 0 92 9 77 4 8 2 100 2 2 8 88 6 87 6 19 9 57 6 32 1 60 4 21 1 27 1 80 8 74 3 78 2 92 5 66 4 58 
100 0 2 0 49 1 75 6 95 5 22 1 1 4 62 4 40 6 76 1 30 0 83 7 9 4 92 4 12 7 37 6 73 9 21 2 99 1 83 1 11 6 99 0 18 4 32 0 24 7 22 4 43 6 97 1 33 7 53 6 44 3 1 7 20 8 36 4 85 1 90 6 17 7 8 0 58 0 13 5 39 7 50 5 92 8 75 0 47 5 85 6 70 3 26 2 21 1 22 3 34 1 56 5 51 8 51 1 53 6 29 1 4 1 97 6 68 4 12 4 74 1 76 8 35 7 88 1 61 6 3 3 69 2 52 2 76 2 13 8 62 0 27 3 52 5 14 7 9 1 3 1 64 5 31 4 80 6 16 4 44 5 35 2 12 2 14 5 55 3 52 4 44 7 44 5 64 9 33 1 47 0 48 9 15 7 43 9 93 3 84 0 30 7 77 0 32 3 92 2 62 
