10 10
100 7 99 7 48 5 83 1 8 1 66 4 35 6 85 9 86 6 27 9 7 8 82 2 6 1 12 4 29 2 18 7 17 4 33 6 16 7 95 9 99 9 45 1 30 8 95 6 67 0 57 2 26 5 84 4 73 7 66 9 31 2 36 0 90 8 50 0 74 9 21 6 20 2 7 3 29 3 91 8 35 9 4 1 9 2 74 4 16 5 89 6 43 0 72 8 6 7 37 0 66 6 63 9 7 3 38 9 12 6 85 1 58 7 81 2 76 8 72 9 26 3 72 0 20 0 53 4 70 8 12 1 43 5 9 8 24 8 12 4 88 9 96 2 14 8 20 6 10 2 1 5 1 0 95 1 80 6 38 9 3 6 20 7 52 8 16 0 31 3 8 3 27 1 62 8 87 2 85 2 85 1 33 5 20 2 39 8 95 1 71 5 49 3 21 7 31 7 34 0 92 
100 3 32 8 41 0 63 2 48 3 38 4 24 3 53 3 25 7 56 7 64 4 45 6 59 5 29 0 33 5 33 8 58 5 83 9 32 2 70 6 19 0 52 6 75 5 63 1 32 4 26 2 99 0 96 6 73 6 100 7 9 6 66 0 4 7 30 1 65 7 22 9 76 6 21 5 57 2 71 6 9 2 23 1 31 1 81 8 8 0 100 1 6 9 63 4 29 7 22 7 45 2 13 4 93 7 4 6 32 1 43 9 43 1 64 1 23 4 32 7 75 3 63 7 99 2 42 7 97 7 74 6 97 0 100 8 22 0 39 6 37 4 60 7 65 1 88 1 85 4 100 4 5 6 55 6 84 6 44 9 71 1 47 1 63 4 57 2 6 9 70 8 73 0 63 7 76 1 61 9 96 4 26 0 91 8 63 1 66 8 63 6 18 3 64 0 20 2 91 1 75 
100 4 87 2 33 7 65 8 59 1 95 0 99 8 57 8 74 5 87 9 33 0 57 3 28 3 9 5 48 4 85 5 30 4 77 8 30 4 32 1 4 2 40 4 38 9 89 5 53 4 84 5 36 4 68 9 98 3 5 5 37 8 75 4 19 1 95 7 74 3 81 5 9 2 18 4 64 9 95 4 21 3 79 2 42 6 8 4 28 9 83 0 9 4 56 0 99 3 89 5 96 7 15 1 68 4 87 1 77 1 8 1 86 6 77 3 30 2 35 0 9 0 84 5 64 6 91 5 20 6 32 7 35 1 64 8 71 5 26 3 79 7 96 9 66 8 99 9 25 7 9 6 6 8 38 1 88 3 42 3 89 3 69 8 44 7 7 6 51 8 26 3 37 6 67 3 19 7 46 8 98 6 78 6 73 2 64 1 59 5 82 4 27 1 61 7 58 5 98 2 5 
100 9 40 5 17 7 26 0 100 9 2 1 32 9 82 7 89 9 81 4 44 7 38 2 30 2 83 1 52 0 3 4 48 3 58 2 19 2 81 6 26 9 31 3 89 0 42 6 9 3 60 5 63 4 60 2 87 3 15 7 47 2 68 9 17 4 4 3 27 4 27 7 42 7 12 3 96 5 52 3 79 4 88 9 45 7 53 3 52 4 21 0 18 3 31 1 95 3 40 3 44 5 86 1 56 6 59 9 59 0 46 5 93 4 33 6 97 3 97 7 5 0 49 1 97 1 62 5 25 8 95 8 3 3 7 0 80 6 17 4 81 7 20 2 27 9 14 3 97 3 20 9 71 4 15 9 6 0 98 2 37 1 78 6 37 9 22 5 96 5 60 7 59 9 15 4 99 7 15 6 46 7 54 1 81 6 91 0 95 9 30 0 88 4 69 4 45 7 6 9 76 
100 8 84 2 35 4 11 6 36 5 100 7 83 4 19 4 7 9 19 4 75 7 87 0 4 9 28 8 31 0 58 8 72 3 75 2 37 1 28 6 74 8 87 1 23 0 37 8 26 1 11 9 75 4 83 5 88 2 98 7 54 4 1 1 77 7 63 4 60 1 81 2 26 9 5 2 12 6 62 0 14 5 69 1 42 8 19 6 36 8 92 3 64 4 81 7 42 7 83 1 77 1 42 0 62 7 43 0 71 2 81 0 18 6 77 8 51 0 23 4 5 6 16 5 63 5 45 8 3 7 58 0 24 9 59 3 71 8 4 4 29 7 71 7 10 1 30 9 27 9 10 0 41 5 59 8 62 8 78 4 1 7 85 3 28 7 64 0 51 2 55 7 23 8 27 7 57 0 91 4 74 1 45 9 34 6 12 6 52 9 57 7 12 8 49 9 25 0 99 3 49 
100 0 73 8 49 5 21 2 81 6 54 9 98 0 17 1 11 1 92 8 18 1 30 4 11 5 49 9 30 8 63 0 32 6 14 4 47 4 70 6 92 6 93 1 47 0 76 3 65 8 76 9 71 4 55 6 80 3 76 1 62 0 94 5 60 2 33 6 9 3 38 9 50 3 48 2 20 5 91 2 52 0 43 6 47 6 27 4 41 6 86 0 27 3 33 7 72 0 42 2 17 5 94 3 13 9 95 2 2 8 14 7 23 6 75 5 65 8 62 9 14 5 34 3 33 6 52 8 20 0 53 6 92 6 40 5 75 2 7 4 83 3 91 0 56 0 63 3 26 3 13 7 22 6 50 4 98 0 51 9 31 5 90 9 87 2 23 9 65 7 20 1 23 9 9 9 42 7 21 9 72 2 46 8 14 7 8 8 81 8 21 2 96 3 32 7 9 8 77 7 52 
100 2 56 4 72 0 71 3 2 4 5 4 73 0 30 4 16 8 10 4 26 6 12 8 37 7 80 8 12 3 33 6 70 3 78 7 26 0 59 9 73 3 27 6 71 0 26 7 54 5 55 4 30 4 75 6 69 6 33 9 81 9 61 5 66 1 49 7 44 5 2 0 28 5 62 9 91 2 64 0 2 0 31 0 94 1 64 4 67 9 18 1 65 6 28 9 70 7 22 7 25 8 6 1 37 6 53 1 59 5 3 7 22 3 31 8 75 0 93 4 94 8 92 7 99 4 18 0 51 3 43 1 93 3 24 9 99 3 88 7 61 9 83 6 46 1 58 7 28 6 60 4 19 2 33 7 92 4 44 2 15 7 31 1 78 4 94 9 91 3 49 2 82 4 3 3 33 3 18 1 52 6 61 9 52 5 30 0 73 0 55 2 73 3 29 8 12 8 71 8 97 
100 2 26 3 62 7 85 7 84 7 51 0 68 0 57 2 64 3 67 3 6 7 52 8 27 7 12 4 91 5 46 2 54 8 45 6 49 0 88 3 22 1 60 6 91 7 71 2 66 0 85 2 5 8 54 3 27 1 75 9 27 6 7 1 88 5 12 5 2 1 8 7 78 7 15 0 14 3 33 0 65 6 76 5 36 2 55 0 7 1 58 1 44 2 72 4 93 0 35 7 62 2 42 4 79 4 43 3 63 2 30 9 30 2 51 1 79 0 59 9 49 1 55 7 75 4 72 3 52 1 93 3 71 5 9 2 88 8 61 5 17 0 63 8 75 4 92 3 64 0 67 5 44 6 39 3 5 8 10 4 31 4 64 8 14 6 95 3 65 2 3 9 88 5 6 9 25 2 87 8 41 6 25 9 98 8 84 4 27 4 40 3 34 7 21 6 25 4 4 5 60 
100 0 49 8 26 2 19 5 33 1 87 2 45 5 7 0 23 0 14 0 28 4 26 8 89 0 33 2 28 6 57 7 69 5 50 8 71 6 14 9 36 0 47 1 48 2 23 1 100 3 12 8 41 3 74 0 93 7 93 4 30 2 74 3 54 4 66 9 69 8 1 5 100 3 91 1 78 0 41 7 70 4 42 8 28 8 74 1 60 8 20 3 74 2 28 4 52 5 18 2 86 6 31 1 100 1 76 7 18 0 75 0 78 7 80 7 69 4 45 5 25 4 34 1 93 2 5 0 27 3 92 3 16 8 24 2 19 1 31 3 15 5 27 2 59 1 7 3 6 8 24 6 24 1 37 1 18 1 66 3 5 3 46 9 45 7 36 2 55 3 10 3 84 6 8 6 53 8 61 1 8 6 22 1 68 0 75 5 46 3 97 5 65 2 97 9 1 9 55 2 100 
100 1 16 6 36 1 32 1 95 4 85 5 39 8 26 9 55 9 26 3 32 4 39 6 45 6 51 6 72 7 46 5 31 0 94 5 100 3 3 1 25 4 71 5 71 4 85 1 40 9 48 2 72 3 91 8 64 4 17 6 2 7 28 4 23 3 43 8 94 2 91 2 35 3 36 4 41 4 85 8 94 3 90 4 54 9 43 7 93 9 3 1 8 9 4 3 50 2 61 1 5 7 87 1 92 6 18 8 65 7 8 8 20 8 75 5 38 6 11 4 49 6 90 7 26 4 35 4 100 2 28 3 24 6 1 2 74 4 78 3 65 0 70 3 83 3 41 1 8 5 17 0 29 9 68 1 88 0 67 4 80 7 11 8 10 8 1 4 29 5 53 3 44 1 85 4 6 3 5 9 88 9 51 1 94 1 16 4 58 3 65 1 9 6 93 8 21 9 10 9 41 
