10 10
100 2 75 2 1 0 82 4 15 9 14 6 2 0 21 8 84 2 37 5 68 2 14 9 36 3 50 1 54 7 81 6 39 2 41 9 69 0 5 7 72 1 68 0 65 4 13 4 15 7 42 4 1 3 79 5 42 6 8 4 48 3 85 5 44 3 63 6 36 0 6 3 61 1 65 3 73 5 85 5 64 0 5 5 58 3 4 8 7 4 12 6 55 1 39 7 19 3 58 7 17 9 49 6 80 0 36 4 48 7 12 3 24 2 54 1 64 8 7 5 36 4 46 3 25 4 42 4 55 0 27 1 46 6 94 0 14 1 24 2 91 2 94 2 14 3 40 9 48 8 5 2 87 1 42 5 1 1 23 0 72 9 78 7 75 8 31 6 30 6 84 0 27 9 62 1 71 6 39 8 95 5 24 0 64 3 95 9 72 1 38 9 47 7 83 8 12 5 44 8 32 
100 7 34 1 47 2 14 3 36 8 75 3 80 9 51 4 90 6 33 7 6 8 28 4 79 1 87 8 32 3 38 1 64 0 84 0 76 2 36 8 2 1 55 7 64 8 44 5 21 1 11 1 75 8 36 4 41 2 60 2 43 0 28 2 58 5 89 9 16 3 71 8 59 7 71 0 4 9 97 2 96 5 83 8 60 6 35 1 87 8 48 1 27 2 16 3 51 1 61 8 19 0 83 6 28 9 51 9 49 9 64 2 17 8 53 1 52 8 39 6 16 3 25 3 83 7 94 8 13 3 49 2 55 1 31 6 47 1 29 9 78 4 1 0 34 5 24 1 24 4 20 8 96 5 19 2 27 2 49 2 88 9 27 2 6 2 82 0 53 5 46 4 23 6 71 4 88 7 78 1 80 3 53 4 15 3 36 5 7 9 46 6 84 9 71 9 34 9 10 5 67 
100 6 52 4 37 3 46 0 98 7 54 0 89 9 16 6 6 7 33 9 74 4 91 4 72 9 18 6 80 4 41 5 44 5 8 0 66 7 81 7 100 2 68 1 28 4 62 0 43 1 70 3 32 3 93 0 48 6 68 0 56 7 33 8 59 9 32 3 10 6 86 1 66 5 80 1 97 5 24 0 49 6 13 7 37 6 29 0 47 3 74 2 18 6 7 1 54 3 54 9 20 2 61 8 25 7 11 1 53 2 67 2 44 0 52 7 16 8 71 9 72 0 62 6 39 0 95 3 65 1 77 7 10 4 20 2 91 4 55 7 6 3 44 8 92 6 46 7 6 1 74 5 89 1 12 2 39 2 95 9 18 1 78 5 54 9 96 3 95 7 91 3 10 8 19 7 85 2 43 7 31 0 53 0 29 8 98 1 27 7 23 5 64 9 74 6 79 7 51 9 43 
100 0 93 3 41 5 22 1 64 9 23 5 16 5 19 7 45 6 80 2 20 5 81 4 22 3 38 5 94 1 74 7 50 6 36 9 31 6 63 2 73 4 19 8 66 1 1 5 22 4 46 6 85 3 11 6 46 4 71 4 4 8 95 8 69 7 66 3 37 8 59 8 13 0 33 8 50 4 21 4 31 5 35 1 71 0 61 7 100 3 34 8 40 0 66 5 64 3 11 6 54 6 30 8 15 5 72 1 49 4 88 9 96 8 11 1 23 6 28 5 81 1 28 0 97 3 54 5 3 3 58 6 19 0 7 5 81 1 8 6 1 1 77 4 28 1 83 7 100 8 16 6 60 0 50 5 27 9 33 2 8 1 72 0 41 4 55 4 31 9 61 2 11 7 60 7 4 7 14 5 8 1 11 6 77 9 98 8 10 2 43 3 56 6 16 8 59 4 8 2 66 
100 4 97 7 55 8 45 4 68 3 59 3 99 3 55 5 75 5 23 3 43 7 84 4 80 4 94 7 62 7 12 3 97 5 54 1 100 0 14 3 19 2 75 9 28 4 13 2 54 0 29 9 40 1 3 2 77 9 58 8 81 9 32 5 75 8 77 7 5 6 40 6 4 6 53 5 33 0 34 9 24 2 15 1 82 2 29 2 39 7 94 3 59 3 4 6 24 2 8 3 17 1 60 0 38 5 11 0 11 8 26 4 82 6 19 1 47 9 51 4 53 9 45 1 84 6 5 3 17 1 62 1 61 4 96 7 30 5 39 0 3 0 35 2 64 0 65 5 84 8 46 8 90 7 35 1 81 2 16 3 80 3 6 6 63 1 96 6 84 5 20 7 18 6 44 4 55 6 16 1 50 7 95 3 44 2 9 9 41 4 7 8 85 7 18 3 72 1 48 3 41 
100 8 44 9 35 1 23 4 7 5 79 0 83 0 81 9 42 3 92 6 69 2 11 2 22 7 72 6 29 8 8 1 89 5 22 8 49 7 54 9 47 0 84 8 1 4 36 8 81 6 1 6 46 5 5 5 51 8 68 8 24 4 27 6 56 6 25 3 68 9 58 3 43 8 24 1 10 8 19 8 83 4 28 2 56 6 23 0 26 3 99 6 51 3 28 3 89 2 12 9 70 0 71 0 11 3 51 0 40 7 35 0 7 9 79 0 87 1 68 2 72 6 36 7 91 9 70 2 67 4 54 4 89 5 66 9 84 6 88 4 69 4 84 2 35 4 65 5 12 7 86 3 82 4 17 8 10 5 9 5 84 8 3 6 48 3 87 1 36 4 75 4 59 9 45 3 36 2 57 0 74 1 67 0 33 9 38 0 48 9 52 6 10 9 53 9 76 1 28 6 72 
100 3 71 0 100 1 64 2 22 8 97 4 64 6 5 2 7 9 39 0 91 3 86 0 90 8 73 3 44 1 34 9 87 5 36 6 13 4 43 3 94 5 35 2 59 8 97 9 25 5 33 0 52 3 93 7 48 8 6 6 62 3 26 3 80 7 45 6 10 4 44 9 57 2 84 2 27 7 5 5 26 2 80 0 98 2 70 6 26 0 77 0 47 3 90 4 10 6 37 9 2 6 20 4 92 9 33 7 56 0 99 9 50 3 27 5 46 1 55 1 25 7 22 0 30 7 78 9 27 9 8 9 24 6 53 2 22 1 81 3 84 9 56 2 69 5 97 1 73 3 94 0 54 1 15 2 28 8 44 6 66 2 75 6 33 8 29 9 40 0 35 3 99 4 4 7 21 0 63 1 67 2 76 8 32 3 100 1 95 5 1 8 15 5 92 2 30 3 57 5 85 
100 7 84 7 10 6 10 1 55 4 39 4 42 3 25 8 68 8 48 6 1 3 62 3 72 0 44 4 29 5 17 5 48 5 39 5 95 7 16 8 14 1 41 7 98 4 97 5 66 3 7 3 37 4 94 0 17 6 86 7 26 7 62 4 82 0 47 1 52 4 45 9 11 5 76 7 67 2 86 7 30 2 60 5 70 7 11 2 35 2 5 5 47 9 8 5 63 1 49 3 69 0 5 1 27 7 10 9 89 2 12 7 12 2 2 8 65 6 60 2 11 2 66 3 46 3 48 7 30 0 41 1 25 2 48 2 32 9 25 8 1 9 76 3 37 3 71 5 67 5 28 4 50 6 72 2 44 9 7 6 95 2 64 3 19 7 5 9 63 3 27 7 75 9 72 3 42 7 87 5 47 8 32 4 9 8 67 4 11 6 17 0 94 0 59 4 88 2 3 2 92 
100 5 68 2 76 0 42 0 6 4 42 3 93 2 6 5 10 7 23 7 69 7 72 0 32 9 73 7 78 9 35 1 67 5 96 3 63 6 1 5 31 9 95 7 96 2 86 6 88 6 82 5 50 1 35 2 61 9 8 9 6 8 61 6 46 1 87 3 9 3 53 1 71 6 45 1 82 4 22 6 9 7 36 6 68 1 48 0 55 0 61 0 97 3 35 0 72 5 21 7 64 3 85 2 32 9 35 6 27 8 52 9 47 7 14 8 26 4 37 3 15 0 61 4 66 3 68 6 43 9 91 6 87 7 29 3 29 8 19 6 76 8 37 4 28 1 90 7 78 2 35 0 21 7 6 4 11 0 43 9 57 4 38 1 41 5 30 1 52 7 43 2 32 1 88 6 99 9 79 4 90 6 59 9 17 3 89 8 67 9 96 2 4 9 31 6 21 4 23 7 50 
100 8 2 6 31 6 42 2 67 7 83 6 47 1 100 6 89 9 38 1 91 2 54 9 81 9 100 4 75 4 67 9 11 2 67 1 13 4 100 0 7 7 44 8 17 4 92 4 7 4 26 5 90 7 65 4 68 5 40 2 74 2 73 8 44 6 90 6 29 1 23 1 91 6 22 5 88 4 77 2 17 7 32 6 78 7 9 1 46 9 85 9 50 0 97 5 20 5 33 5 78 4 48 8 82 9 1 3 31 4 49 3 50 5 47 3 73 3 44 4 76 2 51 4 82 3 93 2 32 5 24 4 32 3 22 3 42 6 100 0 23 3 47 8 95 4 55 6 22 4 100 8 58 9 77 6 47 3 13 0 99 4 24 7 85 1 45 8 47 8 10 8 51 6 48 9 29 0 20 0 11 6 84 3 36 7 91 8 38 9 62 0 15 1 84 8 60 9 7 4 39 
