10 10
100 6 8 4 18 0 99 7 23 0 65 8 47 5 83 2 3 9 54 0 35 5 70 3 74 7 53 4 58 8 76 0 51 3 54 1 23 7 90 3 72 2 42 9 43 3 13 3 20 1 66 1 12 0 71 3 69 8 14 0 82 6 59 3 13 5 47 6 48 2 32 1 58 6 64 7 21 0 52 7 84 8 3 5 89 9 76 4 6 0 93 3 6 8 74 4 22 1 57 3 38 3 40 0 69 4 45 8 73 8 76 2 86 7 16 6 99 3 3 3 91 8 48 1 48 7 78 3 7 1 30 7 31 9 15 0 81 8 38 3 68 9 3 8 53 6 2 0 43 4 45 1 62 1 23 6 24 1 55 9 9 6 85 4 69 0 9 6 18 9 98 5 99 3 23 2 82 5 62 4 61 2 20 0 18 1 38 9 99 1 70 7 63 3 52 7 57 7 61 3 37 
100 8 64 2 96 0 3 7 41 4 92 1 40 5 25 5 92 7 84 8 22 4 79 8 4 4 52 3 87 2 5 4 9 8 12 7 33 4 22 8 55 3 9 2 68 5 95 7 79 4 65 7 68 5 78 4 86 3 20 2 34 9 41 6 18 3 47 4 7 4 30 3 34 1 86 9 16 1 76 0 58 9 77 1 92 8 3 1 32 9 33 3 78 7 6 2 23 4 94 2 16 8 88 9 98 7 52 2 67 3 71 8 2 9 14 9 17 4 80 9 66 4 100 7 96 0 56 0 46 4 73 3 10 1 67 8 68 1 28 6 87 3 71 0 12 5 87 6 64 1 47 2 73 2 89 3 64 9 74 2 75 3 56 2 24 8 55 4 45 6 27 1 70 6 49 8 18 7 84 3 64 1 88 4 60 1 95 3 80 2 91 0 40 3 12 9 16 8 19 4 37 
100 7 93 2 41 5 23 9 84 2 71 5 67 5 44 0 47 5 41 8 65 2 5 1 36 0 68 4 30 4 13 0 75 3 96 3 19 1 56 9 49 0 96 4 94 3 40 8 25 4 44 0 57 4 95 8 28 7 32 4 52 4 17 5 64 8 48 4 71 6 17 5 6 8 45 0 57 0 35 1 43 1 18 6 52 1 74 6 87 2 43 1 13 6 35 4 51 4 98 6 42 4 53 4 9 6 49 7 90 1 51 6 49 2 97 6 94 6 90 8 100 5 18 9 89 1 83 0 85 8 58 7 16 7 14 7 60 2 73 6 37 2 20 7 5 4 30 4 27 6 3 0 79 7 31 3 5 1 34 9 29 8 57 2 68 7 10 5 100 9 86 0 79 3 4 8 40 1 6 4 2 7 94 9 37 9 28 6 14 5 19 5 81 4 64 7 36 8 1 6 36 
100 7 66 0 2 2 37 9 60 2 11 7 80 0 61 7 22 5 29 9 42 3 62 8 36 4 15 5 69 1 9 2 75 7 4 9 30 6 93 4 65 0 100 7 56 1 47 0 98 3 13 3 46 2 31 3 63 8 22 3 80 6 95 5 35 4 35 0 36 7 1 9 42 7 12 0 61 8 20 9 2 1 88 0 51 5 62 3 32 2 7 8 72 8 87 7 67 8 10 7 5 2 44 1 99 5 43 5 45 4 10 0 22 3 73 4 95 7 99 4 51 2 33 5 41 3 9 5 72 1 4 4 51 5 3 7 72 0 88 4 5 8 49 4 22 0 3 2 28 4 87 8 84 9 46 8 30 3 9 9 38 8 77 1 1 4 68 8 92 9 83 9 18 3 88 8 24 9 49 6 45 7 96 2 9 9 49 5 61 7 53 6 53 3 69 8 47 0 62 7 73 
100 3 1 1 57 0 96 9 28 2 84 0 62 6 62 8 88 7 40 8 24 4 69 4 61 9 69 3 99 1 34 0 83 0 72 6 42 9 99 9 49 5 42 8 51 8 60 2 15 1 75 6 61 9 2 9 60 0 12 8 77 3 4 6 48 5 16 0 7 3 24 0 28 9 71 5 11 5 60 4 47 1 75 2 67 1 45 6 11 7 18 6 94 9 84 3 98 8 29 9 63 8 99 2 44 2 81 2 17 5 99 4 70 2 30 0 74 8 28 5 62 1 98 6 86 3 76 5 57 6 46 9 67 7 88 0 5 7 38 7 11 4 33 8 49 6 6 0 2 0 99 3 71 7 79 7 47 3 49 8 41 1 95 9 64 5 88 1 68 0 80 8 86 6 10 2 72 0 54 5 13 1 45 4 23 7 96 8 48 5 49 8 63 2 38 7 9 6 70 6 84 
100 5 74 1 35 9 54 2 93 6 36 6 61 0 86 8 23 3 21 3 55 3 81 1 57 1 87 3 82 6 67 9 1 4 60 4 80 7 4 0 21 4 84 0 55 7 79 7 89 2 43 6 45 3 72 2 36 4 34 2 68 6 38 8 85 9 57 4 34 1 48 2 64 6 47 1 26 9 6 1 4 1 7 5 51 6 87 3 50 2 10 9 36 3 96 1 6 7 50 8 41 4 99 7 39 8 54 1 87 2 36 3 92 2 32 9 75 0 25 6 90 5 94 0 49 0 60 7 46 5 66 8 73 5 59 1 10 3 68 7 30 4 61 6 5 3 37 9 74 7 87 8 92 4 95 7 83 0 59 3 37 6 18 2 10 9 24 8 19 9 70 0 33 9 76 2 17 9 41 6 11 4 8 4 57 7 67 2 3 4 28 9 37 9 64 5 72 4 62 8 49 
100 7 22 7 90 4 3 6 1 1 64 0 67 1 73 5 70 7 72 7 49 7 96 2 79 3 100 7 15 1 24 1 82 8 96 4 60 5 36 2 44 0 52 1 32 2 22 1 12 7 94 7 46 0 35 0 16 9 63 6 35 5 72 4 78 8 68 9 89 6 80 7 74 3 78 9 18 9 3 5 77 9 79 1 95 6 70 7 32 2 4 7 32 7 46 3 16 2 71 8 54 6 14 8 42 7 87 2 34 3 92 2 56 1 28 8 4 2 58 0 5 6 19 6 17 2 26 8 63 1 72 8 76 0 66 8 66 6 29 4 60 1 21 1 47 5 91 0 22 3 82 2 75 7 8 4 82 6 41 9 31 9 49 9 51 7 15 4 95 6 12 5 46 7 7 7 65 4 90 3 36 9 3 7 55 2 10 9 31 4 1 0 19 1 99 9 20 6 28 6 29 
100 3 27 2 31 2 33 2 6 8 60 0 66 2 4 8 65 0 26 7 85 6 44 1 12 7 71 7 15 3 86 9 62 2 39 3 52 9 22 8 2 2 3 5 66 6 99 1 84 2 99 5 52 6 63 8 67 2 90 1 60 6 86 0 54 2 53 9 87 5 67 3 44 5 100 5 100 7 44 9 36 0 30 4 89 8 47 4 79 8 36 8 2 5 49 5 2 8 34 8 88 4 23 4 59 1 18 0 74 5 92 2 70 7 85 7 40 4 7 2 9 9 86 9 46 5 44 3 20 8 63 7 43 8 28 6 50 0 54 7 11 1 20 4 6 8 73 4 92 7 24 4 67 1 6 5 54 4 37 8 34 9 26 0 19 6 73 7 89 8 63 2 22 4 65 4 46 8 49 7 73 6 86 1 51 0 93 5 12 5 96 2 50 2 71 1 72 1 64 1 89 
100 9 34 2 64 4 10 7 16 6 74 2 60 1 33 9 96 9 65 8 75 4 8 5 57 7 59 3 65 3 14 1 47 2 29 4 12 2 17 9 24 6 79 7 92 3 31 1 66 7 99 7 14 7 49 1 40 5 88 3 95 0 37 1 22 6 46 8 91 4 70 1 73 2 69 6 62 3 67 5 12 9 14 8 8 3 82 0 79 5 29 6 74 3 53 3 47 3 56 6 7 2 7 4 96 6 32 5 70 8 57 7 49 6 62 9 91 9 89 9 81 0 20 9 60 9 14 8 19 6 60 1 99 1 7 6 89 2 95 9 46 8 83 1 18 5 23 5 5 2 56 7 57 1 83 7 85 4 25 4 83 2 26 2 30 6 34 2 24 0 78 1 12 6 37 3 4 7 65 1 94 4 74 0 83 8 8 3 77 8 16 7 16 4 8 4 29 0 35 5 70 
100 4 37 2 4 4 72 0 87 4 46 2 41 7 23 4 10 2 92 5 80 1 66 7 56 2 63 5 55 5 68 8 70 0 20 5 8 9 27 2 47 3 90 0 18 6 80 1 30 9 69 5 99 6 43 3 13 9 36 9 73 2 8 3 69 4 8 6 5 2 21 3 62 4 80 1 89 6 30 5 41 7 85 2 56 3 1 2 31 5 15 1 27 1 83 7 91 9 58 0 68 5 24 0 41 5 71 8 67 4 1 2 55 7 12 6 3 0 27 2 43 8 21 7 52 7 40 5 8 6 97 0 53 5 17 5 61 4 75 8 27 6 98 8 2 9 4 9 87 7 9 1 44 1 33 5 78 1 77 4 5 2 48 1 48 8 88 4 64 0 45 3 10 4 40 9 16 6 100 3 50 8 78 0 52 8 99 7 9 5 77 4 15 7 40 2 96 1 73 6 94 
