10 10
100 8 12 1 66 0 21 2 80 5 15 2 10 2 72 7 13 2 6 2 65 1 39 7 83 9 81 6 31 1 48 2 87 6 91 1 34 0 50 8 23 5 100 6 28 3 50 1 54 2 77 7 58 2 81 9 50 3 70 3 34 1 11 7 82 6 33 2 56 6 23 7 57 5 35 3 54 5 17 6 42 3 35 7 30 7 32 5 42 7 41 3 70 3 10 9 5 9 43 3 21 0 17 0 96 7 73 4 32 2 77 3 62 0 40 8 65 0 45 9 74 3 53 9 56 1 64 8 44 7 45 1 14 3 56 3 43 5 35 9 27 4 27 4 13 3 94 5 51 0 94 5 87 9 17 4 10 4 99 3 25 9 36 4 11 5 18 8 34 5 73 0 69 7 25 7 65 3 69 4 47 6 95 7 16 8 45 3 42 8 17 0 49 8 85 6 30 7 39 8 68 
100 9 34 9 26 9 86 9 61 2 41 2 80 6 9 5 70 0 52 8 76 3 95 7 73 5 71 9 62 9 56 7 95 5 73 3 95 0 71 5 49 3 21 9 41 9 74 9 62 9 26 4 25 7 91 9 17 3 74 9 60 6 26 5 46 4 71 6 1 1 63 8 37 2 40 8 82 7 39 6 43 2 85 0 84 7 99 8 79 5 82 8 45 9 31 1 28 8 33 4 34 5 45 2 96 9 85 3 12 4 39 7 67 7 55 6 37 7 81 0 69 0 58 6 72 1 79 8 34 0 82 0 36 3 76 9 13 6 70 1 88 3 72 1 42 8 94 0 48 2 27 8 3 1 96 3 60 6 26 4 11 3 75 0 49 2 6 8 13 3 99 1 36 2 8 2 85 7 12 8 63 4 69 7 97 3 7 3 94 7 97 0 2 1 22 4 27 2 68 8 49 
100 9 9 9 48 0 98 6 77 9 18 3 41 9 34 4 22 8 62 7 1 0 23 7 47 2 46 2 90 8 50 9 58 5 68 2 91 7 95 1 12 0 53 6 48 8 91 2 44 6 32 9 1 9 6 0 75 5 52 2 25 6 84 6 47 6 84 4 37 0 20 7 92 9 87 7 8 4 89 4 10 0 53 4 1 6 39 1 62 7 98 7 92 2 28 7 92 7 96 7 85 7 70 7 13 3 69 8 23 7 74 7 81 7 64 9 49 6 92 3 69 1 89 0 11 7 52 5 29 8 86 9 93 0 60 2 98 9 41 4 94 3 4 8 23 6 85 2 30 9 97 7 10 3 78 4 100 7 89 3 26 0 21 9 10 8 96 3 71 9 9 9 37 0 83 3 50 3 50 4 2 2 93 0 28 5 31 0 60 5 51 2 71 7 2 9 93 7 81 0 33 
100 7 90 4 51 1 84 4 14 6 62 1 31 7 62 6 24 3 29 3 16 6 20 1 46 2 67 2 79 9 69 1 42 6 68 2 96 3 43 1 44 9 25 0 40 2 65 7 44 8 64 2 5 0 52 0 14 9 5 4 27 6 3 4 30 9 63 7 98 2 99 3 60 0 54 2 100 9 5 4 86 1 77 0 100 1 15 7 57 0 81 8 80 2 95 4 39 4 2 4 89 7 39 1 97 6 21 5 15 1 69 5 21 7 43 3 80 9 61 1 7 8 67 7 15 8 73 0 49 0 10 8 81 9 62 0 87 6 5 6 29 5 65 8 50 5 85 4 71 4 11 4 89 4 67 5 76 7 63 5 97 6 48 0 6 4 54 7 62 5 7 1 39 8 62 8 100 3 51 8 11 1 84 1 12 4 82 6 89 6 58 7 21 7 1 1 28 3 50 0 52 
100 5 98 4 32 8 83 1 78 8 19 4 79 2 29 8 49 2 19 2 11 6 83 5 14 4 82 1 29 0 92 1 59 2 31 9 27 8 42 2 84 9 100 6 18 3 64 0 47 8 41 0 77 2 41 1 19 8 1 9 81 5 85 4 24 0 66 3 15 4 83 4 90 9 64 7 38 9 45 3 93 8 86 2 20 8 27 3 31 7 100 1 78 1 44 9 46 6 84 4 75 4 17 0 89 0 12 1 50 6 26 5 85 2 42 3 99 7 24 3 3 2 8 1 4 7 41 2 60 4 61 1 53 9 99 2 66 6 57 1 22 3 19 7 70 7 63 8 58 6 9 4 86 9 28 7 52 7 99 3 82 8 39 3 29 0 49 2 3 5 62 7 8 4 40 8 85 6 26 3 73 4 80 6 78 9 49 1 29 8 88 2 99 8 59 7 66 1 68 2 25 
100 3 92 5 12 4 75 9 91 1 57 9 65 3 62 9 25 9 32 8 95 4 54 0 91 3 8 0 9 9 49 4 58 3 24 6 16 4 17 4 59 6 92 7 4 7 58 7 59 2 11 5 99 1 27 1 58 9 26 6 88 5 57 1 37 4 97 5 3 4 62 0 21 7 16 4 65 9 79 0 13 9 52 9 18 0 37 6 43 0 91 7 93 1 68 4 35 0 28 4 30 1 46 5 7 0 55 1 60 9 57 8 81 4 25 9 66 7 92 0 74 1 98 6 10 1 97 4 56 8 97 3 18 5 19 1 79 8 17 1 92 0 61 9 91 2 94 0 93 1 27 6 80 7 6 7 8 5 73 7 24 3 53 8 58 7 85 8 46 6 12 8 15 6 91 3 48 2 73 7 29 0 4 6 64 3 30 0 94 1 5 8 11 4 88 4 52 7 80 5 86 
100 3 95 9 84 3 44 0 40 6 12 9 38 9 31 7 52 1 7 9 69 4 19 8 3 2 22 1 69 0 4 9 16 8 66 5 7 9 63 2 20 5 43 0 17 0 58 7 47 8 15 9 95 1 29 1 24 1 21 3 56 3 69 1 8 1 48 2 74 7 40 4 38 9 61 1 33 1 93 8 49 7 49 2 78 2 35 5 54 8 46 7 27 8 73 1 44 0 10 6 98 5 68 8 29 4 84 2 91 9 14 7 68 4 7 5 31 1 18 1 28 3 61 1 17 2 55 8 91 0 7 2 48 6 83 7 3 4 55 1 95 3 3 4 67 0 97 8 44 8 31 0 68 7 42 1 35 1 90 5 58 9 1 7 99 8 16 7 90 5 47 1 77 0 36 7 31 9 68 8 11 9 4 8 1 3 41 6 28 0 43 7 35 0 48 8 35 8 68 0 30 
100 2 79 8 94 5 22 5 91 2 28 5 50 6 43 0 19 9 83 7 10 1 52 9 88 7 31 1 18 2 36 9 47 3 73 4 42 8 35 5 50 9 34 8 80 5 34 7 95 1 73 3 71 7 21 6 54 9 12 2 97 7 99 5 75 5 85 1 66 2 71 7 79 5 61 0 95 8 2 2 63 6 38 8 27 8 58 6 37 2 93 8 71 5 20 0 98 4 42 1 30 2 98 8 91 5 42 8 77 4 20 6 45 5 70 1 42 9 1 2 85 0 78 9 95 4 33 1 23 6 94 4 30 0 20 1 51 3 81 5 60 4 56 6 31 5 5 5 8 3 11 0 19 1 36 9 19 1 76 4 41 3 71 5 67 7 7 3 20 9 32 4 28 1 9 6 63 2 71 2 63 5 27 3 2 1 84 8 38 4 81 5 82 9 59 8 57 7 16 6 35 
100 6 25 8 41 4 21 7 89 4 83 8 6 4 65 8 48 3 67 5 91 4 69 1 54 0 37 6 99 2 29 4 1 2 70 5 47 5 62 8 36 8 37 5 6 0 91 5 16 7 41 2 77 5 90 5 19 9 14 4 42 6 46 0 80 7 99 7 25 3 81 1 67 3 36 1 61 5 6 7 50 9 42 8 53 8 86 9 96 7 8 2 1 2 39 9 54 1 9 9 72 4 66 3 71 5 44 8 79 0 68 2 27 6 73 6 92 8 65 0 52 1 56 1 87 5 7 9 18 5 32 0 17 0 53 9 24 0 64 9 37 0 19 5 78 0 71 9 19 7 26 3 25 2 34 5 4 7 92 1 76 4 68 7 18 1 70 6 93 9 58 1 14 8 66 6 47 4 69 6 94 2 59 1 48 7 98 2 43 7 23 8 10 8 47 3 80 9 6 8 71 
100 5 14 7 19 4 81 6 62 6 2 4 60 8 62 9 77 1 35 8 9 6 46 2 14 6 43 2 52 5 54 2 62 2 7 4 82 1 58 6 77 2 52 9 97 6 41 0 61 8 5 3 13 5 5 4 58 2 35 9 13 2 58 6 69 8 14 5 73 3 88 4 65 7 28 2 26 5 82 1 39 9 52 9 74 0 86 6 41 3 59 1 47 8 23 7 100 2 8 7 61 8 82 4 8 7 29 2 14 5 11 3 82 2 30 3 99 5 20 4 46 8 28 8 25 6 1 8 70 7 33 3 28 8 98 7 50 8 97 1 89 3 75 0 39 9 70 3 24 8 59 9 64 3 71 1 48 1 46 4 4 1 25 9 83 8 77 8 59 1 84 0 31 2 3 3 77 8 37 5 44 0 64 5 29 8 14 4 55 5 60 2 84 5 44 2 100 4 29 7 61 
