10 10
100 1 59 4 55 0 40 5 54 3 92 1 98 4 79 0 32 7 82 6 80 5 87 6 32 5 4 1 72 3 79 1 78 7 35 3 31 1 74 6 33 3 97 5 39 1 13 7 80 0 92 1 31 4 44 8 13 9 19 8 79 5 41 0 13 8 63 6 87 0 31 1 70 0 34 7 95 3 1 0 90 2 13 7 2 2 73 8 19 4 39 2 10 4 64 3 5 2 55 6 25 3 31 9 81 8 88 0 6 3 99 9 7 0 36 0 76 2 82 0 2 5 17 3 35 5 63 8 18 9 45 9 100 6 25 1 95 5 85 6 69 3 84 3 95 0 74 3 8 7 73 2 75 3 59 3 33 1 88 1 27 8 6 1 50 6 59 5 76 8 3 7 6 8 47 4 94 4 33 1 97 4 57 8 52 1 39 4 39 0 35 9 34 9 49 0 44 6 94 6 30 
100 5 15 3 25 2 4 8 44 8 31 9 74 1 35 4 52 6 73 0 78 6 32 3 84 8 20 3 20 0 61 6 38 6 35 8 57 5 65 3 86 1 63 1 65 8 53 7 1 9 54 0 71 4 94 4 32 7 60 8 5 3 54 1 93 6 96 2 13 8 41 4 81 8 60 6 1 8 37 4 51 8 95 2 79 8 79 4 61 1 9 1 28 0 64 2 12 0 14 2 94 3 78 1 32 1 37 4 13 4 70 9 14 9 52 9 38 9 74 7 37 5 40 0 26 5 59 2 58 4 14 0 98 4 34 4 83 1 63 0 60 1 32 4 41 8 36 3 10 3 12 6 25 5 55 0 67 6 61 5 96 4 79 4 36 2 9 5 58 3 73 7 20 5 87 1 3 8 37 1 37 6 89 6 21 3 18 1 1 6 52 5 71 3 63 7 46 0 39 9 6 
100 6 13 9 5 5 44 6 80 1 23 7 8 0 43 2 62 8 38 3 93 2 16 8 77 2 8 7 27 2 32 6 33 3 19 3 93 3 80 7 45 1 75 0 48 3 46 0 97 5 23 0 70 9 63 2 7 3 79 2 64 1 78 3 77 9 91 1 57 2 5 5 78 5 89 7 37 6 37 3 34 1 38 2 43 4 57 1 60 7 26 3 34 4 47 3 15 3 18 5 33 2 100 5 51 2 64 3 87 3 17 0 91 9 76 1 92 0 15 8 9 9 76 4 46 6 98 7 70 2 89 7 21 6 59 1 66 1 79 0 11 5 74 9 6 8 10 7 40 9 47 6 67 5 71 2 27 8 25 4 62 7 4 9 62 4 89 3 70 9 63 3 4 8 49 5 52 2 24 6 54 5 99 7 37 6 51 3 18 3 62 6 59 5 44 3 72 8 28 4 92 
100 4 21 3 4 0 93 3 56 2 17 4 9 2 3 6 63 0 100 2 24 5 60 6 5 1 93 5 59 1 61 3 31 6 28 6 39 0 50 9 45 7 53 4 64 2 10 7 90 7 27 6 25 2 47 9 10 7 57 5 98 5 83 7 42 7 99 3 2 9 40 0 96 4 63 3 76 6 27 1 18 4 20 8 98 0 39 7 16 3 56 6 15 5 4 0 15 3 62 6 49 1 86 5 25 4 67 7 40 2 91 3 93 2 84 9 6 5 6 5 77 8 47 7 75 6 95 3 95 5 36 9 64 9 63 6 30 2 81 2 20 8 10 6 58 7 14 3 25 8 3 3 40 5 30 3 63 9 83 6 64 0 20 6 62 8 62 9 70 5 60 9 4 2 82 0 55 5 70 6 74 6 41 2 74 5 22 2 10 4 54 2 52 9 78 3 83 5 68 2 58 
100 1 97 0 48 5 3 0 62 5 16 3 95 2 37 8 77 8 2 6 29 4 20 7 70 2 50 0 56 4 34 6 13 9 85 2 68 5 37 0 91 8 77 8 17 6 82 9 88 7 95 8 82 9 60 3 68 3 80 8 86 4 94 8 98 2 7 5 6 4 97 9 90 1 2 0 68 2 43 7 16 6 35 1 69 2 45 4 2 2 2 3 84 9 74 0 46 4 37 3 11 3 36 1 81 0 84 1 86 6 62 4 91 5 12 9 84 7 51 4 35 5 88 8 47 9 91 1 17 9 65 4 93 0 86 0 94 8 63 6 25 5 92 9 72 9 51 9 48 2 42 5 70 2 31 4 37 3 12 7 14 2 18 2 93 6 47 3 89 9 3 2 1 3 41 0 33 4 60 6 45 9 95 1 18 8 59 6 3 4 96 4 28 6 25 1 56 0 54 2 83 
100 9 26 2 34 8 32 4 61 5 29 4 37 2 99 2 90 5 30 3 24 7 79 8 51 7 26 8 76 5 13 9 25 1 78 8 48 0 29 0 86 9 92 3 64 9 57 2 100 1 22 6 61 4 81 9 71 4 20 0 5 1 31 5 12 3 10 8 41 8 97 0 62 8 87 5 18 5 59 9 17 7 1 6 51 2 58 2 98 5 83 1 17 1 70 4 43 2 98 1 7 6 42 8 54 3 36 3 86 8 10 4 2 4 14 6 81 4 93 0 89 4 47 7 13 1 21 0 59 6 95 5 25 2 29 7 4 0 76 8 11 0 84 4 83 7 28 7 16 6 31 2 74 9 92 9 65 2 68 7 42 6 39 6 30 6 88 6 85 5 29 0 10 3 58 7 87 8 94 5 72 0 75 3 51 0 21 4 84 5 90 0 31 7 31 0 28 8 49 9 96 
100 5 11 6 72 8 86 2 95 2 13 7 30 7 23 0 58 0 64 5 80 6 83 0 84 2 80 4 2 0 28 4 29 3 93 7 89 5 100 1 95 6 38 7 27 4 46 2 31 6 80 6 14 7 63 2 28 3 37 8 4 7 12 9 84 0 22 4 30 7 42 5 40 2 60 0 57 5 24 8 2 8 89 0 64 0 69 8 29 7 6 2 54 9 85 5 6 1 49 9 10 3 59 3 66 7 96 5 65 0 47 4 11 5 100 0 78 0 38 4 85 8 22 1 19 7 79 7 33 5 3 9 47 3 57 1 68 8 28 2 72 0 96 1 57 6 88 1 94 4 26 8 4 1 48 8 38 7 10 0 33 5 93 4 83 4 15 9 84 0 97 3 7 2 93 5 28 7 29 7 14 5 59 8 42 6 45 0 35 5 16 8 37 2 2 0 28 9 6 3 98 
100 3 94 5 76 5 22 3 48 6 19 0 39 7 19 1 31 7 18 1 73 2 79 2 24 1 55 6 2 5 55 3 86 4 79 0 19 5 19 3 71 1 63 3 41 8 75 3 65 0 10 8 31 9 42 2 75 0 60 8 21 0 26 2 88 2 25 3 13 4 77 2 90 4 61 9 3 4 54 4 92 9 72 4 95 1 14 4 93 3 53 2 98 1 65 7 21 3 35 2 16 1 96 9 70 3 26 5 58 9 90 3 15 6 99 1 82 8 51 4 97 9 55 4 95 8 46 0 1 8 80 4 7 4 85 9 60 8 38 9 92 4 52 0 89 5 11 7 5 3 27 4 96 4 31 5 65 0 78 4 99 1 82 3 35 9 32 0 42 9 49 3 75 1 81 4 93 3 91 2 93 0 41 6 13 3 27 4 56 4 7 4 100 2 16 0 58 4 90 9 94 
100 2 51 6 82 9 100 5 74 8 30 8 7 9 22 4 45 4 20 7 71 7 7 3 41 7 7 8 52 7 52 5 27 9 6 9 29 4 21 5 85 6 14 3 32 4 40 4 61 0 64 0 74 2 7 8 87 4 9 7 20 2 75 6 30 0 26 2 82 5 88 9 86 2 98 3 77 3 4 7 83 6 21 6 60 7 54 8 31 2 18 2 10 0 95 8 55 8 68 0 6 2 66 3 27 4 45 8 18 5 14 3 4 3 23 0 83 9 18 3 73 5 90 8 19 6 67 1 7 2 97 8 59 4 66 9 58 6 6 6 59 0 77 7 12 5 47 8 20 0 30 6 92 4 9 8 94 5 72 6 55 9 55 3 33 8 79 7 31 7 92 8 20 2 71 9 12 6 28 7 46 3 35 2 30 5 93 8 31 0 82 4 52 6 77 8 24 9 30 4 16 
100 3 16 8 56 2 35 0 45 6 73 8 7 2 81 5 73 1 42 4 23 9 77 7 23 3 51 2 10 1 34 3 95 7 10 2 55 7 41 4 27 2 24 1 17 2 21 5 35 4 65 6 96 7 20 6 16 9 19 7 27 4 2 8 95 4 83 5 22 8 92 7 50 8 11 0 62 4 65 8 36 8 74 2 54 6 69 6 21 6 75 2 22 3 10 5 59 8 5 1 58 8 100 6 31 6 2 2 41 2 59 6 41 7 79 0 22 6 21 0 45 1 83 1 84 0 36 5 28 2 3 1 41 9 63 5 33 3 17 3 36 2 43 5 96 9 84 0 81 9 61 3 67 5 53 6 46 5 98 3 59 2 99 6 70 0 19 8 43 3 67 9 83 7 60 1 68 7 71 4 38 4 63 2 53 1 36 5 51 6 76 2 11 0 30 1 97 7 48 5 7 
