10 10
100 5 27 8 34 3 11 0 65 7 84 8 67 3 19 1 34 0 40 8 61 4 86 9 84 5 59 5 87 0 64 6 39 8 68 2 15 8 14 5 93 8 1 3 3 3 30 6 100 5 64 6 77 3 63 4 7 3 28 6 21 1 85 0 98 8 4 9 65 0 13 2 34 9 42 5 11 2 4 8 17 1 96 5 78 3 29 9 2 1 57 1 76 9 29 7 4 7 89 5 40 4 20 9 22 2 50 1 89 7 33 9 12 3 5 7 14 5 65 0 25 4 85 7 14 8 98 6 98 1 53 3 36 9 87 9 40 7 33 7 3 7 67 1 23 5 87 7 33 5 45 3 68 2 83 7 95 2 43 0 31 0 98 7 65 2 60 4 20 3 15 5 91 3 49 4 91 7 99 9 73 6 89 4 12 4 92 4 76 0 47 4 39 2 40 2 88 0 81 6 74 
100 4 98 7 61 8 83 9 33 5 66 4 48 2 42 2 48 5 7 2 68 2 8 0 63 8 74 5 22 0 19 3 76 5 18 4 92 6 12 2 44 5 34 7 53 1 18 0 46 0 11 2 94 5 55 7 76 4 59 8 31 3 19 4 45 7 27 6 84 3 20 5 5 0 62 2 81 6 74 4 50 8 59 6 26 0 70 4 47 6 57 5 99 2 64 3 70 4 5 1 77 3 2 5 36 3 84 9 9 4 88 5 62 3 90 8 74 6 77 6 62 3 80 3 95 0 29 9 45 4 32 6 99 8 6 9 23 9 60 6 44 7 76 7 95 9 21 7 48 8 91 8 90 8 82 0 57 7 9 8 15 6 79 7 20 4 61 0 8 3 90 2 83 7 27 7 61 9 16 5 60 2 7 2 11 8 92 9 85 4 28 0 90 1 89 7 51 7 73 9 12 
100 0 54 2 77 9 37 6 78 0 98 4 68 9 40 1 3 1 2 2 13 9 10 7 13 5 20 8 60 2 55 8 82 2 20 7 84 2 74 5 16 3 85 3 96 4 93 8 29 7 7 1 66 8 40 4 17 6 18 1 84 3 87 2 50 3 4 1 58 2 95 3 6 8 39 6 21 7 57 9 33 8 67 4 24 7 4 3 15 5 44 6 34 7 32 9 27 5 52 7 48 1 61 0 53 3 71 6 98 2 25 1 90 8 61 1 98 0 92 8 4 2 24 9 13 6 58 4 46 8 10 7 24 8 16 1 96 4 40 2 79 1 97 7 99 9 65 0 58 7 82 5 98 7 55 8 76 7 37 9 97 6 93 6 74 5 87 1 62 0 78 6 64 5 78 6 77 3 53 7 42 9 16 8 77 5 49 0 96 9 34 7 82 5 59 6 19 1 39 7 36 
100 9 33 9 58 9 36 0 91 7 13 1 38 2 83 5 6 4 28 9 41 3 10 2 72 8 66 9 79 1 11 1 49 4 7 2 24 2 3 9 26 1 76 5 98 5 95 2 33 8 53 7 52 3 88 6 100 0 77 1 61 1 4 2 54 3 87 6 2 4 13 3 65 5 33 6 1 4 73 2 50 8 85 9 51 8 52 1 71 8 25 2 56 6 81 2 23 2 6 0 18 2 11 6 19 3 60 4 32 0 72 0 39 5 49 8 32 4 6 0 4 1 54 5 93 0 50 8 88 6 22 4 11 1 36 5 86 9 89 1 78 3 54 0 2 5 1 5 54 5 94 1 35 7 94 4 14 5 28 6 87 8 99 7 26 7 91 7 47 0 68 4 38 5 44 6 53 3 64 8 93 5 24 5 55 7 26 8 79 7 46 6 11 9 22 7 58 1 91 4 24 
100 5 69 6 79 2 68 7 91 6 73 7 33 9 82 8 26 8 7 3 53 9 34 9 61 9 2 5 58 5 6 3 84 1 5 3 97 3 15 9 29 5 92 4 27 7 31 4 47 5 83 1 78 3 80 4 28 3 98 8 40 9 75 8 100 6 45 5 33 0 61 4 35 5 30 5 21 6 26 3 36 6 86 8 90 3 68 7 39 6 54 6 13 2 4 2 85 5 14 2 95 3 7 0 64 6 94 4 13 3 42 0 45 9 36 0 8 6 31 4 21 3 53 0 60 5 23 1 73 8 24 0 96 8 1 5 57 1 67 4 98 8 81 3 99 0 50 5 58 3 18 2 11 3 82 3 45 4 52 6 30 6 93 0 15 4 50 1 61 2 10 6 81 9 34 7 32 0 19 4 15 1 30 4 3 8 89 5 36 1 44 3 100 2 73 2 19 1 84 1 69 
100 5 8 8 95 6 21 5 44 5 75 4 43 0 13 5 67 9 52 4 6 9 76 1 33 9 28 8 62 1 66 0 52 8 100 2 4 5 81 7 58 6 58 8 6 4 71 0 7 2 83 7 26 2 37 8 97 1 39 9 22 2 5 1 92 8 22 1 50 3 31 1 7 0 25 6 16 9 86 4 55 5 23 8 6 3 26 7 40 0 3 2 1 5 12 8 10 3 93 0 87 2 44 0 47 7 16 8 73 6 80 2 11 4 3 2 6 6 33 6 64 1 79 6 21 9 75 5 35 5 30 7 61 6 45 0 36 1 90 6 26 9 82 9 29 4 74 3 62 1 51 8 66 3 79 2 21 2 15 8 39 9 76 3 100 6 35 4 20 0 72 3 62 8 85 5 75 4 25 7 59 9 31 2 56 9 59 0 45 2 36 0 17 0 33 3 23 1 63 9 1 
100 8 59 2 16 0 92 5 68 3 71 8 29 5 63 6 51 5 79 7 8 3 85 2 82 4 50 6 79 7 55 4 71 5 63 6 30 0 11 9 76 4 39 8 84 9 94 3 93 3 82 1 38 9 44 5 29 0 60 8 59 1 17 1 82 3 49 4 15 0 41 1 42 5 50 1 73 6 70 3 24 6 50 4 58 9 66 7 58 1 57 5 2 4 90 3 94 2 16 8 22 3 84 1 3 3 29 3 73 4 20 8 45 7 80 3 47 3 25 1 9 3 18 8 32 4 53 2 81 4 79 0 71 5 61 2 28 4 98 6 42 8 67 6 41 6 35 0 21 0 16 7 59 2 30 6 56 7 19 3 30 6 43 1 65 6 49 7 40 0 85 3 22 9 17 2 100 4 82 1 27 9 56 9 36 1 60 5 57 1 73 4 47 6 29 2 63 9 71 1 68 
100 5 56 3 23 3 91 6 24 5 21 6 57 7 19 4 29 8 23 1 64 8 39 0 68 2 84 4 49 6 61 6 100 9 63 6 61 5 99 4 16 6 91 7 32 0 19 5 20 5 5 7 85 4 12 3 3 7 41 2 23 6 31 1 8 4 26 2 37 1 96 0 47 2 45 5 13 2 81 1 79 7 91 9 69 4 96 8 18 8 13 4 49 2 45 4 77 6 77 2 6 1 2 9 81 5 16 9 12 5 31 8 65 2 5 5 63 0 41 3 67 9 11 9 66 2 42 5 80 8 92 5 76 2 96 6 84 5 95 3 17 3 75 6 9 7 7 5 2 1 55 1 23 3 1 7 66 7 82 4 89 7 53 2 99 9 7 4 11 0 91 9 66 7 58 2 18 0 37 0 5 4 96 5 30 0 56 3 31 5 84 7 9 1 53 4 63 7 24 1 62 
100 6 90 7 34 6 76 7 49 6 32 7 83 2 14 8 56 9 6 6 89 4 12 7 64 1 43 3 72 0 23 0 60 4 45 6 49 4 70 4 90 0 43 0 38 0 63 9 99 1 65 7 3 3 26 1 31 6 91 9 54 1 48 7 90 5 94 8 8 4 19 8 100 0 46 1 78 6 31 6 82 3 33 7 45 3 46 9 31 8 72 9 75 0 15 3 26 8 42 7 72 4 77 1 49 0 56 6 61 0 33 9 32 4 79 3 69 0 38 3 76 0 79 9 29 9 13 7 11 8 77 3 39 7 24 5 100 8 22 1 61 9 17 7 87 1 59 8 5 3 26 5 82 6 38 9 29 2 51 1 21 4 7 6 69 4 91 3 97 3 62 9 12 6 69 6 78 8 70 8 71 5 28 3 99 7 43 8 31 6 97 5 98 7 59 6 50 4 3 0 44 
100 0 55 6 49 9 40 9 49 5 72 5 18 9 67 6 74 8 49 8 5 5 31 8 99 4 81 9 50 0 41 1 36 8 4 2 89 4 7 7 3 5 55 2 86 7 34 7 69 6 88 5 84 8 54 6 45 9 84 5 100 2 32 8 1 0 90 6 98 8 72 9 1 0 8 0 85 2 68 8 97 7 44 8 3 7 87 1 69 1 99 2 62 8 59 3 11 8 10 7 10 3 69 5 63 5 48 5 48 4 63 7 49 8 36 0 97 5 65 1 41 1 93 9 2 5 4 7 65 8 10 2 99 3 44 1 22 2 12 8 73 9 8 9 56 6 61 3 99 1 11 4 61 5 100 0 54 3 67 4 23 9 11 9 80 1 60 2 56 7 38 6 92 0 64 4 23 3 37 7 95 5 10 0 73 5 23 0 29 3 9 2 9 9 9 0 16 7 92 7 45 
