10 10
100 7 21 9 27 3 57 4 34 9 39 0 17 3 25 5 40 5 53 8 84 0 50 9 17 2 96 6 5 7 44 8 70 5 1 0 83 1 48 3 10 2 7 6 58 6 88 4 83 4 90 5 97 0 100 8 48 3 91 9 67 3 43 8 61 6 90 3 1 2 76 4 71 3 95 7 3 8 39 5 25 3 93 9 18 2 24 4 13 1 73 2 79 8 100 5 20 0 2 9 11 9 26 0 77 0 51 6 51 3 88 8 70 2 71 7 45 7 22 0 68 0 9 5 26 6 46 3 70 0 25 5 54 6 40 1 39 6 50 6 9 3 93 0 18 8 72 3 55 7 98 6 21 4 3 8 24 0 98 1 31 2 44 3 78 6 48 6 41 6 84 7 39 6 10 8 65 4 87 2 38 9 40 3 38 2 36 0 16 4 10 5 54 6 1 6 78 2 71 4 70 
100 3 78 8 49 9 88 6 9 0 16 4 44 3 17 3 27 8 24 4 80 0 15 5 26 8 43 9 87 6 1 8 70 5 11 6 22 3 14 7 88 8 38 4 19 7 57 5 2 5 35 0 86 9 4 1 72 9 71 4 53 5 43 0 19 6 88 2 74 6 67 5 66 5 28 7 30 2 62 0 40 2 99 1 87 6 4 8 75 5 56 2 34 1 80 4 90 7 66 8 51 7 56 1 51 8 17 7 66 8 29 4 71 1 86 6 12 7 29 4 55 9 27 3 63 4 32 9 10 0 25 3 21 8 95 7 2 1 45 6 4 3 16 9 60 1 99 1 71 0 37 9 6 3 78 9 74 2 26 9 89 1 99 7 30 9 86 3 87 7 64 6 63 4 48 3 32 2 87 6 42 6 7 7 20 9 90 2 57 4 40 3 19 1 33 3 61 2 64 1 78 
100 4 22 0 3 9 22 5 71 7 10 5 83 8 46 9 33 5 93 3 59 3 20 8 51 2 60 5 63 5 35 9 38 3 60 1 35 4 20 5 84 7 53 5 45 3 15 3 100 0 34 5 90 6 53 4 9 1 15 1 86 6 65 7 18 3 7 9 2 3 18 4 45 5 39 4 32 8 12 0 64 3 23 6 9 5 54 9 79 2 45 5 69 2 29 0 78 5 71 2 76 4 45 3 55 0 34 8 100 7 77 4 63 8 57 2 7 4 70 7 42 6 74 3 27 2 97 4 80 7 99 9 63 2 29 6 89 0 19 8 26 0 42 3 52 4 54 5 68 1 5 1 18 3 95 4 76 1 33 6 100 7 72 9 95 6 24 9 44 4 70 4 41 9 58 5 62 4 45 5 55 1 19 6 40 4 85 3 9 5 64 3 40 5 86 2 79 9 91 3 42 
100 8 67 5 5 5 28 0 99 8 70 3 55 2 72 7 80 1 70 3 31 1 19 6 21 8 7 6 75 9 42 5 73 4 100 0 74 9 14 1 39 3 19 0 57 1 73 8 1 8 43 0 82 5 29 1 35 0 77 8 9 3 93 9 39 9 11 6 46 0 13 1 83 7 86 8 4 4 27 7 43 0 63 4 93 8 46 9 31 3 73 7 37 7 62 2 21 0 10 0 91 8 5 0 14 0 60 9 63 5 52 6 28 7 1 2 90 7 68 6 24 6 24 9 16 5 48 2 27 6 98 7 59 7 27 5 77 4 64 4 38 7 82 6 79 4 76 3 83 0 14 0 65 3 50 5 27 5 24 5 48 4 71 0 46 3 25 4 56 2 67 5 28 1 61 7 56 4 37 5 99 6 15 2 44 0 67 0 3 1 86 3 37 1 65 5 8 0 79 1 43 
100 4 80 5 82 7 60 5 91 1 34 0 83 0 59 0 74 0 46 5 66 6 42 2 40 7 74 7 41 6 95 7 56 0 19 8 68 9 90 2 10 3 57 5 65 0 99 8 21 4 35 7 50 9 21 7 18 6 93 6 58 9 11 5 49 6 89 3 2 2 86 7 76 5 51 9 29 8 5 7 83 8 27 4 44 0 82 7 83 8 20 4 88 0 79 2 87 7 64 6 80 1 82 8 78 1 71 0 53 5 2 0 81 2 20 1 69 7 10 1 49 9 3 9 25 3 93 1 56 7 83 0 17 8 9 1 36 3 77 9 24 4 87 1 31 0 37 0 94 1 82 7 12 6 83 8 38 9 32 0 19 2 9 5 28 5 65 6 33 6 40 3 7 4 62 2 57 7 29 1 90 7 99 2 24 3 53 3 99 3 24 6 29 9 10 5 22 9 58 6 48 
100 7 31 7 50 7 61 6 47 7 63 0 8 1 13 7 69 7 84 9 23 8 98 1 61 5 9 5 7 4 25 6 26 7 39 2 70 3 86 5 89 3 11 8 53 4 24 9 38 8 61 3 9 5 52 1 60 7 33 0 86 2 27 6 39 1 98 0 65 1 61 6 58 2 56 7 99 7 48 7 49 1 64 6 18 9 58 9 46 8 22 9 68 2 82 6 17 4 71 2 15 7 89 2 30 6 51 7 30 2 31 1 88 5 32 0 1 3 31 3 87 9 1 5 78 8 70 3 41 6 78 3 13 0 68 8 47 2 59 3 49 4 42 1 12 5 98 2 2 0 56 6 32 8 43 5 91 2 28 8 82 2 67 0 78 8 17 0 60 1 25 2 61 4 72 6 35 9 89 2 27 9 11 9 67 8 90 3 34 8 29 0 99 0 84 2 97 1 32 4 4 
100 6 21 0 93 9 63 1 26 7 52 8 80 4 91 8 30 4 17 0 25 2 37 1 71 1 71 0 54 1 5 9 38 2 49 5 20 0 99 9 86 7 1 5 48 5 41 9 60 7 26 5 41 5 96 8 66 4 100 9 36 2 4 7 71 5 32 7 77 9 52 9 90 1 83 8 59 6 37 3 98 8 44 1 4 0 21 1 90 7 82 4 5 6 8 5 98 0 34 5 66 7 38 2 84 3 93 0 62 9 57 0 62 3 90 2 84 6 67 2 96 8 35 4 89 0 99 3 77 1 66 9 42 6 53 0 33 5 1 1 53 7 66 7 27 0 42 8 26 8 71 8 35 6 16 6 29 3 17 2 35 6 100 2 10 9 12 2 46 7 37 3 29 0 5 7 42 9 78 1 78 7 51 3 34 0 14 5 72 4 93 9 33 1 30 2 16 4 41 1 99 
100 5 87 7 97 6 59 2 5 0 48 3 60 4 76 9 19 7 11 8 56 8 10 7 48 1 75 0 61 1 88 8 20 2 89 5 87 1 56 3 82 6 44 8 66 7 49 6 56 2 45 8 79 5 24 7 27 5 1 4 77 3 48 3 32 7 59 3 79 0 41 2 71 2 54 0 44 3 47 8 45 8 84 4 56 1 73 6 86 5 63 1 27 4 91 7 55 6 9 1 56 3 69 3 14 1 47 5 59 4 79 2 30 9 98 6 37 8 96 2 54 7 6 6 43 6 64 8 62 6 74 6 71 6 44 3 42 0 28 7 75 8 82 4 91 4 61 2 40 3 59 0 74 9 87 7 85 5 95 6 93 4 4 2 22 2 83 3 42 3 69 7 3 8 97 9 90 1 69 6 82 0 97 6 62 0 55 3 84 8 23 8 23 2 59 0 34 3 69 7 78 
100 0 93 2 60 0 15 3 42 8 7 9 24 7 29 1 62 3 3 9 12 3 23 1 93 0 66 6 13 2 98 0 92 0 77 6 23 9 40 9 94 8 6 5 12 3 5 6 27 5 70 3 64 4 75 2 31 2 78 2 91 6 34 2 94 3 80 4 97 2 93 8 94 0 71 7 19 4 88 5 65 7 71 6 99 4 99 6 63 7 67 8 58 1 81 3 70 8 99 6 7 7 90 2 69 1 8 5 19 5 94 6 25 2 7 5 33 0 29 3 42 9 28 2 16 4 80 9 89 6 50 8 67 6 33 6 72 8 85 2 44 0 62 2 14 7 82 5 9 2 80 5 6 9 3 1 66 9 33 1 59 8 8 6 42 9 37 5 85 8 18 0 16 8 75 3 74 0 48 6 24 0 14 3 37 5 69 6 29 2 5 3 2 3 18 1 33 0 26 0 28 
100 1 89 3 74 4 15 7 33 5 23 6 100 0 75 2 14 2 1 8 53 2 15 6 61 6 10 2 77 1 100 9 11 5 62 7 83 2 17 9 1 0 99 7 58 9 54 7 71 0 19 7 80 3 59 4 65 9 60 3 40 8 9 4 24 3 22 8 8 0 98 9 86 1 71 1 40 0 22 2 61 3 73 7 97 6 76 8 95 7 88 0 70 5 31 8 67 1 74 4 28 6 25 9 53 0 83 0 86 9 82 0 66 4 67 7 5 6 41 2 39 2 51 3 17 9 99 1 74 8 16 6 91 4 6 5 52 0 100 4 42 0 95 0 91 8 22 5 79 8 97 9 94 2 4 9 8 3 99 0 62 1 35 8 15 1 86 3 89 9 51 8 86 0 19 3 58 9 59 5 52 7 71 8 16 1 96 1 30 9 44 9 4 2 98 3 17 8 16 5 88 
