10 10
100 4 26 9 42 9 10 8 32 7 59 5 57 1 57 6 76 6 21 9 88 5 19 5 4 0 56 2 16 1 26 9 80 6 37 1 20 5 35 8 94 5 9 5 93 8 6 4 3 2 28 1 74 5 61 8 33 0 42 0 99 3 78 3 53 0 73 2 74 1 64 3 82 5 64 9 30 0 74 0 62 1 94 2 71 6 49 7 19 5 29 8 81 2 12 8 43 5 56 5 100 4 33 3 49 7 23 1 31 1 86 0 30 5 4 8 69 5 11 5 53 1 69 1 61 8 73 6 96 5 47 8 99 3 35 2 64 2 61 7 79 3 93 6 34 2 58 2 79 3 79 2 13 4 71 0 98 3 3 8 14 1 47 1 4 1 98 1 77 1 77 8 11 3 91 0 22 4 42 1 47 0 94 0 67 4 31 4 22 0 19 2 24 5 59 3 37 0 100 6 15 
100 5 23 7 33 3 46 0 75 3 55 7 29 6 42 1 5 3 35 4 4 0 17 9 45 0 17 8 40 9 45 4 14 3 60 9 49 3 5 9 30 3 64 1 100 3 72 2 6 2 36 1 45 0 86 0 15 9 40 6 96 9 12 8 6 6 71 8 66 7 28 8 43 9 69 9 63 6 11 0 1 0 65 9 22 0 2 9 49 3 85 4 35 6 80 5 25 9 45 2 7 0 18 2 5 9 59 8 90 7 3 1 46 4 25 2 36 9 41 4 81 9 39 2 20 0 43 8 91 4 86 1 48 7 29 1 66 6 35 5 46 7 2 6 71 6 17 9 48 4 18 1 10 6 87 1 83 2 4 9 65 1 7 4 13 4 19 3 28 6 39 3 47 5 71 7 36 4 88 9 89 8 7 8 5 7 31 6 46 8 91 6 97 4 4 4 96 5 88 4 71 
100 7 3 1 2 2 84 5 19 6 82 1 29 1 35 5 100 5 23 0 57 6 62 5 90 2 38 0 27 4 6 3 78 5 49 4 46 8 48 4 84 3 29 2 76 9 11 6 49 7 92 9 69 1 52 6 3 6 80 5 26 8 48 0 95 4 16 9 49 8 57 9 49 7 99 4 48 5 3 8 33 5 90 9 9 2 43 2 71 7 96 0 65 0 69 3 96 4 30 3 87 4 23 8 82 1 64 6 93 3 94 4 90 6 16 9 80 9 40 6 59 0 62 1 17 6 78 7 4 6 91 7 39 6 38 1 82 2 59 4 97 0 87 2 69 6 18 7 1 5 87 9 58 7 85 5 42 6 62 2 48 7 87 0 12 0 94 3 24 4 95 9 92 1 70 7 51 6 93 7 86 6 85 0 40 2 80 0 59 5 1 1 25 1 6 6 43 3 98 3 40 
100 5 100 2 85 7 2 0 18 8 55 4 70 4 69 8 8 0 48 8 7 9 60 2 69 8 71 8 53 8 48 8 3 7 72 9 23 1 70 5 36 4 75 3 62 8 87 9 90 8 4 7 54 7 21 4 24 8 61 6 49 3 68 2 87 0 59 1 41 2 16 3 77 0 38 5 98 6 86 9 96 9 42 0 18 8 36 6 71 0 97 7 45 4 89 3 19 7 48 9 66 6 52 0 4 1 13 0 21 5 98 0 24 9 80 9 90 4 86 6 76 1 6 0 93 4 75 7 83 4 45 9 77 8 83 0 93 4 69 1 44 6 22 4 52 1 3 7 72 9 16 5 80 5 93 9 9 8 17 2 56 2 7 5 5 4 47 0 17 5 55 3 89 4 84 0 75 1 70 9 21 9 33 3 89 4 17 0 64 5 94 3 9 3 85 6 4 5 23 1 79 
100 7 51 9 99 3 32 4 73 4 81 1 13 1 54 5 28 4 98 0 54 1 40 7 3 0 50 0 66 2 55 2 89 5 27 9 76 0 89 4 36 4 56 5 77 5 98 5 29 4 8 1 61 7 30 5 88 2 30 0 72 0 96 7 23 8 66 5 23 9 77 2 59 3 33 4 21 3 74 2 91 4 89 7 60 1 78 2 88 5 3 5 21 2 25 3 91 1 25 0 11 6 38 6 87 0 59 7 40 5 70 9 46 1 82 7 15 8 49 4 61 8 42 4 97 1 89 0 61 9 25 9 27 6 45 0 68 8 1 9 78 4 25 8 32 9 45 6 56 5 46 7 38 6 8 4 59 5 95 6 52 9 94 6 94 2 94 7 76 7 36 2 29 6 93 8 21 1 95 2 13 2 45 3 93 8 95 4 60 4 94 6 34 3 24 2 87 1 3 4 4 
100 0 35 5 66 1 65 1 37 5 48 8 63 0 16 9 84 8 15 8 40 9 93 7 50 3 57 0 75 0 73 1 5 9 90 4 33 3 55 8 33 1 30 2 94 3 11 5 11 5 24 1 65 6 74 6 33 6 87 3 1 4 86 7 13 6 36 9 28 7 90 8 56 0 54 0 90 2 19 2 5 1 16 1 71 7 10 9 83 1 74 7 85 5 77 5 21 6 55 1 37 6 3 6 84 1 65 3 52 0 60 8 12 0 53 8 66 7 34 2 16 4 50 7 26 5 66 5 100 1 54 7 21 0 43 7 6 9 56 9 84 4 33 0 40 5 83 8 57 8 44 8 99 5 18 0 48 4 17 7 75 8 17 9 93 5 33 0 33 0 10 2 62 8 27 6 63 2 18 3 7 8 89 3 22 3 48 3 52 8 47 9 1 9 86 7 97 2 80 9 56 
100 8 11 2 10 3 43 9 60 8 7 1 88 5 2 7 65 0 49 8 12 1 71 2 65 2 23 5 39 0 58 3 90 2 98 3 42 5 85 7 25 0 3 5 89 8 25 2 34 3 34 8 83 9 92 2 21 6 2 0 33 0 45 9 61 2 13 2 69 5 50 7 92 6 24 4 12 5 37 5 11 9 69 8 51 9 76 1 52 1 94 8 16 8 40 0 85 1 71 1 82 6 46 4 68 9 89 9 36 1 42 9 58 3 2 0 84 0 62 4 2 4 51 5 50 1 61 8 91 5 2 8 79 4 43 5 92 8 95 0 71 9 57 6 72 7 34 6 7 9 13 5 18 2 26 3 70 3 94 2 12 0 14 3 41 5 76 1 77 5 16 5 85 7 72 9 93 7 91 2 36 2 39 5 10 7 74 3 28 4 2 0 18 1 27 8 45 1 31 2 7 
100 3 88 6 73 8 88 0 10 6 30 6 6 9 15 0 83 7 97 5 33 1 88 0 81 6 67 7 74 0 96 8 9 4 90 7 63 3 67 8 65 8 87 0 71 2 27 1 23 3 46 3 7 1 93 8 55 3 86 2 40 0 6 7 5 2 31 3 45 0 54 3 60 7 21 1 71 9 67 0 3 5 65 3 62 9 11 5 89 1 1 1 85 9 3 7 50 2 45 5 84 6 98 4 20 4 56 6 93 0 55 2 23 7 70 8 74 9 88 0 42 5 77 6 36 3 44 2 31 4 2 0 28 0 58 1 28 0 66 2 12 3 93 2 81 7 56 0 92 6 28 5 79 9 89 8 91 9 1 4 13 2 44 2 36 4 45 2 50 9 88 3 17 4 51 9 77 4 75 5 56 1 53 3 47 1 45 3 39 1 9 7 75 4 20 5 59 0 25 5 86 
100 9 2 1 79 2 99 6 47 1 34 9 64 0 24 0 1 9 66 0 92 7 33 2 67 8 75 0 67 3 20 1 60 5 14 3 93 6 86 9 63 2 98 9 25 9 67 8 59 3 92 9 56 3 10 0 34 2 10 4 8 6 98 2 33 0 96 5 50 2 1 5 49 8 29 1 36 7 41 2 40 3 63 2 56 2 46 4 34 9 87 8 96 2 18 1 71 3 71 8 100 3 74 8 85 9 79 5 40 7 58 3 85 0 59 4 97 0 43 8 21 4 3 2 16 7 49 3 67 0 83 9 95 9 14 3 88 5 26 9 27 0 87 3 30 5 48 1 40 6 69 7 20 1 94 1 64 3 7 0 9 8 99 9 76 1 61 2 59 5 15 8 84 7 11 9 87 4 20 6 42 8 19 0 41 4 62 3 36 0 87 0 95 6 19 0 71 0 84 7 20 
100 8 22 9 30 7 26 9 20 7 26 8 46 3 56 6 39 6 17 0 89 0 71 9 16 8 38 3 29 8 97 4 100 6 6 6 55 9 6 1 77 7 62 5 36 3 79 0 55 0 92 1 9 3 29 2 3 5 37 5 40 3 70 7 54 8 44 8 6 7 28 2 6 6 61 3 33 7 75 1 12 5 71 5 4 4 49 5 45 9 5 3 70 1 52 4 66 6 94 6 59 6 42 0 79 7 46 5 9 5 57 5 19 0 68 0 96 1 17 6 14 0 63 4 83 8 27 2 21 0 27 5 55 1 50 6 3 2 88 1 84 9 63 2 15 5 67 2 39 2 46 3 91 6 26 4 85 8 96 0 57 3 89 4 85 3 21 3 49 3 10 0 11 0 31 1 45 7 94 9 76 0 1 3 99 3 81 5 26 4 67 5 17 6 79 7 82 9 84 0 24 
