10 10
100 6 32 1 27 0 20 8 64 3 69 2 66 8 22 9 52 9 97 3 99 6 28 2 58 1 94 1 33 9 48 3 53 3 26 4 78 9 95 8 80 9 25 2 41 3 11 2 48 8 15 4 89 9 7 0 8 2 84 6 86 8 53 5 3 5 50 8 86 7 3 7 15 5 56 8 49 1 17 8 49 8 56 1 92 5 93 4 32 1 49 4 65 5 71 1 44 5 14 7 23 5 53 7 68 5 75 0 12 9 75 4 90 4 31 5 33 9 42 0 38 5 68 4 74 1 57 0 26 7 65 1 52 4 20 8 16 1 73 6 61 9 30 1 79 5 80 3 4 1 8 7 39 1 95 8 92 6 17 9 92 2 39 4 40 8 66 0 26 2 52 2 25 8 23 2 92 0 14 8 67 7 97 5 59 3 66 2 11 9 17 8 69 3 33 9 44 3 65 5 49 
100 7 42 7 77 4 28 0 50 7 35 1 65 0 3 3 52 1 27 8 22 8 56 0 19 5 15 1 35 5 74 6 28 8 96 7 68 8 15 1 59 4 55 2 88 2 92 3 52 7 18 4 6 7 58 1 87 1 77 7 50 2 58 6 85 1 64 4 95 2 88 2 14 3 96 7 49 0 30 2 55 1 7 9 56 7 30 5 59 1 1 4 56 8 11 4 72 3 75 9 55 2 48 8 13 3 52 7 3 9 83 5 24 6 71 8 38 8 46 7 33 0 3 7 1 5 88 6 94 7 65 9 85 0 27 9 96 5 58 2 38 6 39 9 31 7 51 2 24 2 41 0 91 6 25 3 23 3 40 0 95 7 8 6 1 8 12 4 3 9 90 0 15 3 70 0 62 5 75 1 28 7 53 6 29 7 74 8 19 0 40 8 15 4 54 5 72 9 80 2 66 
100 6 86 2 4 3 57 5 76 0 60 7 58 5 93 7 82 9 16 3 57 2 57 9 48 1 96 7 80 1 74 0 12 5 68 5 28 8 74 0 32 4 21 1 67 3 37 8 94 6 15 8 90 7 18 5 9 0 13 5 21 4 5 3 14 7 84 9 9 4 4 4 30 2 27 3 86 5 3 7 99 4 83 4 67 5 95 6 96 3 62 8 93 2 99 1 25 7 39 3 84 0 66 4 6 5 45 0 14 3 71 4 45 6 10 9 25 1 30 2 53 8 38 7 17 1 6 6 16 7 65 4 67 0 42 4 37 1 1 5 48 0 2 0 44 6 28 5 74 0 28 2 6 0 7 8 61 3 71 5 1 8 67 3 27 0 18 7 17 5 55 9 50 7 7 8 94 0 40 8 56 2 97 4 75 4 58 0 66 8 27 3 5 0 47 6 14 8 72 2 20 
100 0 14 5 64 2 26 7 78 9 65 6 7 3 28 1 100 8 88 3 35 1 44 9 51 7 42 7 96 0 37 3 30 9 83 3 37 7 26 3 45 2 78 0 9 5 96 8 11 5 95 1 10 9 27 3 84 9 82 0 70 5 65 6 85 0 45 2 68 9 92 9 12 2 83 5 39 1 34 4 16 3 44 2 3 9 90 9 45 5 46 4 54 2 69 8 18 7 32 0 49 8 46 0 77 6 81 5 81 3 75 6 64 4 99 8 12 3 80 3 44 3 77 0 24 1 88 3 42 6 36 2 29 0 69 9 78 6 78 1 65 5 30 2 95 5 12 6 37 6 39 8 17 0 37 7 33 5 98 3 8 3 41 3 88 7 74 6 57 3 75 2 36 8 100 5 8 4 29 7 51 2 8 5 63 5 65 6 27 9 82 5 1 6 16 0 75 0 3 5 50 
100 7 44 5 73 1 16 3 65 8 78 2 87 6 65 1 84 5 65 4 97 6 72 8 90 8 40 8 14 9 88 7 32 1 26 0 41 5 73 8 80 1 52 1 36 3 42 1 36 0 57 1 33 4 74 0 13 7 77 9 45 2 82 3 61 6 91 7 67 9 38 3 44 1 78 9 98 7 39 3 94 3 76 6 85 5 26 5 65 1 84 6 65 9 55 0 50 9 53 5 1 0 5 7 30 9 55 1 79 3 5 0 89 3 82 1 65 7 89 8 22 3 72 0 22 3 47 6 9 2 62 7 88 9 47 0 44 0 53 0 65 3 14 6 21 2 94 5 59 1 16 2 35 7 16 7 56 1 2 1 30 5 83 5 95 0 69 7 69 9 81 7 96 9 82 6 30 7 70 8 67 5 58 4 52 4 95 1 85 0 57 5 83 7 23 8 46 0 35 3 17 
100 8 4 3 33 1 21 0 71 6 75 7 14 4 25 9 86 7 52 4 66 0 89 3 72 5 12 0 16 0 74 0 100 7 65 7 60 0 21 5 54 1 1 8 72 2 18 4 20 5 62 0 73 7 73 7 86 3 73 5 55 8 61 6 98 0 5 2 88 1 72 6 21 1 66 9 20 5 98 5 88 6 33 4 28 9 23 1 71 9 12 2 71 0 87 6 27 2 18 6 65 1 92 5 53 6 9 8 16 5 88 5 52 1 73 5 57 1 24 3 12 1 1 8 42 7 24 1 27 4 20 5 2 9 90 1 77 4 13 1 13 8 72 5 78 9 99 3 91 8 10 7 79 6 83 2 31 1 23 4 38 9 76 4 29 2 20 6 28 0 11 4 92 9 43 6 10 8 11 3 90 7 67 2 65 0 15 6 39 7 88 6 67 7 81 5 13 0 22 1 21 
100 5 91 4 87 8 15 3 19 5 89 3 92 8 49 1 46 1 2 8 4 3 94 3 22 4 91 5 90 1 12 9 68 8 40 3 1 4 29 7 82 8 97 2 36 2 86 2 74 5 100 3 62 4 87 8 74 4 21 3 41 7 93 0 91 9 4 8 84 7 22 8 50 2 92 6 2 7 31 2 72 1 59 0 61 3 54 6 66 4 66 9 51 0 86 9 12 3 94 6 50 5 72 8 23 9 20 7 86 2 68 3 87 9 75 2 1 7 80 3 62 7 86 4 93 8 42 6 31 6 6 9 14 8 11 0 9 9 73 1 85 9 65 6 92 2 33 6 43 4 80 5 58 3 63 8 75 9 100 7 29 2 14 9 27 8 8 4 70 4 33 3 25 7 34 9 56 5 76 0 36 6 52 1 64 1 67 2 1 7 18 6 12 1 23 6 44 5 42 0 95 
100 4 38 1 6 8 90 8 98 3 61 6 13 3 31 4 52 8 51 3 7 1 71 9 81 1 50 0 13 6 10 4 74 4 90 4 26 0 78 7 37 6 89 1 14 3 68 1 29 0 32 1 86 6 95 8 15 2 82 4 80 9 7 2 60 8 82 7 17 9 3 8 1 6 92 4 70 5 64 2 8 4 1 2 40 9 4 4 95 2 12 5 63 2 64 7 72 0 64 5 12 7 6 2 30 8 82 5 31 4 84 9 57 7 52 7 11 3 52 5 55 0 2 7 70 0 40 7 52 9 86 2 95 4 73 2 9 4 89 6 48 3 65 4 65 1 79 3 30 8 19 6 20 6 48 8 74 8 36 9 53 8 68 7 97 6 70 5 27 2 91 2 51 3 28 4 37 9 66 3 5 9 52 9 99 7 59 2 65 5 19 8 41 0 38 2 18 2 98 1 28 
100 3 75 5 1 1 74 9 88 2 71 2 63 7 34 3 55 1 11 1 73 9 33 8 7 0 24 8 75 8 74 8 47 4 53 1 17 3 54 0 53 4 43 4 34 7 69 2 96 3 71 4 19 7 17 4 22 2 60 7 50 2 56 4 76 2 64 0 14 7 21 8 74 1 23 9 76 2 19 1 20 3 71 9 66 1 94 2 41 3 77 8 22 9 88 7 51 4 4 1 77 2 93 9 23 1 62 5 70 0 83 6 87 7 63 9 63 7 34 7 35 2 76 8 18 0 83 4 8 9 84 2 73 6 62 6 75 8 20 4 56 8 26 1 2 6 41 3 74 8 2 7 83 5 60 6 60 9 40 6 30 3 31 8 61 0 12 7 93 3 21 0 76 6 13 0 98 1 50 3 22 7 16 0 93 9 25 4 67 0 80 3 62 3 12 9 10 9 46 5 100 
100 6 30 4 5 3 18 3 94 2 73 7 17 8 5 1 83 8 83 6 20 8 9 8 84 2 37 3 57 9 40 7 30 4 96 2 38 9 72 8 82 2 7 1 13 7 24 0 14 6 79 7 83 5 33 7 14 7 21 2 82 2 42 0 72 0 61 7 38 8 90 4 71 1 46 5 50 2 71 9 41 9 10 5 12 9 61 0 2 4 96 4 96 9 26 6 84 4 76 9 12 7 5 3 81 2 23 4 52 7 90 9 80 0 50 9 24 6 53 9 83 8 15 6 67 2 7 5 63 9 65 4 97 3 35 9 77 5 2 3 31 6 25 3 11 5 23 7 49 0 81 4 9 2 46 3 70 6 49 2 24 0 94 2 80 2 58 6 71 9 30 0 27 8 11 2 57 7 11 1 35 6 41 2 79 8 45 2 68 2 49 6 34 1 33 9 29 9 79 6 78 
