10 10
100 6 19 5 10 0 51 6 38 1 31 2 92 1 74 7 51 2 62 1 69 3 27 0 47 5 25 2 73 7 64 8 31 9 7 0 7 8 80 9 34 3 60 7 38 4 29 6 56 1 84 2 38 1 28 5 52 6 48 7 83 0 95 2 84 3 27 3 98 4 36 7 71 8 15 9 80 8 18 9 82 9 97 5 10 0 74 7 15 7 15 9 80 1 45 8 44 4 48 6 86 5 32 7 65 4 67 9 11 7 5 3 62 4 53 9 69 4 15 2 36 6 8 3 41 2 23 6 45 4 34 6 83 2 9 6 50 9 75 4 74 9 43 9 74 1 8 0 62 8 14 0 43 4 47 6 19 7 16 0 72 2 9 8 18 9 46 7 9 9 43 1 57 5 49 4 5 0 80 7 37 1 61 6 10 4 25 9 73 1 72 6 99 7 60 7 75 5 62 7 95 
100 9 21 9 71 0 21 1 86 4 64 9 93 9 57 1 18 5 16 4 42 1 71 3 100 4 27 5 57 5 56 2 42 5 58 0 40 8 63 7 20 4 95 9 73 7 7 3 68 0 7 2 42 0 53 9 99 5 59 4 89 5 79 0 68 7 31 1 35 0 20 7 77 3 82 0 65 3 20 0 27 1 96 2 6 2 98 4 74 5 31 6 73 8 80 8 77 4 81 9 43 5 11 4 15 4 75 5 58 1 93 9 9 7 83 0 49 3 65 7 32 1 93 9 60 7 19 6 57 8 17 7 57 3 75 5 41 4 48 1 61 9 9 2 15 0 87 5 97 8 11 0 49 4 51 8 31 1 70 6 43 0 15 0 30 8 91 7 26 5 45 9 5 8 46 5 71 9 57 6 21 1 1 9 37 5 28 9 60 6 13 4 73 4 8 7 68 2 20 0 28 
100 3 54 7 94 3 64 8 61 0 71 2 43 6 92 1 26 3 58 1 12 8 68 5 41 9 89 5 4 5 30 6 8 4 27 7 63 1 69 2 90 2 32 6 46 6 80 6 100 2 79 0 53 7 58 1 62 2 27 7 45 9 8 2 62 5 43 1 97 0 81 7 17 0 89 7 52 8 17 5 5 2 9 7 17 7 65 1 39 1 62 0 25 7 52 5 98 0 54 0 29 9 10 5 19 9 64 6 8 6 63 2 67 7 39 8 39 0 31 2 89 4 70 0 73 5 50 3 97 5 29 1 4 6 50 4 2 3 51 5 17 0 63 7 8 6 38 3 51 9 51 9 9 2 72 3 18 2 21 1 88 8 37 1 78 5 59 7 6 7 32 0 57 8 92 0 68 5 21 7 75 1 27 0 87 3 59 8 12 2 37 7 51 0 59 9 77 2 73 5 58 
100 5 92 1 87 1 39 5 19 5 15 8 31 0 85 7 63 3 34 7 1 1 29 8 66 9 74 1 30 6 17 0 9 8 39 3 20 8 24 4 58 3 49 4 95 9 30 6 81 4 46 8 45 7 22 5 8 5 56 0 29 5 75 4 38 1 67 4 13 9 31 2 87 0 14 8 82 2 20 8 63 4 65 8 100 6 47 3 22 9 31 8 65 4 36 7 67 5 16 1 50 5 19 5 68 6 72 1 45 9 11 7 96 6 45 0 96 7 69 1 78 8 8 1 38 0 16 9 76 2 12 1 4 8 55 0 2 2 48 9 26 0 14 4 86 2 45 7 16 6 76 3 59 5 40 0 75 5 45 3 30 6 43 0 64 4 17 7 96 0 50 7 33 8 98 3 42 8 9 5 25 4 23 3 65 0 30 7 39 3 52 1 58 3 82 7 6 6 84 0 86 
100 7 37 7 51 1 83 6 5 9 28 6 71 8 76 6 54 3 46 2 87 3 64 5 58 7 78 2 95 9 15 8 71 5 43 7 52 5 32 1 1 0 95 5 31 3 70 7 38 3 37 1 19 1 93 8 19 5 34 1 42 4 44 2 54 7 27 5 79 9 3 2 80 9 31 6 92 4 99 2 15 7 25 1 63 5 65 9 77 1 80 5 82 2 45 1 95 5 9 4 94 9 92 8 97 4 75 1 38 6 53 9 78 1 9 2 33 5 63 8 7 2 83 6 77 4 70 6 32 0 80 0 22 8 91 5 41 0 67 9 37 9 80 6 88 8 13 5 94 8 12 3 92 5 30 3 56 3 97 1 23 7 77 7 73 3 97 6 13 9 74 7 90 9 93 1 88 4 25 3 88 6 59 9 43 7 6 4 50 4 43 2 59 7 44 6 91 4 58 4 81 
100 5 8 4 97 5 80 7 18 1 61 7 3 8 79 5 83 2 7 1 73 1 40 5 93 4 27 5 5 3 22 0 97 0 27 5 86 8 86 1 50 7 80 1 37 6 3 1 93 0 55 4 26 3 58 8 91 0 14 1 89 6 79 8 92 5 39 3 63 4 92 4 37 6 67 0 42 0 30 2 20 5 51 6 59 3 47 8 59 9 78 7 14 1 59 5 97 0 52 4 2 5 25 0 31 8 33 5 90 8 81 3 16 3 30 6 91 1 66 7 3 0 8 3 4 6 36 3 73 0 95 9 72 8 69 6 96 8 76 5 86 5 81 0 21 8 44 3 78 4 8 4 94 1 9 3 68 1 92 8 12 2 81 8 19 2 4 7 22 2 24 5 65 5 18 2 9 2 31 6 53 2 21 6 81 2 100 7 3 3 78 9 62 2 78 6 13 3 46 2 23 
100 5 11 4 26 7 53 4 64 9 21 1 38 7 17 0 49 9 64 7 53 9 10 0 4 3 96 9 49 9 9 5 49 4 66 1 8 4 82 1 40 5 97 2 27 2 73 8 95 7 94 0 44 7 21 3 74 0 60 4 66 1 28 1 76 6 92 2 62 6 95 1 29 0 62 5 73 5 44 6 24 2 67 7 86 8 44 4 42 2 64 3 20 5 37 7 93 7 98 7 61 4 33 2 92 1 41 2 90 6 74 3 31 5 12 6 89 9 25 6 20 2 29 1 95 4 50 2 84 2 82 1 12 1 48 3 93 5 35 7 60 8 82 9 30 4 40 4 63 9 10 4 83 5 67 5 11 1 46 9 26 3 70 1 9 5 68 8 62 8 51 8 47 5 44 8 60 3 39 8 27 5 27 9 85 5 68 2 93 3 12 4 46 2 88 3 8 7 80 7 85 
100 0 5 8 92 4 86 9 80 9 88 5 10 2 7 9 48 4 98 0 71 8 7 8 63 3 63 5 68 4 36 8 10 3 96 0 27 7 46 1 48 5 71 0 11 7 28 0 69 6 21 3 30 2 43 2 39 4 56 7 50 7 20 0 13 6 34 6 48 9 59 5 62 9 17 7 78 8 91 5 40 7 24 3 30 6 8 3 68 6 71 4 71 0 44 7 69 1 8 4 97 2 35 9 9 7 49 0 96 9 88 8 99 1 93 3 78 6 92 1 35 7 34 4 54 8 83 6 39 4 23 7 93 5 88 4 27 9 80 7 89 0 56 6 98 0 15 5 11 9 1 1 83 7 55 1 34 7 6 1 45 7 87 2 34 0 30 7 28 1 17 8 98 2 96 7 2 7 4 4 85 6 29 5 91 1 83 5 20 2 76 2 65 1 13 0 45 8 67 9 62 
100 9 18 9 63 8 48 6 29 7 65 0 90 6 53 9 53 5 9 5 64 6 43 9 61 4 60 5 9 0 63 2 83 3 65 2 39 1 78 2 6 7 8 0 67 6 76 9 78 5 23 3 93 2 46 3 25 5 19 4 50 3 77 7 20 1 25 8 37 1 9 7 89 1 22 3 18 4 22 7 65 0 55 1 36 3 95 4 100 2 44 1 92 3 11 7 14 0 86 9 92 8 78 2 97 8 66 5 60 3 56 5 58 8 64 5 34 6 46 3 17 7 61 4 16 3 14 5 87 3 46 9 12 1 35 5 41 8 4 3 57 8 54 9 65 7 86 1 9 8 4 9 88 6 81 2 86 4 8 0 89 9 32 1 94 7 100 1 68 1 53 2 46 1 52 5 72 1 21 9 41 7 95 0 54 5 8 5 86 3 28 4 12 1 80 1 65 8 65 5 98 
100 3 23 2 42 1 63 6 50 1 46 9 84 6 99 6 53 8 31 8 39 1 30 0 26 2 97 0 88 3 46 7 54 2 13 6 84 6 70 8 100 8 24 0 23 0 88 9 63 1 3 9 7 4 6 8 7 7 59 6 59 6 76 4 3 8 80 0 52 2 37 9 47 9 92 5 89 1 92 8 6 9 62 0 10 1 16 7 48 5 26 5 49 6 95 4 49 0 51 0 3 8 2 7 73 9 82 1 40 6 10 6 63 2 56 5 32 7 51 4 22 1 67 8 10 1 10 6 18 4 20 7 39 3 81 5 21 9 7 9 78 4 35 3 56 8 72 4 88 8 21 2 65 7 84 8 53 0 86 1 51 5 88 7 22 6 56 6 78 9 84 0 44 1 37 9 48 7 9 0 95 0 56 8 4 5 29 5 51 4 72 4 72 9 11 2 9 6 63 8 43 
