10 10
100 4 35 4 9 5 5 5 71 3 91 0 85 2 45 8 74 3 56 0 89 4 51 3 23 6 26 5 8 9 84 5 8 3 16 4 24 9 1 3 84 5 70 1 13 9 16 8 75 4 92 4 70 2 85 3 58 3 46 0 12 5 43 6 98 0 100 7 54 5 3 8 11 4 25 6 8 9 28 7 30 9 33 1 63 2 25 4 25 2 90 4 27 5 43 7 24 5 83 9 56 5 66 9 28 3 78 0 55 6 35 2 26 9 91 4 74 4 68 2 74 7 3 0 51 9 23 0 83 4 24 9 98 3 43 7 85 0 3 9 29 5 60 6 88 3 8 1 71 6 7 8 97 3 48 8 6 7 96 8 13 7 28 5 67 1 11 8 19 8 8 9 55 5 85 0 37 5 84 9 2 5 41 2 44 0 62 3 99 2 74 6 69 2 2 0 26 6 34 2 73 
100 5 41 9 87 7 81 5 88 1 63 3 72 6 17 6 40 8 60 3 89 9 37 6 35 4 83 2 25 9 14 8 77 7 85 4 55 3 7 3 13 4 68 1 82 0 76 4 22 1 69 9 76 0 94 5 92 5 96 5 54 7 84 2 24 7 88 5 67 1 78 1 23 6 37 1 39 9 96 1 23 6 13 1 33 1 32 4 5 3 67 5 26 5 89 1 67 5 63 8 93 2 4 5 27 4 32 4 44 2 94 9 25 7 95 8 7 3 19 3 49 8 88 3 82 6 97 0 99 2 1 2 25 0 61 2 50 7 50 5 13 3 11 2 30 8 90 3 14 4 29 7 25 8 46 9 50 5 40 9 91 8 67 4 88 3 76 1 79 8 18 3 72 9 79 6 81 1 12 8 41 8 24 3 96 3 22 4 31 7 24 7 16 8 53 5 79 6 69 1 72 
100 6 20 7 52 5 98 5 33 5 85 6 60 8 87 3 24 1 12 8 94 0 7 2 96 4 35 5 62 6 81 9 52 3 38 0 64 0 98 7 97 6 96 0 62 1 33 3 50 6 34 5 76 9 51 0 58 0 51 0 46 4 70 1 69 1 23 2 40 7 6 1 23 5 94 3 20 1 77 7 96 5 59 2 46 0 53 9 92 9 7 7 91 3 79 6 40 0 75 7 35 8 100 7 49 6 73 1 22 9 75 9 44 4 11 4 20 7 43 4 78 5 67 7 27 9 40 0 82 6 85 0 92 5 56 8 52 2 89 3 72 3 28 3 48 0 43 3 39 9 96 2 35 4 81 9 74 9 82 0 37 1 37 0 70 6 90 4 46 5 10 8 94 4 1 9 100 4 8 9 51 5 82 4 49 9 82 3 55 8 84 9 51 1 53 7 34 5 48 2 53 
100 7 74 4 9 9 93 0 28 2 11 4 61 2 97 8 75 7 17 3 24 2 86 5 12 8 65 7 89 1 96 8 54 4 96 0 38 3 66 5 9 5 28 9 77 9 25 0 81 7 72 1 61 9 92 9 44 6 35 4 99 2 71 3 78 7 95 3 87 9 2 2 35 4 46 7 63 5 54 6 71 7 31 3 3 6 89 9 87 9 87 3 10 1 85 1 44 2 51 9 59 0 76 1 35 6 30 8 18 7 83 0 23 7 78 8 94 2 91 1 87 3 96 1 5 3 15 8 66 1 46 1 26 7 26 1 23 0 56 2 67 7 73 8 81 1 38 8 23 5 97 9 21 4 21 5 10 6 31 5 24 6 62 1 12 9 68 3 98 6 33 1 40 3 7 6 11 9 93 7 61 9 58 6 42 8 63 8 93 9 17 7 8 6 68 3 1 5 84 5 42 
100 4 64 8 72 1 76 6 84 1 87 2 62 4 33 8 62 9 36 2 4 2 46 1 22 5 13 3 19 8 36 5 7 9 61 9 45 7 45 0 95 1 71 0 57 8 36 6 68 3 6 6 6 8 100 6 71 3 69 0 75 2 59 2 7 7 84 4 31 4 53 3 26 4 52 9 98 5 44 1 95 4 26 1 73 0 32 8 16 3 70 3 26 0 61 1 16 9 68 9 13 4 68 2 18 0 14 7 74 5 52 4 6 5 72 7 99 6 14 2 46 8 68 9 93 5 78 6 44 7 31 9 35 9 96 2 97 8 93 8 76 9 2 1 78 2 42 2 37 3 28 6 42 4 66 3 40 5 47 2 7 4 34 2 15 9 96 5 40 8 40 9 49 1 69 2 84 0 97 1 87 6 29 0 91 6 29 2 63 4 12 2 92 4 100 6 16 0 48 6 46 
100 9 16 1 85 9 96 6 40 7 75 7 22 6 69 9 27 8 77 5 49 4 24 9 89 9 39 9 25 7 62 6 97 2 78 9 56 6 65 2 92 1 45 9 23 6 18 4 10 5 33 5 70 7 70 0 32 2 68 5 78 4 51 5 89 6 30 0 10 0 26 6 76 2 22 4 55 1 19 4 1 0 38 6 80 6 28 8 61 6 100 9 80 2 41 3 92 3 72 9 23 8 65 8 48 4 95 8 67 0 61 4 63 5 3 6 74 4 8 4 44 4 63 2 45 8 79 5 64 4 16 6 98 5 88 6 34 6 98 3 27 4 63 4 79 3 32 1 79 3 89 2 22 9 2 0 32 6 7 1 76 4 63 9 25 3 50 4 85 3 71 6 83 7 47 9 83 1 92 4 65 8 30 0 48 0 84 5 22 0 11 6 58 5 57 5 69 1 65 4 1 
100 7 57 3 9 9 79 0 25 6 15 8 45 4 11 3 25 3 60 3 55 1 45 3 8 2 6 0 46 5 88 7 84 8 13 6 70 4 5 9 44 1 94 5 66 6 81 1 69 3 84 3 62 6 51 6 71 0 21 7 45 8 60 2 52 9 75 9 65 2 19 7 79 5 78 2 33 7 46 7 10 6 20 5 100 9 12 7 83 0 86 0 61 3 81 5 70 8 22 6 46 1 64 0 46 1 12 4 58 9 92 0 45 6 49 9 7 6 73 4 73 4 8 3 43 3 86 9 77 4 66 3 76 6 23 7 33 0 74 5 1 3 98 1 16 4 45 7 26 0 2 2 7 8 3 3 13 9 41 7 42 0 44 1 14 6 27 3 45 8 20 0 17 1 53 5 40 4 94 9 44 7 65 1 70 2 21 2 64 3 65 2 69 2 55 3 13 6 86 7 88 
100 3 24 8 31 0 47 1 76 4 68 3 70 4 28 2 93 1 2 3 7 2 65 5 75 8 80 4 50 2 79 4 59 1 27 6 22 3 27 7 10 0 60 8 53 8 14 9 11 4 34 8 81 0 54 2 10 3 92 7 56 0 19 6 49 2 72 8 22 0 23 9 91 5 96 3 33 0 14 4 41 4 46 5 60 4 34 5 80 0 49 1 61 4 88 1 67 8 96 5 92 0 40 7 17 7 39 2 85 7 70 9 85 5 87 7 53 6 12 1 73 5 62 8 49 6 96 6 24 3 85 5 7 0 5 4 81 7 98 2 35 5 10 2 31 2 66 3 66 9 22 2 64 6 1 6 64 7 74 3 75 1 7 3 38 0 97 5 16 9 10 1 6 9 34 7 28 2 100 3 66 0 25 2 55 9 10 6 76 0 80 4 60 0 65 3 23 3 21 4 94 
100 9 68 9 46 8 79 6 83 4 10 4 78 3 92 9 31 1 77 7 75 7 80 7 25 0 69 9 5 1 90 3 70 3 100 7 90 3 26 6 87 1 56 3 25 2 41 3 14 1 24 5 68 0 42 6 17 1 12 7 16 5 68 9 63 0 79 2 94 9 43 2 26 2 93 8 74 4 11 3 14 2 58 3 93 6 7 3 36 4 53 4 3 6 84 1 48 3 43 2 61 3 87 1 49 7 27 1 72 0 40 0 39 3 61 8 75 1 45 2 56 2 51 0 18 4 86 6 19 4 68 8 51 6 4 0 7 9 19 4 27 2 84 8 35 8 79 8 8 5 66 4 90 9 67 3 29 8 11 7 96 7 92 3 100 4 31 2 19 2 41 4 88 8 100 5 50 2 96 1 94 6 59 3 21 9 76 5 35 1 27 6 48 9 89 4 11 8 49 4 65 
100 9 14 0 96 6 72 4 47 9 11 4 87 0 89 2 16 9 75 9 21 7 82 8 61 4 20 6 42 1 56 3 55 1 45 8 27 0 15 5 49 6 61 2 95 5 54 5 3 3 40 4 10 4 37 2 75 9 82 4 34 3 68 5 17 1 69 0 34 1 44 9 66 5 69 1 3 4 61 4 38 7 63 6 31 2 74 0 83 2 84 3 59 1 70 9 98 0 87 2 8 1 50 7 33 9 27 0 100 3 94 8 34 9 44 9 86 0 67 7 3 9 59 8 85 8 12 2 6 7 17 5 8 4 62 1 87 9 50 1 62 7 63 9 43 4 47 1 61 0 85 8 81 8 49 1 54 1 49 0 56 9 100 0 12 4 74 4 86 9 59 0 42 0 59 4 82 3 94 6 14 5 33 2 33 6 66 8 45 1 94 0 98 7 3 3 35 2 17 3 88 
