10 10
100 1 71 8 85 2 93 5 38 8 68 4 38 5 53 5 79 1 45 2 95 9 43 0 10 2 20 8 30 8 67 1 69 6 15 2 42 3 17 1 42 1 75 4 12 6 94 6 1 7 41 2 19 3 94 8 65 5 78 7 38 2 27 0 27 6 21 5 30 1 12 6 79 7 94 4 40 1 64 5 12 1 31 9 12 8 73 1 76 4 57 6 12 3 66 3 73 2 55 7 87 3 22 1 83 5 88 2 34 0 92 4 19 8 56 4 96 2 26 7 47 3 50 7 38 2 31 4 79 3 92 6 73 3 26 2 15 7 93 6 4 0 85 7 38 0 61 2 26 2 8 3 65 4 6 9 86 8 80 1 64 8 39 7 60 6 54 4 76 6 45 9 68 6 66 3 63 5 71 3 43 0 60 4 51 7 94 3 40 1 66 5 61 5 57 2 45 9 15 0 87 
100 2 23 8 32 5 54 5 4 2 95 2 55 3 74 1 55 1 90 0 85 6 86 2 41 9 89 2 50 8 46 7 13 1 79 0 20 3 4 1 68 8 26 1 37 5 35 8 27 7 68 1 71 2 20 4 21 8 29 3 58 1 30 0 25 4 86 1 66 1 21 3 51 9 61 8 75 3 2 1 73 1 24 1 61 0 10 8 72 6 27 4 69 5 9 7 38 0 45 5 23 3 77 8 37 6 77 4 96 8 15 7 8 1 92 3 37 9 84 5 19 5 13 8 6 0 74 9 65 7 78 8 42 4 40 6 8 6 14 6 2 9 65 0 8 9 64 3 88 1 83 7 7 6 38 6 65 8 59 7 57 8 7 7 49 5 39 7 14 3 29 0 3 0 15 3 25 5 54 1 24 6 3 6 81 0 86 2 80 1 28 5 5 2 23 7 95 2 85 3 75 
100 3 71 3 86 5 31 2 14 8 83 0 84 1 36 2 94 8 32 7 25 8 7 9 17 7 66 4 86 4 30 6 76 1 82 3 87 9 35 3 61 6 27 0 44 7 46 9 9 5 27 1 48 8 63 2 19 0 20 6 52 6 49 6 2 4 86 2 2 3 8 3 9 8 75 7 59 1 7 2 22 7 84 3 46 2 98 7 93 9 3 3 84 7 100 2 85 8 14 9 50 3 86 5 76 5 21 7 13 5 95 0 37 0 43 6 31 8 5 1 85 7 72 6 40 2 96 3 100 8 21 2 83 7 63 8 68 7 6 6 26 4 24 3 16 4 100 8 55 4 26 9 100 3 98 6 17 1 15 7 89 1 23 6 5 4 37 4 92 6 60 3 60 5 34 8 4 3 54 5 61 1 9 6 61 5 85 3 29 1 58 4 81 7 12 9 97 2 24 5 14 
100 6 58 3 22 3 89 3 68 9 68 1 95 3 8 4 57 4 42 3 71 4 51 6 56 4 25 1 62 7 81 3 41 2 97 3 54 4 23 6 19 0 45 1 85 7 62 3 79 5 12 0 54 1 76 8 77 2 32 3 47 6 38 3 56 4 100 0 81 4 20 5 24 8 24 3 48 2 66 7 24 6 62 3 25 5 33 5 38 4 35 6 3 7 77 6 33 4 17 2 98 1 68 3 7 0 42 1 46 9 26 6 11 6 2 3 75 1 4 9 27 8 58 5 36 8 62 1 48 5 40 9 8 9 61 6 49 6 75 8 8 3 23 2 42 3 73 8 78 2 42 2 20 2 62 4 60 8 22 5 74 8 47 2 94 3 26 7 31 4 62 9 90 9 24 9 15 5 64 1 96 5 99 7 2 0 99 9 61 3 33 7 37 3 9 1 32 7 69 8 1 
100 3 94 5 51 5 26 8 30 3 46 0 74 1 37 2 64 9 88 0 40 7 74 5 2 6 4 0 80 4 82 4 70 5 74 7 65 8 94 9 60 6 21 2 26 0 22 7 22 0 78 7 77 7 16 1 61 5 89 1 16 3 9 7 12 5 48 9 18 7 14 9 11 7 47 2 48 6 72 8 18 2 27 5 47 4 53 4 42 3 29 6 48 5 20 9 54 3 79 7 93 0 47 2 36 9 18 7 63 4 3 0 22 5 21 7 43 1 55 9 35 8 66 2 53 7 64 5 68 9 23 6 80 6 90 6 79 1 7 3 34 1 65 0 6 4 49 5 10 2 25 0 15 4 62 8 38 0 78 1 33 5 91 7 83 3 40 3 60 4 96 2 75 4 84 4 37 3 54 3 8 7 53 9 91 6 74 7 26 5 89 4 29 1 40 9 55 6 31 9 39 
100 3 42 3 2 9 73 6 22 4 31 5 14 2 41 5 71 3 70 1 44 9 66 2 56 7 83 7 93 0 84 4 85 9 33 6 61 7 22 4 48 5 28 6 30 9 48 5 25 0 52 1 6 8 82 7 77 1 74 9 11 4 68 7 91 7 98 1 22 8 89 8 61 3 94 0 41 1 70 7 33 9 58 3 96 3 97 7 37 4 56 4 68 5 33 5 79 3 27 1 30 7 44 6 48 3 9 5 64 9 77 6 5 7 39 1 89 7 70 9 5 4 97 8 36 3 15 9 72 8 96 5 60 0 19 5 20 1 3 9 90 2 83 3 21 8 51 0 68 6 12 3 37 2 6 7 49 9 5 3 76 2 15 2 44 3 55 0 86 9 91 4 73 3 14 4 80 3 44 0 16 9 49 5 37 5 72 6 8 4 95 1 87 1 32 9 15 8 64 4 64 
100 0 84 7 58 3 2 4 99 9 35 2 87 6 20 8 46 7 27 4 37 5 77 6 63 4 29 2 75 8 43 2 63 1 29 3 54 8 19 1 50 1 13 8 19 4 66 4 53 5 9 5 65 1 17 0 17 0 62 2 58 3 68 1 63 1 30 8 66 5 58 4 67 2 26 7 30 9 25 7 36 8 35 8 29 7 25 1 57 0 67 4 33 5 18 1 31 8 73 2 100 0 70 2 39 8 21 0 86 2 35 9 13 6 20 9 8 7 42 0 20 7 21 6 77 8 15 8 39 8 71 7 25 4 71 6 18 2 54 2 41 8 69 8 30 6 27 0 36 0 53 2 63 2 65 3 24 1 78 6 20 6 10 8 27 0 83 1 20 7 13 2 58 7 2 7 95 3 26 4 82 8 78 0 4 4 92 4 27 6 66 3 5 7 14 3 1 0 48 7 70 
100 2 54 0 52 5 72 9 22 5 22 1 43 1 65 1 17 5 33 2 11 9 83 5 59 5 44 9 54 0 8 8 56 0 50 4 92 2 16 6 97 7 18 4 2 5 76 3 92 5 89 9 77 5 81 8 72 2 66 0 31 5 37 1 90 2 31 9 25 0 64 2 18 0 18 2 92 1 15 2 81 3 36 9 35 8 77 2 98 2 8 5 44 2 21 1 33 6 48 2 43 5 54 7 81 9 3 3 27 6 27 1 38 2 71 4 24 8 58 7 47 3 65 8 43 0 39 2 3 9 13 4 36 7 26 9 85 1 12 6 95 2 89 5 32 0 84 9 91 5 1 1 80 1 46 7 62 7 21 1 24 9 62 7 16 5 43 2 12 8 17 1 50 5 69 2 55 2 87 8 45 6 27 1 54 0 86 9 63 4 90 9 40 2 37 9 22 8 94 3 90 
100 3 53 3 2 8 81 4 93 9 78 8 27 6 2 8 4 3 13 4 60 9 30 0 9 2 26 1 43 4 65 2 7 5 71 1 73 1 79 5 22 7 84 3 86 8 10 2 24 3 67 4 8 8 52 5 3 0 67 6 87 5 47 1 57 2 81 2 56 6 33 6 46 2 88 8 14 0 11 8 68 5 18 4 53 9 10 6 47 2 20 8 85 4 47 3 76 9 62 9 27 1 100 9 31 0 97 7 79 6 87 1 68 9 44 2 68 6 94 2 75 2 79 9 49 9 50 8 13 8 83 3 87 5 71 5 21 1 25 7 90 5 60 1 8 9 3 4 28 1 35 6 100 1 23 3 87 5 54 2 69 4 98 0 32 4 14 4 51 5 2 9 36 7 32 1 84 2 57 3 23 5 60 1 44 7 19 6 24 5 52 4 23 0 27 2 9 6 53 4 71 
100 5 58 3 74 3 39 1 58 8 81 7 74 4 72 1 90 3 9 2 35 2 6 2 78 7 75 3 24 9 99 8 64 1 21 2 4 5 88 4 30 3 3 7 31 0 23 2 24 2 21 8 62 7 48 9 52 7 92 8 17 2 70 3 100 1 32 0 70 9 23 2 49 3 19 5 70 1 84 3 50 9 77 8 33 4 63 4 11 7 3 3 45 9 8 5 75 8 50 5 73 6 45 3 1 6 29 0 47 1 41 4 43 6 49 8 89 7 47 5 24 0 71 9 79 0 96 3 12 3 33 8 95 7 87 5 16 3 63 6 18 8 28 6 49 7 50 9 42 3 29 6 88 0 88 3 5 8 24 8 30 5 70 0 81 1 39 4 88 7 15 4 9 3 99 8 78 3 24 7 86 5 24 0 57 7 58 9 10 1 92 9 11 4 24 0 41 4 31 1 71 
