10 10
100 8 18 5 6 9 94 4 62 1 21 5 72 6 59 1 97 9 30 8 88 3 40 8 93 4 92 4 53 6 34 6 54 2 80 4 37 6 17 8 40 5 2 2 93 0 61 7 72 6 71 1 32 0 95 3 6 1 43 0 100 0 24 7 16 9 35 1 44 9 82 1 70 3 34 0 92 8 61 4 27 9 81 7 34 6 64 6 11 0 56 1 15 0 72 1 17 5 37 6 49 3 70 5 56 0 24 2 48 6 93 4 2 8 64 7 82 8 37 0 54 9 1 5 66 1 11 3 30 4 30 1 83 0 38 3 54 3 9 7 51 8 9 7 5 0 84 4 1 2 46 6 40 3 81 0 21 5 61 9 25 3 90 5 86 4 70 5 94 4 1 7 75 0 69 0 25 7 64 2 2 6 18 3 30 4 83 2 82 3 78 3 17 3 49 0 30 8 26 2 54 
100 9 98 7 16 1 31 1 70 2 7 5 62 8 25 1 9 4 15 3 89 4 5 2 59 5 90 5 43 9 35 6 79 2 49 7 94 1 90 1 82 4 26 3 27 7 65 1 34 5 12 1 92 9 88 0 47 9 24 5 62 3 92 3 55 3 64 7 78 0 10 9 97 5 83 1 52 5 59 2 1 2 100 6 17 8 32 8 17 8 19 8 6 5 37 0 36 0 85 2 73 6 13 0 1 5 85 4 24 9 27 0 85 0 27 2 69 0 93 5 63 5 1 9 41 0 94 8 75 5 52 9 89 5 72 0 48 1 56 6 89 3 91 1 93 7 12 9 12 7 44 7 25 3 36 2 41 1 70 8 76 6 5 3 64 0 43 0 99 4 80 9 30 4 77 2 32 4 70 1 19 7 28 9 3 8 26 3 80 9 37 5 48 2 75 1 70 2 31 9 93 
100 7 51 9 75 0 23 5 62 6 28 3 39 2 90 0 65 2 41 0 55 0 67 3 79 0 27 0 3 6 15 5 33 1 17 9 41 4 39 2 51 5 5 4 24 4 65 7 28 1 75 4 77 5 53 5 20 5 59 0 56 3 91 0 32 9 57 2 33 6 88 4 77 4 38 8 57 1 43 1 51 2 31 4 49 9 83 1 9 2 58 2 90 8 11 7 99 8 61 2 43 1 26 8 13 2 51 9 25 8 66 8 24 2 62 6 5 1 94 4 53 3 9 3 16 7 87 0 13 2 14 1 33 3 4 2 97 8 57 6 78 5 30 0 50 2 31 7 89 3 18 0 70 9 53 4 95 1 10 8 15 0 34 4 60 8 7 4 95 5 34 3 54 3 26 1 56 3 53 4 48 4 49 0 29 6 54 5 31 2 46 2 57 5 60 9 89 6 64 6 15 
100 0 14 4 52 3 1 5 13 4 58 3 4 5 76 8 54 2 77 9 52 6 60 9 40 2 99 3 62 0 55 1 30 8 79 6 50 6 6 3 86 5 52 3 42 6 42 7 34 1 11 4 53 6 35 2 64 3 100 4 86 5 67 2 13 2 9 3 95 6 32 5 52 0 98 7 20 0 37 1 42 2 27 6 43 3 11 6 49 7 19 9 61 5 31 7 74 9 80 2 86 4 66 3 76 3 75 9 59 6 12 8 59 1 85 8 63 9 11 7 3 0 20 8 94 6 88 1 27 8 41 0 66 0 86 5 33 0 54 0 11 6 32 5 54 9 68 3 92 6 76 9 69 0 21 4 28 3 91 9 80 9 93 0 58 7 31 7 36 2 1 1 24 5 8 2 13 3 89 7 90 5 79 0 71 3 15 8 90 2 18 9 33 9 94 4 34 5 7 0 37 
100 3 90 6 92 2 52 9 96 0 20 5 30 1 33 2 18 8 78 6 36 6 11 2 76 4 89 0 64 6 74 8 53 9 55 4 78 9 90 5 98 0 80 3 90 5 70 8 3 7 29 8 83 2 93 2 99 2 91 4 66 6 45 6 18 2 55 6 6 5 44 1 61 2 6 1 12 6 42 2 26 1 64 5 30 2 89 8 6 0 46 8 15 7 73 1 3 3 36 5 75 3 56 2 34 0 70 3 34 4 56 5 41 2 99 3 51 8 46 8 92 1 71 0 81 3 29 8 63 9 22 6 23 3 2 6 35 6 80 8 84 0 54 8 36 9 20 9 14 1 75 3 31 6 25 0 71 0 99 9 6 3 11 4 100 4 64 7 8 2 60 1 49 9 15 8 87 3 2 8 28 5 65 2 49 9 86 6 23 5 69 2 88 8 26 5 22 1 16 5 69 
100 5 42 4 39 5 47 2 57 3 82 7 49 9 84 0 28 9 71 7 49 2 61 9 11 5 69 9 60 8 92 5 40 9 86 9 90 7 64 8 28 9 73 5 92 8 13 7 42 8 84 7 89 7 93 0 10 9 71 0 11 4 63 7 45 6 11 7 77 6 3 5 49 3 66 5 77 0 64 5 23 6 97 2 13 3 15 4 31 9 26 2 74 3 35 9 79 0 91 5 95 3 68 0 51 0 55 1 35 1 51 1 1 9 100 4 66 9 64 5 91 5 64 2 17 5 36 3 90 4 59 7 51 6 6 7 43 1 61 4 99 4 29 5 11 0 100 0 10 2 98 7 91 7 11 7 57 7 11 2 59 8 49 5 54 4 35 5 62 2 36 2 32 0 60 5 8 5 72 7 76 7 58 3 31 4 60 8 77 1 76 1 70 9 80 7 46 7 3 8 67 
100 0 81 6 91 9 85 4 40 9 79 1 15 2 52 4 9 5 41 1 63 7 12 5 36 2 39 1 52 5 23 4 58 9 17 6 65 3 96 0 25 5 100 5 17 1 29 7 38 1 20 9 2 1 50 9 51 2 34 4 94 2 66 3 88 1 45 6 61 9 39 2 8 2 77 0 56 7 52 5 21 2 81 2 87 6 87 7 9 4 90 1 30 4 16 0 55 4 97 3 78 7 75 6 69 1 30 6 37 3 3 6 61 5 48 1 37 1 70 3 98 5 38 8 51 4 54 4 47 9 94 1 13 0 38 6 53 6 36 8 35 9 64 9 89 5 81 2 33 3 14 2 55 9 74 3 19 1 60 3 94 6 64 5 81 7 5 6 29 7 96 0 27 2 73 5 47 0 22 3 63 4 100 2 23 6 87 9 4 0 17 2 34 8 28 0 95 1 33 5 89 
100 3 26 8 16 1 21 2 35 2 2 8 36 3 91 8 28 1 24 6 63 4 21 5 22 8 22 9 69 0 36 6 51 0 15 0 44 5 45 0 56 5 33 2 26 0 96 8 99 7 42 4 81 1 23 5 60 1 49 9 54 1 47 6 99 4 92 9 20 5 57 9 20 7 3 0 51 1 63 5 25 6 21 1 77 9 38 7 67 6 51 2 37 7 60 9 33 7 46 6 14 0 8 6 97 1 33 8 27 7 93 7 43 7 49 2 45 5 80 3 92 1 34 0 94 6 30 0 87 5 72 4 29 3 42 4 81 7 42 0 73 1 83 6 8 8 73 4 26 2 16 2 89 7 66 3 24 3 52 3 60 6 76 3 19 7 91 9 71 1 93 2 86 6 68 6 63 4 32 3 63 0 70 0 62 5 68 1 27 1 46 9 77 1 17 6 43 7 24 8 96 
100 7 40 4 70 0 55 1 74 4 15 4 5 4 89 1 58 9 53 4 68 0 34 8 64 9 32 0 42 6 69 6 1 1 93 1 51 2 51 3 34 1 42 0 35 0 83 8 93 1 34 8 64 4 42 4 18 0 3 4 96 0 17 4 12 7 81 4 89 0 49 0 57 2 6 2 81 9 13 5 42 6 35 6 51 8 96 4 17 4 39 7 79 9 23 1 2 4 83 7 15 3 14 8 36 7 66 6 78 8 81 4 18 6 7 8 66 3 5 8 12 9 1 2 50 3 52 4 88 2 21 1 97 9 48 0 3 9 32 1 54 4 30 7 18 8 36 4 40 3 78 3 10 2 66 5 32 3 32 7 97 3 89 0 6 6 57 1 67 3 8 3 31 5 81 7 28 7 40 9 42 7 64 4 66 7 37 8 31 9 40 0 37 8 77 5 76 9 89 5 40 
100 1 86 5 27 9 7 9 68 4 16 3 42 4 73 4 96 2 58 4 94 2 67 4 86 2 62 2 21 9 72 4 17 5 30 3 3 5 10 5 23 0 49 4 42 6 94 0 93 6 70 4 86 0 80 3 94 5 65 3 5 8 90 8 98 5 39 0 91 9 30 8 97 6 19 8 98 6 61 0 14 0 99 6 47 0 72 5 28 3 32 5 8 8 85 2 4 2 66 2 87 4 92 4 11 7 11 9 79 6 28 3 97 1 34 9 29 6 49 4 53 5 99 3 1 5 50 0 48 4 43 1 84 5 36 4 11 2 98 2 88 6 86 4 89 6 23 6 83 0 60 8 89 2 53 8 68 4 72 1 90 1 55 5 25 9 2 3 62 2 21 0 61 8 20 2 99 5 50 1 76 6 72 0 35 3 87 1 72 8 69 5 80 2 87 4 93 2 33 4 1 
