10 10
100 3 84 0 56 8 81 2 88 5 69 1 33 9 72 6 69 6 63 7 99 0 27 3 27 9 54 4 69 2 9 0 13 7 1 1 70 3 60 8 42 2 46 9 9 2 38 0 92 5 16 3 95 1 13 0 25 8 77 6 59 3 76 6 71 5 45 1 67 6 96 4 46 4 85 5 34 9 19 6 62 0 59 0 96 3 82 8 5 9 14 0 49 9 14 4 68 3 47 4 55 2 42 3 85 3 33 5 69 2 2 9 31 0 41 9 90 4 30 5 81 3 11 9 97 3 100 1 82 2 90 8 72 0 87 1 96 3 98 2 45 8 19 4 60 2 33 7 75 0 41 8 16 4 61 2 30 2 22 4 48 1 79 2 39 3 6 9 15 4 95 0 68 4 72 8 39 3 93 1 80 1 64 4 81 5 51 0 92 2 69 3 25 1 31 8 72 3 91 0 99 
100 7 39 6 40 5 26 2 84 3 39 3 71 5 14 7 56 6 96 9 16 0 56 5 50 3 40 9 41 3 51 4 48 5 19 0 60 4 89 4 97 3 61 2 41 6 75 6 47 4 51 5 93 4 22 8 79 2 9 0 39 7 58 2 8 1 26 8 7 5 86 4 14 9 86 1 61 5 33 8 40 2 62 3 95 2 55 4 63 4 53 6 96 9 96 4 47 3 31 3 71 2 64 5 71 0 94 0 71 3 99 0 73 0 25 6 34 1 56 0 87 7 67 1 34 0 83 6 56 7 79 6 28 4 47 2 22 8 72 2 96 7 75 5 74 0 92 3 75 9 91 1 32 8 26 6 98 8 1 1 31 9 80 0 46 5 41 1 25 1 83 5 26 6 61 7 91 2 31 9 1 5 21 2 86 1 39 6 76 6 29 4 35 9 66 4 99 5 50 9 20 
100 1 71 7 79 6 25 8 49 0 86 1 90 3 67 1 34 2 28 5 50 9 67 1 64 8 54 4 47 3 61 6 96 5 10 1 89 4 23 9 66 8 82 9 9 8 84 7 57 7 61 4 5 7 39 8 53 1 86 9 32 7 1 2 86 2 10 4 99 6 76 7 14 4 70 4 30 3 17 9 42 6 39 1 24 6 39 8 45 8 57 2 55 5 82 1 22 7 74 2 81 8 12 4 75 8 72 0 1 1 59 8 69 9 46 8 40 3 54 8 85 4 21 7 81 7 82 0 68 4 53 9 51 2 66 9 92 7 21 4 10 0 62 6 16 0 35 9 90 5 48 1 15 9 38 4 32 9 73 8 96 1 2 2 27 1 72 0 60 6 22 6 84 2 45 5 54 3 52 4 51 5 26 7 34 5 95 0 20 9 21 9 2 8 35 7 56 9 93 6 9 
100 0 59 4 72 0 34 3 25 1 62 2 10 6 10 0 20 4 75 4 38 2 51 2 9 8 74 7 52 1 90 5 37 1 54 5 54 9 77 3 18 1 24 6 33 1 73 4 9 6 20 2 70 7 25 9 84 3 89 1 41 6 20 0 75 6 90 2 60 2 24 1 66 3 33 0 86 3 80 5 38 6 40 2 100 5 20 1 8 0 45 9 87 6 77 3 72 1 63 0 17 3 68 6 34 0 91 0 26 2 83 2 5 8 59 7 76 0 59 4 95 8 31 2 75 6 50 2 65 5 39 5 36 8 60 6 40 9 22 9 64 7 72 6 23 1 50 4 90 1 62 6 8 7 38 1 70 8 84 0 10 1 54 0 19 1 42 0 1 2 6 6 17 8 52 9 32 9 86 6 18 5 50 2 55 7 96 1 92 8 92 1 21 6 91 6 96 1 69 6 80 
100 1 59 8 10 4 76 2 84 3 15 6 77 3 26 5 68 5 22 7 60 3 14 2 11 7 77 6 49 1 99 4 89 2 28 9 63 5 75 7 14 2 35 4 82 4 57 1 5 1 71 1 97 9 86 8 63 4 84 3 92 7 10 8 61 6 27 8 86 4 10 1 52 9 92 8 15 2 81 9 45 8 2 8 100 4 76 4 32 9 97 9 56 8 80 0 75 5 35 2 8 8 75 8 62 7 32 1 74 5 56 5 29 0 90 8 36 0 73 8 75 1 61 0 8 2 89 2 88 5 28 4 8 7 56 9 10 2 14 2 11 5 19 8 23 8 66 9 22 9 9 7 1 3 6 2 39 7 12 1 27 8 100 4 41 1 90 6 73 8 61 0 92 3 5 8 60 1 15 2 41 3 81 7 60 5 47 8 38 7 7 8 100 4 76 3 30 1 55 3 83 
100 7 38 2 86 2 53 9 9 3 89 1 88 4 10 9 49 2 35 5 34 4 8 2 43 5 50 8 86 2 60 3 15 2 74 6 49 1 97 1 53 9 87 4 84 3 13 9 26 1 100 5 41 3 68 8 35 2 39 3 43 8 57 2 6 1 100 9 11 0 41 1 28 8 41 2 58 8 1 9 72 3 100 2 51 6 67 0 71 6 85 1 43 4 9 2 83 6 56 4 70 5 18 7 93 3 76 7 77 2 9 6 43 8 37 4 16 7 51 2 37 0 66 7 18 2 63 7 2 5 96 8 85 8 76 7 43 1 11 0 43 8 84 6 76 7 75 3 35 7 52 5 52 3 34 8 50 5 95 8 29 7 76 5 67 9 44 4 3 5 77 6 29 4 20 0 20 3 70 7 83 3 100 7 19 7 66 1 24 9 27 9 94 1 56 1 1 3 89 7 51 
100 4 27 2 60 1 65 7 93 8 5 4 33 5 66 6 15 0 80 4 49 9 9 0 67 0 26 7 65 0 80 0 2 3 54 3 4 0 93 3 1 9 2 8 42 8 21 9 67 0 12 7 71 2 81 3 71 7 54 0 74 0 3 7 63 7 61 1 65 5 75 1 88 7 15 1 43 4 99 0 8 0 5 3 93 8 29 9 93 8 71 5 58 7 13 9 24 8 86 5 66 9 71 5 94 9 59 1 23 6 42 2 84 0 50 8 30 4 72 1 16 9 83 8 89 8 45 3 70 1 82 0 56 0 8 3 83 4 26 5 87 9 81 6 69 4 59 9 90 8 45 1 55 9 82 5 59 7 49 1 49 5 21 7 37 2 18 2 47 9 68 6 12 0 76 6 85 9 33 8 79 6 60 0 65 2 34 0 55 5 100 5 64 8 76 2 20 7 11 4 43 
100 1 42 5 10 7 95 2 20 8 86 0 88 2 59 4 17 4 28 6 70 5 70 2 24 1 37 9 68 1 91 1 30 4 10 3 28 2 92 0 67 8 43 4 26 4 57 2 41 5 84 7 49 2 9 4 54 2 77 7 28 7 82 0 63 1 38 3 52 8 40 9 8 8 100 0 80 2 39 6 81 9 91 3 9 2 94 8 53 5 33 1 13 7 11 9 38 2 37 3 65 7 26 6 86 8 86 0 71 1 73 3 74 1 78 6 6 2 90 4 65 8 36 0 21 0 38 6 96 6 47 8 39 5 3 0 5 0 12 7 24 8 24 1 58 7 42 1 68 1 44 7 100 9 33 1 83 8 45 7 92 0 7 3 60 1 30 8 39 2 87 5 30 9 41 5 42 2 78 0 13 5 85 8 35 0 49 6 12 7 73 6 27 4 37 8 77 8 61 9 96 
100 7 35 5 49 3 53 6 92 6 11 8 86 7 49 0 79 5 33 8 2 4 26 2 47 4 57 2 52 8 90 8 3 7 55 8 21 2 45 7 5 6 20 3 78 5 55 4 52 4 3 5 73 2 57 2 99 2 69 9 7 5 56 8 76 0 24 5 48 4 24 8 90 7 40 2 76 5 21 9 20 5 48 4 33 1 36 5 49 3 21 9 75 5 15 7 31 8 4 6 90 3 52 7 7 6 63 8 33 3 72 5 14 5 14 1 62 6 19 7 82 7 28 2 62 1 71 2 80 0 42 0 35 2 70 1 53 3 49 5 55 5 57 8 50 4 92 0 72 2 41 2 78 0 36 4 87 5 98 5 61 4 75 5 79 5 47 8 86 8 44 3 21 8 37 2 38 9 31 5 62 3 67 0 71 0 47 9 57 1 36 5 60 4 2 4 3 2 3 7 23 
100 8 26 2 66 2 6 3 37 2 19 7 4 0 97 1 54 9 17 3 59 7 33 8 18 4 69 2 50 5 17 8 22 8 35 5 19 3 73 0 92 1 43 5 47 6 34 7 26 9 6 2 25 3 8 5 43 0 44 1 79 6 91 8 13 4 93 7 95 7 15 4 97 8 88 6 44 1 17 0 38 6 87 3 54 4 25 2 76 0 87 2 65 9 59 4 88 0 35 8 30 4 24 6 59 6 21 5 95 0 30 5 22 5 70 7 87 9 99 6 52 4 50 8 62 3 28 5 36 7 34 9 44 0 29 0 53 4 39 7 50 9 99 8 49 1 53 6 43 7 6 1 30 0 43 1 93 7 50 8 58 7 18 7 1 4 96 1 48 9 72 0 98 7 10 1 11 8 60 3 29 0 11 7 54 3 21 4 40 9 14 0 5 6 40 8 55 0 37 3 97 
