10 10
100 6 78 9 8 0 13 7 90 3 41 6 34 7 18 7 76 3 58 4 55 4 67 1 36 1 85 2 53 4 9 1 33 3 90 8 73 6 48 7 52 1 9 0 59 7 91 9 98 0 52 8 23 5 17 3 18 3 82 2 81 3 1 3 38 4 56 7 54 9 68 6 6 4 60 8 35 6 3 2 81 7 71 6 54 2 12 6 15 1 51 2 70 8 45 4 20 9 81 9 91 9 58 9 15 1 98 2 39 1 20 7 74 5 89 7 4 3 35 0 30 5 8 7 95 0 46 3 95 1 60 6 12 2 53 1 82 4 92 2 91 5 60 8 10 5 71 6 97 1 35 9 66 6 21 4 95 1 9 3 100 9 94 9 76 4 87 3 50 2 94 0 76 3 68 3 31 3 89 6 68 8 82 8 20 5 8 3 18 5 62 7 54 3 33 2 69 2 61 6 34 
100 6 46 0 17 7 11 2 4 2 53 0 6 9 24 4 10 1 4 1 53 8 15 7 78 1 25 2 63 0 56 8 51 3 4 2 55 7 30 7 6 1 35 2 41 0 100 8 14 0 16 8 75 8 31 9 77 1 77 7 37 9 44 9 49 9 29 4 97 6 43 7 2 2 37 6 90 0 29 8 70 6 57 7 11 8 68 6 93 6 62 3 72 1 76 4 32 2 87 2 3 5 51 6 18 9 78 9 71 0 73 2 54 9 69 6 62 4 17 4 86 1 57 9 94 6 100 1 30 6 8 8 74 8 61 8 47 0 2 9 49 8 61 1 46 2 69 8 59 0 74 9 74 6 35 8 29 6 74 9 10 2 14 0 38 4 100 1 30 1 55 0 58 5 54 5 77 5 78 1 56 2 8 8 64 6 71 4 83 3 40 7 62 0 36 2 3 5 23 8 25 
100 8 9 0 59 9 93 1 53 7 43 8 64 5 74 6 43 8 87 4 60 6 5 2 34 2 93 1 86 0 64 3 34 0 53 7 90 5 20 8 96 7 20 3 16 9 88 6 26 9 65 0 41 2 78 8 32 5 68 6 70 1 53 1 3 8 93 0 67 5 75 5 41 6 1 1 75 8 37 1 21 1 23 2 3 6 42 2 68 2 99 8 77 3 37 6 27 4 10 8 90 4 69 4 31 6 6 7 17 3 4 8 6 6 68 9 64 3 74 9 92 0 12 9 37 3 55 0 15 7 67 2 80 7 32 1 18 2 48 1 46 4 55 8 44 9 38 4 99 0 26 7 41 1 14 3 39 7 32 3 41 3 93 3 30 2 20 4 12 8 52 9 95 9 26 2 54 4 17 0 16 8 92 8 41 4 99 7 32 4 68 2 49 8 84 5 92 1 69 0 50 
100 8 43 9 76 1 23 8 46 2 39 3 15 7 91 4 94 0 26 9 99 4 68 9 84 1 90 8 92 9 29 8 97 0 27 7 22 7 67 9 84 8 24 8 77 9 57 4 25 5 5 9 66 2 15 3 9 4 72 0 74 8 33 5 6 6 39 2 69 4 21 1 42 5 90 7 15 5 11 1 54 4 85 8 11 5 94 6 2 5 19 5 26 7 17 9 11 5 95 0 75 7 70 9 33 8 23 0 26 0 12 8 95 0 55 1 40 2 91 0 16 0 70 8 53 6 40 9 31 4 63 3 68 2 42 4 47 1 95 3 23 7 39 2 82 7 62 2 35 2 50 9 49 1 97 6 19 9 93 2 27 9 64 3 5 0 14 9 62 5 53 2 23 1 1 9 90 9 97 2 69 6 7 0 10 2 86 5 52 8 65 9 43 4 80 7 16 2 40 3 31 
100 5 11 3 25 4 17 8 7 9 50 0 64 6 24 6 5 3 17 1 87 1 70 3 98 3 79 4 99 9 65 4 54 6 48 8 4 7 58 1 62 8 67 2 52 3 7 1 27 6 70 6 44 5 43 6 6 9 91 8 99 8 26 1 71 9 64 9 50 2 45 7 2 2 24 3 38 9 10 1 51 1 38 5 15 5 66 0 2 1 73 6 97 6 86 2 2 4 37 2 25 9 60 4 20 5 65 6 20 5 4 1 49 7 73 3 78 6 15 6 83 8 6 9 42 6 64 5 64 1 54 4 70 5 69 1 94 1 97 9 18 3 23 0 53 6 7 0 44 5 25 5 16 3 73 9 97 9 10 5 40 9 44 3 87 0 72 9 89 2 7 0 52 8 80 8 16 1 47 1 37 1 27 0 22 2 39 3 62 8 52 9 52 9 16 6 63 2 23 9 21 
100 4 56 1 87 5 57 0 61 8 4 4 85 1 64 7 25 1 96 8 39 6 21 5 95 5 15 9 26 5 8 8 72 1 97 6 74 1 14 1 15 0 84 4 32 1 35 5 22 6 14 1 66 0 39 0 57 7 93 5 65 8 24 0 36 0 37 6 90 8 57 8 1 4 16 2 87 7 2 7 78 8 35 2 66 4 26 2 60 0 9 0 73 1 5 0 6 6 34 1 24 1 87 9 42 3 15 2 35 1 54 7 56 6 61 1 88 0 56 2 51 2 29 0 52 0 13 6 42 5 91 7 16 5 50 0 10 9 52 4 8 2 99 7 31 8 57 8 7 4 47 7 65 2 50 6 15 0 95 3 64 1 97 5 83 0 98 7 70 4 43 2 77 8 28 2 28 3 31 9 29 0 64 5 80 0 23 6 4 8 64 2 49 0 79 6 36 7 59 2 21 
100 2 73 2 86 7 25 6 3 9 65 6 53 8 51 2 22 2 9 5 1 3 96 0 62 8 47 7 4 8 28 7 30 7 62 8 33 0 5 2 28 3 68 4 34 3 26 5 57 4 29 8 100 9 90 4 14 1 5 8 5 3 18 5 69 4 81 3 78 3 12 7 76 5 34 7 63 1 10 4 83 2 44 2 66 9 61 4 91 9 85 4 10 8 36 4 14 5 30 0 100 6 14 5 86 7 51 5 71 3 6 9 64 1 55 8 37 1 15 8 8 2 37 0 54 9 74 5 11 3 76 9 26 9 88 1 75 9 39 4 56 6 92 4 88 0 13 9 82 5 5 4 16 5 79 1 97 9 43 5 21 2 73 1 90 2 98 6 70 2 23 0 90 2 30 5 71 1 47 2 32 7 22 5 94 7 71 5 81 4 33 6 55 6 31 3 17 5 86 9 52 
100 7 97 8 98 2 16 6 98 3 100 9 24 2 64 7 74 3 43 9 1 0 90 5 78 7 66 1 4 6 76 4 87 2 21 5 89 5 54 5 9 9 56 4 27 0 23 1 24 1 35 0 76 2 45 3 92 3 49 8 13 1 6 7 87 0 50 2 65 7 92 0 48 0 42 3 6 7 94 5 94 9 72 4 40 4 60 6 94 8 94 4 91 8 34 1 52 1 31 7 10 1 24 8 64 6 26 4 54 8 25 9 49 0 40 4 10 2 67 5 46 6 93 4 18 8 44 3 61 0 6 9 75 6 5 9 95 0 27 6 20 5 92 6 19 6 39 4 19 4 63 5 55 6 9 4 89 0 42 7 11 3 69 8 22 7 36 5 59 3 30 4 75 7 85 2 79 7 95 8 52 9 72 4 4 8 90 7 13 3 99 9 33 8 2 0 52 5 88 4 99 
100 0 46 2 97 6 36 6 67 0 93 8 27 6 67 2 44 0 47 6 56 6 24 5 78 6 95 0 42 4 14 7 83 4 93 4 100 9 75 0 26 1 18 7 79 9 42 1 18 9 41 3 42 9 93 5 87 9 44 3 79 4 35 6 82 9 57 2 69 4 16 9 32 7 90 7 17 8 10 5 38 3 3 8 61 8 60 9 54 3 8 1 40 0 19 8 65 6 45 8 48 5 72 1 40 7 63 1 51 7 54 9 20 5 6 4 19 7 23 4 55 4 66 8 56 9 72 2 63 2 5 7 7 6 13 1 70 8 97 8 24 2 95 8 94 2 36 8 21 1 39 4 21 2 53 8 56 9 36 5 71 3 16 9 22 8 23 6 81 4 16 2 2 7 12 2 1 9 65 9 52 7 9 0 79 4 50 1 61 6 17 3 10 0 91 4 15 4 35 9 14 
100 3 44 5 85 7 9 1 41 5 97 8 67 3 36 2 67 7 87 5 6 4 31 1 10 0 36 7 14 0 52 9 52 8 51 1 63 2 28 9 89 4 65 6 83 8 40 8 74 2 77 5 12 9 38 0 4 9 96 9 81 6 78 5 21 2 93 9 13 8 54 3 59 8 25 1 82 0 88 3 59 9 70 0 21 4 52 6 46 1 96 0 78 0 85 7 58 0 32 5 83 8 44 1 28 3 81 3 87 4 38 7 75 1 80 6 6 7 43 5 20 7 5 7 57 3 55 6 11 3 78 1 49 6 34 3 96 6 34 3 62 6 75 4 46 0 47 1 43 9 33 9 51 7 47 2 37 1 37 3 70 2 98 1 99 6 43 7 39 2 10 6 96 9 83 1 76 4 71 2 71 6 11 5 15 9 97 4 32 6 59 9 91 5 91 7 49 4 72 7 56 
