10 10
100 3 34 0 30 0 57 3 14 9 9 6 31 9 94 4 97 4 11 6 17 3 66 5 77 3 62 3 58 8 6 3 21 2 20 1 50 5 63 1 76 4 9 5 38 2 42 7 50 2 26 8 36 4 45 6 68 4 23 1 93 8 40 6 60 4 26 7 88 7 86 0 50 7 9 8 78 3 69 8 58 5 28 1 23 8 32 6 99 2 81 2 53 3 42 1 23 4 59 9 11 5 22 5 2 6 28 0 84 3 26 8 80 2 59 9 35 8 2 8 8 0 18 2 58 4 91 7 87 9 100 2 28 0 67 5 69 8 98 3 28 3 76 7 14 5 70 4 3 8 22 3 1 4 78 4 39 6 37 4 89 0 63 0 70 1 33 4 50 7 38 2 93 8 43 6 46 3 6 4 53 5 92 0 79 6 30 9 4 2 75 7 4 8 90 6 11 1 74 0 56 
100 5 47 5 44 3 52 7 67 2 45 3 45 6 10 8 25 4 61 7 25 1 65 5 55 2 1 5 15 0 71 5 77 7 4 8 11 9 74 3 37 2 94 9 94 0 97 8 86 3 20 8 11 7 99 7 8 9 18 1 68 9 73 7 10 7 49 8 14 7 7 1 41 9 66 8 93 1 68 3 37 5 12 0 20 2 2 7 57 9 97 9 54 2 56 3 42 4 80 7 65 1 29 9 51 6 64 9 71 2 46 6 80 6 46 9 32 1 31 4 30 3 86 3 30 6 66 9 36 8 8 3 1 4 8 5 21 8 4 0 65 9 28 8 17 3 78 8 49 5 38 3 34 4 30 4 81 2 62 5 61 6 2 7 84 1 71 0 94 2 96 5 31 8 57 0 1 1 85 3 37 3 72 6 52 8 23 3 19 3 53 7 69 4 67 1 7 4 18 6 33 
100 0 66 2 33 5 62 8 6 8 67 1 58 7 2 7 26 3 76 8 50 6 94 4 86 9 19 7 73 5 72 4 81 1 68 3 42 1 22 3 26 2 10 2 32 3 61 2 38 1 26 6 58 1 35 4 100 7 69 2 24 3 88 0 13 0 81 3 88 5 13 1 65 6 71 9 50 4 79 1 61 5 93 2 9 1 20 3 85 6 98 8 62 1 47 4 71 9 20 3 88 8 48 3 40 1 61 0 29 8 77 4 51 9 92 8 12 1 77 9 73 7 10 5 35 4 82 3 32 3 55 7 57 7 68 4 70 0 52 2 95 5 73 0 75 9 73 0 63 1 53 4 100 9 33 9 55 6 62 2 16 2 31 6 98 7 28 3 49 6 65 4 38 7 22 8 93 9 22 8 76 6 7 0 67 7 6 4 3 9 53 7 8 4 58 3 83 3 81 4 94 
100 8 70 3 78 9 84 3 91 4 59 8 80 8 45 4 22 1 16 5 82 3 88 9 29 2 44 0 66 0 34 7 30 2 3 7 69 8 62 6 68 3 80 8 10 2 39 7 25 3 44 7 51 2 84 5 36 4 38 7 6 6 96 4 64 5 90 4 20 8 77 8 55 6 79 2 55 8 7 8 93 6 51 7 36 2 6 2 65 1 99 1 74 3 90 6 46 9 68 4 16 1 44 6 67 2 61 0 94 2 59 1 88 2 100 3 35 4 52 7 10 6 89 9 69 5 75 4 23 9 50 5 59 2 14 2 33 3 54 2 24 7 18 5 75 7 17 0 7 3 76 9 53 2 81 8 41 7 33 4 77 5 87 0 69 9 66 8 30 4 4 8 87 5 45 6 89 5 78 6 16 5 44 6 96 9 15 9 19 3 90 5 54 0 71 6 3 6 25 1 24 
100 7 86 8 33 8 59 8 87 5 63 2 24 7 55 4 75 4 68 0 6 8 60 0 38 7 58 6 17 7 17 8 44 1 39 4 40 1 7 7 59 1 38 8 52 2 30 6 67 0 45 3 51 3 31 7 94 1 5 6 24 5 47 2 38 0 54 1 8 1 5 0 61 5 75 3 68 5 15 7 44 7 6 9 17 2 10 3 60 3 21 8 91 5 3 1 34 3 5 2 38 6 62 7 8 6 50 2 42 3 30 5 10 2 32 8 6 2 22 5 57 3 3 3 16 0 91 4 54 6 76 9 54 2 34 3 44 9 69 5 92 0 23 6 89 1 68 7 100 2 81 6 6 2 77 1 77 0 24 9 94 6 1 7 59 9 49 0 88 0 9 1 20 5 3 5 40 1 36 6 84 5 54 0 50 3 96 9 37 4 75 8 93 1 74 8 8 3 91 8 93 
100 3 53 5 65 3 67 5 55 7 69 3 46 7 37 9 9 8 90 4 37 6 24 2 73 3 80 6 46 8 30 2 62 8 34 0 77 7 95 9 59 3 23 6 98 5 68 5 5 4 24 6 66 4 1 8 17 8 49 2 55 9 97 3 73 4 85 2 43 9 53 0 75 5 52 2 20 8 54 2 94 4 100 3 87 9 95 5 78 3 95 1 73 4 76 6 34 2 24 6 78 0 89 1 58 4 46 1 9 7 63 8 83 0 49 6 13 9 17 6 88 3 11 8 81 0 53 0 69 9 44 6 33 4 67 6 77 0 90 5 28 4 17 1 68 0 50 5 28 2 50 7 49 8 83 7 11 4 81 4 67 2 26 0 52 0 99 6 75 8 73 8 39 8 92 2 83 4 27 0 70 7 59 3 81 4 99 5 14 6 53 7 17 3 58 5 83 8 33 2 51 
100 0 73 0 21 5 93 9 67 2 30 9 41 5 74 5 8 4 94 8 21 2 77 6 16 4 20 7 27 7 74 5 5 1 47 6 40 9 47 7 81 5 98 9 88 0 89 8 5 4 30 2 27 9 15 7 69 3 58 4 38 9 11 7 99 4 95 0 100 6 63 0 43 6 78 0 92 3 7 4 64 5 25 7 15 2 97 4 33 3 76 5 65 8 42 1 43 1 8 6 16 7 27 1 8 2 56 4 78 0 10 2 86 7 84 9 65 4 5 7 19 0 56 0 56 6 76 9 13 7 32 6 22 3 10 4 90 2 53 5 43 0 87 5 94 8 38 2 40 8 94 9 68 3 95 1 94 4 100 9 78 8 93 6 15 6 50 8 22 0 56 7 94 0 55 0 90 9 2 3 37 9 9 2 10 0 22 2 71 2 60 8 83 8 14 0 43 2 85 4 41 
100 8 71 3 90 1 95 0 58 9 64 5 71 4 91 1 38 2 14 5 15 9 91 1 74 1 83 1 79 4 18 9 62 6 95 0 42 4 10 5 19 7 2 4 87 1 5 0 79 5 63 7 73 8 59 2 8 8 96 8 72 0 92 4 76 1 37 4 43 3 38 3 45 4 98 0 54 0 99 7 8 2 66 1 48 3 43 1 75 2 86 8 20 2 84 6 54 5 57 8 54 3 16 0 48 6 49 7 58 5 29 5 40 8 8 1 38 2 77 9 61 1 6 2 56 0 83 5 85 8 92 2 86 5 77 9 79 5 86 8 78 5 87 2 93 4 96 1 86 4 94 7 23 2 22 3 26 8 30 5 53 2 87 2 46 4 93 6 36 8 10 8 78 5 40 9 17 2 90 2 25 5 26 5 29 1 70 2 38 7 99 5 62 0 79 2 81 7 66 5 27 
100 8 9 0 13 1 33 5 55 5 64 7 95 1 92 4 15 0 15 7 55 6 50 0 36 9 42 0 97 5 21 0 80 5 68 3 94 0 54 6 52 2 39 5 93 8 98 1 36 2 15 4 48 0 92 8 40 6 18 9 63 0 21 0 2 4 87 8 30 1 31 0 40 0 47 5 15 5 46 4 70 6 82 0 39 9 35 5 82 0 15 1 65 4 3 7 6 2 86 7 18 2 72 3 96 7 67 6 73 3 10 0 89 0 19 3 21 4 9 2 80 3 26 0 49 0 28 4 41 0 23 1 21 5 32 3 34 4 64 0 44 0 45 7 38 0 53 3 31 5 66 0 91 7 68 1 13 7 67 5 75 0 5 5 64 6 92 1 19 7 91 4 12 7 55 4 62 8 73 4 53 3 68 0 39 8 90 3 20 7 6 7 42 3 30 1 99 3 13 9 3 
100 3 88 8 17 5 83 1 46 3 30 7 25 3 26 9 22 6 1 8 59 0 18 4 49 6 8 4 99 6 52 9 13 3 16 1 31 1 74 9 1 3 40 3 46 7 30 6 93 1 75 2 29 4 98 7 82 2 98 7 35 7 78 5 64 4 87 6 46 5 53 4 4 2 93 5 59 4 11 3 19 5 74 9 56 2 60 0 6 4 11 4 48 7 55 9 68 4 47 7 80 8 16 5 67 4 94 9 59 4 15 6 27 0 59 5 46 3 82 6 70 6 37 6 75 9 91 0 75 0 11 2 22 3 61 4 22 2 18 8 95 3 46 2 100 4 61 6 67 7 61 9 71 2 70 2 76 2 31 2 4 8 67 0 54 3 27 6 43 1 100 0 49 1 40 5 48 3 30 1 35 3 38 3 94 8 51 9 23 8 83 2 18 7 8 6 35 3 34 2 57 
