10 10
100 0 76 9 49 0 33 9 27 1 64 6 7 9 40 2 49 6 19 7 47 9 15 2 6 9 81 3 50 8 71 7 4 4 25 6 59 6 84 8 57 3 84 1 43 1 27 5 71 6 78 9 49 5 74 9 63 5 49 4 92 9 10 3 58 9 3 7 100 2 66 9 43 1 64 8 71 4 8 9 85 1 59 0 36 4 52 4 91 5 52 0 65 2 28 5 59 7 62 1 57 4 30 8 13 9 78 8 30 4 23 5 65 0 45 4 11 1 76 0 58 5 2 4 47 3 61 1 88 8 89 1 86 9 58 9 86 9 99 5 49 0 40 4 88 9 86 5 10 4 23 7 57 2 59 6 65 6 84 0 16 5 72 2 42 7 49 2 11 3 10 6 17 4 41 8 41 9 36 2 4 7 11 3 50 4 91 9 1 0 39 9 63 0 96 9 80 1 29 8 37 
100 2 17 1 46 2 91 7 84 8 60 5 92 5 11 4 90 2 40 3 23 9 76 4 29 6 27 8 59 5 55 2 33 7 22 6 93 2 67 9 21 6 1 7 2 4 55 7 43 1 62 1 63 4 97 2 87 0 31 9 88 4 43 5 13 6 48 7 72 8 84 5 67 2 29 1 11 7 40 3 31 7 19 1 47 6 74 8 4 7 43 3 37 4 83 6 80 9 51 5 97 0 21 4 35 7 63 9 75 4 96 2 31 8 59 2 94 9 54 3 6 5 38 4 98 5 95 7 77 7 73 0 43 6 82 2 81 6 32 8 52 9 63 0 45 9 47 3 73 1 99 4 90 9 27 8 78 9 88 8 19 7 82 9 85 4 8 4 42 2 96 5 48 4 71 0 99 8 35 8 17 4 71 9 99 4 26 9 53 0 50 1 96 3 84 3 31 2 69 5 83 
100 0 94 6 15 1 85 5 12 9 74 5 74 6 21 8 68 0 66 6 94 4 91 2 9 3 8 8 89 4 20 0 5 8 5 6 13 4 19 4 2 4 92 4 71 2 69 8 46 5 62 0 33 9 11 5 28 0 40 8 95 9 93 6 75 7 18 7 64 6 90 4 8 5 72 3 94 1 19 5 66 0 78 7 60 0 23 8 87 6 18 2 33 2 48 6 39 8 75 1 38 9 65 2 64 5 68 6 17 2 40 9 12 8 95 9 29 6 72 7 14 7 54 3 19 1 52 1 19 2 73 7 92 0 51 5 100 4 90 5 37 2 83 4 20 1 99 1 31 8 78 2 99 8 23 0 38 5 37 3 38 7 44 8 31 5 32 7 52 3 64 0 47 4 89 6 78 5 87 7 86 2 58 8 47 3 84 7 81 6 62 2 3 8 21 6 51 4 46 4 59 
100 3 84 7 59 7 96 7 64 7 95 7 75 1 13 2 70 0 76 7 48 7 75 4 25 8 19 5 46 3 86 2 29 4 54 3 67 1 23 1 11 8 85 2 64 1 20 5 39 3 13 6 100 1 98 1 16 2 24 9 54 2 53 3 89 2 15 8 24 6 51 3 28 3 1 2 55 6 55 4 7 2 84 4 89 3 55 6 26 4 52 7 82 8 20 4 78 5 17 8 72 1 94 5 80 8 98 2 92 0 4 2 35 2 91 5 16 5 36 3 12 8 60 1 95 2 49 5 26 9 43 7 39 9 44 9 39 7 22 3 76 5 6 7 31 8 75 0 35 5 31 4 49 8 50 1 16 9 54 5 89 3 3 1 79 9 16 0 6 5 55 5 12 4 26 2 12 0 18 6 11 0 41 9 90 3 5 8 72 7 38 4 6 3 8 0 33 3 91 5 76 
100 0 76 3 41 2 92 4 100 9 33 9 52 5 71 7 46 4 12 3 84 1 25 8 74 3 58 5 59 4 58 6 40 5 29 0 71 0 14 4 52 4 87 7 48 4 58 7 8 0 61 4 30 8 98 8 20 9 71 5 65 6 51 5 36 0 99 5 45 1 55 5 79 8 9 1 60 0 65 5 18 5 14 6 52 5 44 7 70 9 35 6 91 7 61 9 4 3 31 5 63 8 7 3 22 4 40 9 65 6 58 4 71 8 46 4 98 0 33 9 55 2 84 0 57 7 10 9 24 3 62 4 97 3 100 5 1 8 67 8 33 8 68 2 12 9 9 1 33 4 20 2 96 7 36 6 75 0 49 5 54 5 71 1 39 0 44 6 83 8 23 4 35 9 86 9 26 8 12 6 9 6 52 2 17 0 39 1 12 2 42 4 94 4 33 5 54 4 58 2 62 
100 8 95 9 49 2 44 7 55 5 4 4 10 1 83 6 65 1 13 9 64 8 68 7 89 2 89 2 39 6 79 0 41 5 1 0 25 4 2 8 85 5 54 3 76 9 17 9 41 1 91 6 87 5 97 3 21 9 44 9 41 4 8 0 81 5 32 4 23 2 93 9 31 1 88 0 6 5 81 3 27 1 29 3 37 5 35 9 84 8 100 0 12 1 17 1 60 6 57 9 55 9 100 1 53 8 43 2 26 6 82 6 78 6 61 4 63 3 10 3 41 6 53 9 6 6 90 1 22 0 82 0 46 2 59 0 2 9 56 0 56 4 72 0 14 8 78 7 55 8 73 9 7 6 63 2 43 9 53 0 82 9 2 6 98 2 49 4 47 5 98 8 71 9 64 0 25 4 96 7 88 0 24 6 37 1 53 8 40 3 9 9 84 3 39 0 37 9 18 0 66 
100 4 61 8 82 3 93 9 89 3 3 7 75 3 12 1 6 3 91 6 88 0 41 5 86 1 21 0 34 9 69 6 41 9 84 0 65 8 77 5 65 2 67 7 1 6 7 4 45 7 84 0 9 9 80 8 27 6 2 0 54 4 63 2 41 7 93 4 3 6 95 8 22 4 52 3 86 4 16 4 73 0 26 4 90 6 92 0 88 0 99 0 96 4 31 8 7 4 33 5 34 2 88 7 7 3 65 4 30 6 9 9 57 6 6 7 17 1 75 2 8 5 34 0 16 9 28 0 56 5 88 9 40 0 26 6 6 4 78 7 82 8 4 4 12 1 91 4 64 7 34 7 76 3 43 1 46 1 6 6 6 1 36 8 14 2 33 8 16 0 20 5 7 8 52 7 21 2 80 6 12 4 99 6 72 3 50 1 41 5 16 4 78 2 32 8 30 7 2 4 34 
100 2 98 7 63 3 21 4 1 4 25 2 85 0 90 1 86 3 70 2 20 1 50 6 87 1 56 4 64 5 82 8 65 1 94 9 38 1 23 6 10 3 11 2 44 9 9 0 39 1 91 9 29 5 8 6 69 4 20 1 35 0 68 3 87 2 75 2 28 0 33 8 47 3 64 7 19 6 56 7 75 1 42 2 48 8 66 1 86 1 21 2 13 2 56 7 78 8 96 9 75 2 32 5 80 5 52 5 95 3 11 3 86 1 96 9 26 9 26 7 70 8 22 8 89 0 39 3 82 7 90 6 73 7 85 3 59 9 44 7 78 5 34 0 40 5 5 8 13 8 92 4 21 2 80 6 88 4 9 1 67 4 10 8 94 9 5 3 46 1 89 9 16 9 26 9 12 8 84 8 91 6 18 1 73 0 56 8 50 3 62 8 90 7 54 2 100 1 23 7 25 
100 8 19 0 98 2 52 5 46 2 96 2 16 7 47 3 16 9 21 2 69 2 18 1 100 5 16 2 96 5 55 3 47 0 96 5 5 0 26 2 51 8 42 4 92 1 96 5 73 4 61 9 34 7 89 5 60 3 89 8 27 4 34 6 68 3 49 3 26 9 12 7 54 8 1 0 92 3 48 1 29 0 57 7 93 8 90 0 2 9 6 6 74 2 6 3 99 2 81 0 51 2 53 2 56 9 77 1 80 2 41 2 57 5 59 4 99 3 4 0 95 2 27 4 14 3 51 7 59 2 7 2 84 9 15 9 30 3 63 9 87 5 1 6 57 1 26 1 50 8 10 7 41 1 82 2 98 6 55 2 88 3 5 3 77 8 86 7 25 7 15 7 40 6 56 4 18 6 17 1 43 5 82 7 32 6 90 3 84 4 95 1 82 5 74 7 81 2 39 0 19 
100 7 93 7 32 4 81 0 33 7 71 0 60 3 7 1 59 7 29 5 15 2 16 9 62 7 12 4 76 7 44 6 1 2 49 1 90 5 2 8 49 4 49 4 100 5 68 1 52 8 4 5 91 9 67 4 93 6 99 1 76 2 25 4 58 7 11 6 12 3 72 5 42 9 71 1 74 5 94 2 54 1 91 8 35 1 28 7 32 9 28 6 6 5 11 2 48 3 6 1 51 3 5 8 39 5 28 5 6 0 35 6 19 6 18 7 64 7 44 1 90 8 90 4 37 6 43 0 21 0 67 1 66 6 31 2 69 0 32 8 24 3 2 0 13 5 14 9 51 5 91 0 52 7 57 6 74 5 30 5 64 0 53 8 76 1 92 0 36 5 1 8 82 4 75 1 43 4 13 1 42 1 54 0 2 3 21 9 63 1 55 7 11 0 72 0 33 7 36 7 4 
