10 10
100 4 88 0 26 9 9 9 23 2 56 6 60 1 30 8 24 6 47 7 4 5 84 8 74 7 20 2 88 2 1 6 50 6 59 8 25 2 7 5 43 8 52 2 66 5 86 4 68 1 25 4 22 7 53 1 13 7 71 6 43 1 84 1 100 4 49 1 100 5 1 3 3 0 37 7 69 7 85 0 62 7 25 8 48 2 70 2 68 8 3 8 97 1 2 4 97 8 73 8 49 0 13 2 14 0 32 4 95 5 2 0 44 6 24 3 57 3 33 1 53 6 34 7 15 2 45 4 20 4 7 0 98 5 17 1 77 4 55 4 81 6 43 4 88 6 15 0 11 1 18 1 26 2 80 9 1 9 24 5 32 6 27 6 41 9 3 7 38 1 90 4 31 8 48 5 32 5 70 8 95 0 81 3 69 0 100 9 26 8 92 1 35 8 57 5 98 7 82 1 39 
100 2 60 3 48 3 22 4 55 6 40 3 24 0 51 2 55 9 66 8 43 7 53 1 48 4 96 5 63 5 34 7 71 6 21 3 61 5 29 0 5 1 65 9 93 5 86 6 16 1 9 3 33 4 32 4 16 7 39 6 54 2 80 4 30 2 95 5 90 9 22 5 36 6 10 4 26 5 13 9 43 8 18 0 2 1 56 4 25 4 44 5 94 2 21 4 84 1 22 0 1 7 84 3 74 0 71 7 18 3 59 5 99 8 10 9 3 8 99 5 56 3 14 6 8 5 41 3 73 7 80 1 91 4 30 9 79 7 96 3 90 6 27 4 62 4 23 2 35 7 46 4 73 1 88 8 27 5 42 9 57 9 86 7 74 8 56 5 61 4 70 8 30 2 84 9 34 6 89 2 25 9 11 2 5 4 17 6 76 0 45 1 96 6 72 1 39 1 81 6 51 
100 6 67 9 35 5 75 9 44 0 21 1 75 2 20 2 51 2 95 7 29 2 68 0 47 9 56 6 85 7 33 7 77 5 69 0 49 8 5 9 29 2 40 1 9 9 7 2 85 2 32 0 91 9 62 5 49 5 58 6 58 7 53 1 65 4 83 7 31 8 92 0 71 3 18 1 93 9 30 6 94 1 75 4 90 8 50 6 90 1 49 9 44 7 36 0 72 7 66 1 2 7 60 5 99 0 83 8 7 7 84 6 63 6 95 3 47 8 28 5 41 7 39 7 30 2 51 0 54 9 78 0 79 8 33 8 7 6 18 6 87 2 55 4 78 3 41 3 45 3 53 2 8 6 30 9 32 2 34 7 27 2 99 0 65 8 25 0 38 7 21 3 63 6 2 3 7 5 8 1 74 3 27 8 94 3 99 5 5 8 82 2 91 8 25 6 5 6 90 5 70 
100 2 88 8 51 3 78 8 37 3 26 4 19 9 48 9 30 9 19 7 15 5 34 2 71 0 51 2 55 8 61 2 17 2 61 1 80 7 52 4 23 6 98 9 34 7 42 5 4 8 56 2 45 2 48 3 61 7 71 8 50 4 11 9 43 5 97 2 97 7 64 4 16 3 81 9 23 6 69 6 27 1 79 3 26 5 5 8 9 1 13 8 80 8 4 2 39 4 97 3 62 5 68 5 14 0 40 5 60 0 55 5 75 3 46 7 47 9 74 5 48 1 9 3 92 5 84 5 5 0 95 0 26 2 73 4 9 9 59 4 67 6 30 3 37 7 90 1 100 8 10 5 76 2 54 9 97 4 2 8 97 8 12 5 94 9 34 9 57 7 71 9 31 9 39 3 30 5 54 7 14 3 13 7 46 0 43 5 10 0 45 5 24 2 73 0 60 2 65 1 75 
100 7 51 6 6 2 29 8 92 8 68 6 58 9 26 7 80 2 57 8 8 8 93 5 6 2 95 8 31 6 90 9 90 0 9 5 2 3 45 3 72 4 15 3 65 8 79 5 69 8 30 6 38 8 36 5 92 6 55 7 26 9 21 3 57 3 27 0 11 0 50 1 16 8 35 4 94 4 48 2 60 5 80 4 70 4 10 9 20 4 66 9 70 4 54 2 13 5 77 2 49 6 38 5 97 3 20 1 69 7 32 8 75 8 19 6 17 0 87 4 27 6 5 6 33 8 29 8 40 4 92 1 43 5 18 5 30 5 75 6 14 6 99 5 46 0 58 4 46 5 56 1 26 0 29 0 42 7 42 6 48 2 77 9 92 1 40 2 9 2 98 0 69 8 47 2 73 2 82 8 88 1 65 4 14 6 22 8 89 8 21 2 85 0 66 9 49 6 85 4 71 
100 0 9 2 6 0 37 0 24 8 40 7 36 0 70 6 90 3 97 0 46 5 52 4 30 5 100 1 26 8 60 3 25 6 22 6 42 2 48 0 13 1 82 0 51 4 52 6 56 0 28 9 37 0 1 3 92 6 75 6 51 8 57 9 36 0 58 9 11 9 1 4 20 0 62 8 79 8 94 7 89 7 40 6 19 2 74 7 75 2 69 1 17 3 89 5 33 9 75 6 75 0 25 1 73 0 84 0 28 3 50 2 81 3 53 1 19 8 34 6 46 0 65 5 52 2 100 7 14 5 48 5 13 3 27 5 91 8 32 7 36 0 50 0 9 6 33 2 2 6 15 3 94 3 75 3 17 0 41 6 73 7 35 4 9 5 96 4 41 2 61 9 13 1 9 7 3 3 46 6 23 5 45 8 4 7 17 4 48 5 58 4 82 8 52 3 70 1 64 8 66 
100 2 18 2 55 2 27 8 73 5 9 8 93 5 12 4 10 9 17 8 40 4 98 0 28 7 16 3 9 4 24 9 11 3 92 3 61 8 38 2 35 0 39 5 52 6 35 7 40 8 16 8 77 0 63 4 16 7 83 3 74 7 52 8 11 0 43 3 70 6 48 3 99 0 72 3 53 4 28 4 37 6 76 6 22 0 45 5 64 9 63 6 96 7 3 3 83 1 56 1 31 2 4 2 68 7 77 8 28 0 34 3 32 2 61 5 27 2 58 8 96 9 56 4 80 5 93 6 6 1 84 6 59 1 25 0 53 5 39 3 45 7 57 2 17 5 75 7 49 8 89 8 30 6 69 9 3 8 48 0 23 7 40 9 12 4 5 0 27 8 36 4 54 0 76 8 4 9 22 3 71 9 21 9 39 7 68 0 81 3 83 4 64 1 21 4 50 1 81 1 61 
100 0 64 2 94 8 24 8 75 0 12 8 44 8 48 8 69 9 92 7 72 3 50 0 62 5 14 2 1 2 79 8 7 2 24 2 95 7 64 3 35 0 7 3 25 1 1 9 57 3 5 2 40 2 32 4 76 9 63 2 26 8 88 9 67 9 53 8 91 3 59 7 70 5 53 2 74 6 13 3 92 2 79 5 70 8 93 5 44 7 76 1 21 1 41 8 90 5 6 8 80 2 39 9 32 6 42 1 41 1 90 5 65 4 58 5 81 0 81 6 67 1 47 4 34 5 67 1 45 0 22 2 59 2 34 1 68 4 88 8 41 6 96 0 75 1 11 3 31 4 77 1 84 3 3 7 21 1 4 1 35 8 16 0 23 9 21 7 62 9 39 8 66 8 47 9 15 6 67 2 18 5 66 3 24 0 18 8 99 7 35 4 23 1 5 1 85 0 39 1 29 
100 6 100 3 91 9 12 7 64 6 17 0 77 0 54 8 72 8 77 4 61 1 38 2 78 3 48 4 15 2 50 2 73 9 17 2 95 3 81 4 93 7 64 6 93 7 56 1 9 6 93 4 30 3 86 0 24 5 84 1 71 9 91 9 49 3 45 6 64 3 72 3 71 1 42 5 57 2 35 3 100 5 74 5 55 8 50 6 91 2 12 7 45 2 50 1 33 3 41 5 91 8 88 4 72 7 3 2 66 7 73 9 100 0 8 4 78 1 41 9 73 4 14 0 87 2 71 4 84 8 78 0 92 7 93 3 74 8 69 1 81 1 26 4 97 9 14 3 19 9 82 2 10 5 20 4 15 9 59 9 32 4 99 8 37 7 71 1 12 7 89 9 74 5 35 8 100 6 59 9 97 8 91 5 79 5 83 5 89 0 83 0 77 3 5 5 89 6 6 1 91 
100 6 64 4 84 1 34 4 11 1 87 7 100 0 18 7 51 2 45 8 38 0 39 6 21 9 30 9 99 2 77 5 62 3 11 2 7 2 73 3 63 1 67 7 78 8 32 3 25 4 35 0 63 0 55 2 12 7 97 1 17 2 54 6 55 1 17 9 50 3 67 0 68 1 61 2 92 6 35 4 11 6 75 8 44 2 35 1 34 5 82 3 23 8 49 3 2 5 74 2 42 7 18 6 53 7 21 9 91 1 26 8 32 0 86 9 75 5 20 9 81 7 78 3 93 9 82 3 44 1 29 5 85 1 34 7 6 1 4 6 39 4 14 5 10 5 25 2 75 6 19 9 1 1 97 2 23 5 16 8 7 7 75 6 56 5 69 7 99 4 54 6 73 8 81 5 69 8 86 8 78 6 11 6 24 6 74 9 52 3 11 0 22 3 46 6 1 8 50 0 65 
