10 10
100 4 82 2 39 0 5 8 42 3 4 2 77 5 61 5 82 8 27 0 89 2 70 4 75 6 97 9 69 0 23 9 85 2 92 8 4 2 13 9 21 3 88 7 28 0 18 8 17 9 50 6 16 0 48 6 31 9 11 9 1 5 99 9 11 3 72 9 71 5 80 9 54 9 28 3 51 7 8 3 47 6 50 2 46 7 56 8 84 9 93 2 50 4 44 5 37 3 71 6 36 2 84 1 17 9 6 9 88 4 46 5 22 7 44 1 35 4 62 8 17 7 43 8 14 0 25 1 9 1 67 6 51 5 50 6 97 8 8 6 38 4 80 1 17 3 33 2 55 0 20 3 16 4 42 2 18 1 42 2 63 5 26 5 3 8 95 6 74 2 31 6 20 5 95 7 8 5 5 4 10 2 41 7 46 2 69 6 82 5 98 0 77 5 85 8 62 5 31 1 4 
100 2 31 1 72 2 21 6 21 0 78 0 87 9 64 9 58 0 70 3 59 9 95 4 33 5 16 5 39 0 39 2 45 8 73 4 56 5 94 0 14 5 1 7 89 4 7 1 48 7 4 2 72 3 1 1 72 5 22 8 65 9 47 5 54 4 86 6 20 4 88 3 46 3 39 4 51 1 86 0 67 9 87 9 26 2 24 2 99 7 49 8 86 4 75 3 89 5 41 4 45 2 61 8 46 1 97 5 12 8 63 2 90 8 10 5 11 6 8 2 30 9 56 9 10 3 59 0 78 5 26 4 28 3 57 4 41 1 35 7 93 6 84 6 66 4 2 8 62 6 39 6 77 8 93 1 41 5 58 4 82 6 21 0 7 2 79 4 13 1 21 0 91 2 1 0 100 1 60 1 29 8 25 8 72 2 65 0 36 4 4 5 8 4 39 7 86 7 72 4 59 
100 1 15 1 16 8 21 6 45 7 61 9 5 4 67 4 37 4 25 6 82 6 89 7 31 0 16 8 41 3 56 6 49 6 82 7 66 9 72 2 99 6 28 5 54 2 43 4 12 3 19 6 24 6 69 8 9 0 67 8 69 9 21 6 7 3 32 6 13 4 50 0 6 2 85 1 5 0 72 2 69 0 33 0 44 8 43 8 14 6 52 3 92 0 47 3 43 9 13 0 68 5 18 0 83 0 20 9 7 1 56 3 18 3 59 6 25 8 34 4 72 8 80 7 37 3 87 4 81 4 50 6 1 3 45 6 29 8 10 1 44 5 92 5 23 6 21 1 91 7 76 5 5 3 71 1 72 9 62 3 26 2 99 9 71 7 48 2 14 9 61 5 27 5 11 2 29 1 42 7 82 7 37 1 47 3 93 7 96 6 47 0 6 9 90 1 72 5 84 3 82 
100 9 100 2 19 0 76 4 92 6 59 7 40 4 61 9 3 4 11 9 64 9 30 1 90 4 51 2 12 9 16 7 63 9 80 3 36 1 93 0 75 9 87 0 99 2 71 4 35 0 13 2 75 0 28 9 4 4 25 6 31 8 82 3 55 1 66 6 95 1 89 8 31 4 72 3 40 2 75 8 1 0 13 0 1 6 17 3 29 4 95 2 94 4 48 2 72 4 50 1 43 4 43 2 14 8 30 3 48 5 56 5 48 1 86 4 96 2 76 3 49 0 75 1 63 5 67 9 58 6 34 0 58 8 29 6 98 1 97 6 65 2 31 4 93 8 89 2 18 4 60 7 52 7 94 4 55 7 46 4 4 6 67 8 55 3 88 9 72 7 86 0 23 8 55 9 10 3 51 0 90 3 75 6 22 9 88 7 91 8 17 6 26 3 22 9 84 7 58 9 99 
100 6 49 1 32 2 28 0 17 8 67 6 8 8 38 4 15 8 36 4 91 6 13 1 70 8 94 1 15 7 40 5 58 3 99 0 52 8 18 5 74 8 59 7 32 4 76 0 95 5 2 5 74 5 40 3 41 1 9 6 97 3 15 8 51 7 29 5 24 9 97 6 5 4 99 6 16 9 64 2 100 3 14 6 80 8 34 0 61 2 3 2 70 9 90 6 96 1 3 1 50 2 5 5 20 0 65 1 13 3 3 8 80 9 1 1 61 0 73 7 98 9 94 2 54 5 36 1 13 6 45 7 7 7 29 8 43 4 90 8 81 6 52 3 61 5 16 8 94 6 80 5 20 2 77 5 95 7 85 6 43 8 63 4 85 4 4 2 68 3 2 0 92 4 5 5 7 8 37 9 45 8 15 9 21 9 14 0 9 7 3 0 31 0 32 9 2 9 70 9 19 
100 1 27 0 17 6 43 8 11 4 70 2 78 3 41 5 22 5 26 9 47 1 84 1 73 4 89 2 70 1 46 1 59 4 50 7 5 9 62 1 40 0 4 3 19 2 2 7 14 6 43 7 5 7 76 2 18 3 55 1 44 2 56 1 58 8 99 5 44 1 13 9 82 8 6 6 62 5 56 0 26 5 11 7 100 6 8 1 43 3 77 9 21 5 41 6 90 1 4 7 38 2 40 1 85 4 7 8 16 3 30 1 13 4 22 7 84 5 92 0 91 8 80 2 21 8 55 8 67 1 71 9 90 5 52 2 28 3 87 4 27 4 54 8 80 1 27 9 42 4 19 8 18 6 53 8 35 9 43 7 64 0 18 9 52 3 27 4 41 4 76 7 28 2 77 9 55 6 32 5 3 9 97 6 69 3 80 2 65 4 32 8 45 1 13 9 6 5 53 3 58 
100 7 33 3 72 6 86 2 25 1 9 6 27 9 58 2 18 2 84 0 76 2 52 5 45 5 32 9 67 0 16 8 7 7 4 0 38 2 31 2 78 5 65 8 37 9 45 8 22 6 79 6 20 8 96 0 2 5 54 4 64 6 70 4 82 6 33 8 77 5 38 3 92 2 30 9 29 8 27 6 10 0 42 5 61 7 85 3 34 1 45 3 12 7 68 9 18 2 84 9 49 9 79 3 81 7 87 0 33 8 23 4 85 4 50 5 92 8 62 4 66 1 42 2 74 5 60 2 78 0 64 6 90 2 72 5 71 9 82 3 51 9 44 2 22 9 44 0 12 2 62 6 65 3 77 5 65 3 4 7 13 6 95 4 59 5 33 6 78 4 92 5 54 6 95 5 64 4 52 1 34 1 22 3 18 6 50 3 25 9 60 5 16 8 56 9 83 1 92 2 7 
100 0 51 9 48 9 93 7 71 2 95 2 8 3 33 9 59 6 89 5 30 4 17 6 27 0 34 9 95 4 50 3 52 8 48 2 87 8 55 9 59 2 45 2 36 5 68 5 7 1 48 9 76 9 95 0 46 2 11 7 45 0 3 5 11 0 97 8 61 8 29 5 88 6 4 6 65 7 45 9 7 9 95 0 17 0 97 9 70 9 6 6 90 9 99 5 60 6 88 9 58 7 60 6 55 0 69 3 86 1 83 3 59 5 89 5 46 7 63 8 51 9 25 1 1 1 91 3 73 5 37 1 97 0 52 3 72 3 61 7 5 4 59 3 2 4 62 6 30 7 1 6 13 0 51 6 90 5 40 8 50 4 86 1 2 3 47 1 35 5 99 0 64 2 29 8 14 6 75 4 65 6 19 0 86 4 93 7 13 3 53 0 17 9 41 1 4 7 21 1 96 
100 2 33 2 43 2 52 2 14 8 1 8 23 5 55 8 42 7 40 3 65 2 44 0 26 7 1 3 32 5 67 6 77 8 20 0 65 0 11 2 55 7 57 2 56 9 41 0 98 1 17 5 100 8 27 4 100 8 59 0 53 7 65 9 30 4 61 9 28 5 44 6 1 2 46 2 97 0 60 8 89 8 67 5 26 1 5 8 96 0 71 5 79 6 3 1 22 6 97 5 94 6 61 2 28 4 36 4 36 7 4 5 65 6 6 6 18 7 36 1 5 1 18 1 22 9 6 9 72 9 18 9 66 0 49 4 71 3 54 9 5 0 57 9 55 4 19 7 19 4 56 0 47 6 76 1 13 7 94 4 33 0 41 8 100 9 53 7 16 3 15 4 72 2 30 9 18 0 99 3 63 4 24 5 71 3 30 6 70 3 61 3 74 2 52 4 56 2 96 7 20 
100 7 68 8 25 4 27 3 69 8 78 3 77 7 69 1 19 5 39 8 53 1 32 0 5 7 59 3 36 9 66 7 60 3 28 5 22 4 55 8 12 1 31 7 50 4 90 6 36 9 93 8 34 4 76 3 99 6 80 8 77 8 28 5 65 5 31 1 47 8 20 4 69 4 88 6 14 8 99 1 100 6 68 0 12 7 99 3 27 7 84 8 21 2 71 4 23 0 10 7 77 9 8 8 35 4 44 0 5 5 4 8 23 6 12 4 30 9 5 2 49 5 47 6 67 0 85 0 91 0 95 1 54 6 24 6 3 1 75 3 95 7 62 3 97 0 26 9 11 4 100 1 14 1 100 1 88 2 99 5 60 3 33 2 3 1 73 6 97 6 20 3 32 6 60 7 90 4 7 0 30 2 84 9 75 1 45 9 38 6 100 3 69 5 43 0 21 1 24 9 9 
