10 10
100 1 31 7 71 5 16 9 74 6 77 7 84 9 96 2 53 5 78 1 77 1 98 0 26 6 83 8 21 1 58 4 37 2 56 1 37 1 78 0 31 2 95 3 41 5 96 8 16 8 20 4 99 6 78 5 65 5 25 4 90 1 79 3 24 2 18 1 67 2 84 8 70 9 10 6 26 4 92 7 98 7 17 8 63 7 45 0 26 3 67 8 48 5 34 8 25 0 6 0 67 8 40 8 39 7 31 7 5 9 98 2 55 9 26 9 41 3 46 0 65 0 43 3 92 5 24 2 83 6 47 0 69 5 89 0 50 4 83 0 75 0 73 7 29 0 24 8 28 5 38 8 94 0 23 8 40 5 90 6 5 8 72 6 5 8 46 4 8 0 17 5 95 6 44 0 43 2 24 8 44 3 93 4 18 0 63 5 68 2 39 2 95 8 88 4 22 9 12 9 91 
100 8 67 7 40 7 44 5 28 2 83 3 63 4 64 5 72 0 97 7 19 7 46 2 86 5 74 9 70 3 27 9 21 3 52 1 90 4 11 5 40 0 36 3 41 3 58 4 98 6 10 0 8 1 31 0 75 0 12 8 72 9 51 1 58 9 64 4 91 6 35 3 99 7 55 1 44 9 39 5 45 6 64 8 68 3 75 5 29 4 61 2 7 8 97 7 88 1 51 8 11 0 74 6 94 2 84 0 68 4 92 0 85 6 68 7 71 1 23 3 99 9 4 5 76 5 19 7 15 9 81 3 100 7 24 5 32 1 97 7 21 7 13 5 42 2 64 5 16 2 77 1 55 7 75 6 36 7 6 5 79 5 59 2 64 7 20 2 77 3 42 3 71 7 42 0 95 7 59 3 14 0 10 6 56 6 52 2 25 6 14 1 66 9 57 6 24 3 42 7 58 
100 1 76 0 8 5 49 8 92 8 97 0 62 1 66 9 74 0 29 6 88 9 37 0 30 8 93 8 62 1 86 3 24 7 8 4 81 3 94 9 55 1 26 4 17 7 99 2 5 2 60 6 45 2 99 4 46 8 85 0 75 9 84 5 16 5 90 3 91 3 98 8 44 3 72 1 49 3 37 4 22 9 36 0 63 5 91 9 51 1 35 5 64 4 65 4 2 7 25 7 59 2 4 2 37 0 52 3 37 4 84 1 90 0 53 0 54 0 79 6 92 0 34 9 25 8 83 3 67 3 24 3 80 3 44 6 75 7 33 7 45 9 40 4 36 9 99 9 60 2 88 7 94 7 83 8 41 9 47 5 66 6 92 0 2 3 28 3 6 6 33 8 22 8 54 5 67 3 13 7 7 1 69 2 68 6 36 9 16 9 13 0 52 3 14 4 55 0 90 7 58 
100 7 92 6 16 3 69 9 94 3 70 9 82 3 98 7 14 0 23 8 21 2 2 9 76 8 89 3 59 8 34 0 54 2 91 2 83 7 92 8 56 4 19 4 49 4 90 8 17 3 60 8 26 7 48 5 98 7 72 8 22 0 10 7 42 1 83 6 96 6 67 9 20 6 30 8 56 1 1 7 60 0 66 5 40 6 87 1 40 7 47 1 19 2 76 9 13 2 47 5 9 7 51 4 9 1 56 7 1 8 70 3 29 4 64 4 19 8 10 4 39 7 58 0 96 3 22 7 30 0 42 6 72 2 47 3 19 7 81 9 74 2 58 6 25 3 32 1 35 0 64 8 66 5 8 3 4 4 25 8 32 9 52 4 84 8 6 2 82 0 60 8 6 8 81 0 8 8 53 7 29 6 21 0 45 1 57 2 77 8 40 1 46 6 80 9 4 9 88 9 9 
100 2 75 0 67 6 8 8 23 9 57 9 94 0 16 5 69 3 65 3 55 3 99 5 84 1 53 4 66 9 71 0 11 2 32 5 63 7 61 7 95 6 49 9 57 5 78 1 88 6 4 0 42 0 43 5 13 1 73 6 45 8 11 6 30 9 26 2 41 5 64 4 11 2 22 9 81 2 7 1 27 2 57 4 26 3 39 1 89 9 74 8 96 5 83 2 71 6 56 6 30 0 5 8 68 4 47 8 31 3 45 4 55 9 19 8 89 8 25 6 87 6 20 1 91 5 45 2 8 6 82 9 93 2 70 4 42 5 10 9 39 2 58 9 29 0 48 6 30 1 64 8 36 0 66 2 66 9 9 0 18 6 49 6 91 4 56 0 55 0 61 9 6 7 100 2 18 0 39 4 49 3 74 3 57 2 74 6 30 8 35 8 18 1 12 6 43 8 20 2 90 
100 4 10 6 98 4 27 5 100 4 65 4 46 4 86 6 84 0 57 2 56 3 61 0 61 7 43 7 26 8 34 1 97 9 1 6 3 7 73 7 55 1 1 4 47 7 68 4 98 2 74 0 49 9 23 6 12 9 92 8 46 7 82 5 43 2 18 6 1 7 84 6 41 3 41 5 55 4 34 2 83 7 43 2 91 1 16 4 72 7 7 7 90 8 11 7 60 8 1 1 60 3 18 2 23 0 12 9 3 5 50 4 96 0 52 9 78 0 55 5 8 2 7 6 40 3 35 6 50 3 15 3 31 8 29 5 64 6 13 5 59 6 1 2 72 2 89 5 51 5 29 9 49 3 70 9 20 5 36 4 93 6 49 3 88 5 83 9 77 7 17 4 34 0 78 5 71 9 80 5 54 4 83 2 3 6 43 2 16 3 17 7 49 2 76 9 55 9 99 5 44 
100 3 74 8 64 1 75 1 24 8 4 5 54 8 50 7 30 0 66 0 80 4 85 9 57 8 49 7 45 0 1 6 76 0 98 6 83 7 27 5 55 3 94 8 5 7 39 7 23 2 12 5 97 7 22 2 49 4 27 2 27 1 99 0 86 2 79 9 19 3 65 8 61 8 82 7 66 3 85 2 55 2 57 9 36 5 62 6 22 5 62 1 32 7 82 8 84 0 74 6 17 4 43 5 93 5 63 1 71 5 94 4 35 9 53 3 64 6 7 4 75 3 74 0 39 7 82 2 100 0 9 0 57 0 23 9 39 3 8 2 68 4 76 0 43 7 62 3 28 8 92 8 85 5 30 3 32 2 73 9 89 5 3 7 31 2 97 1 90 6 24 9 76 1 47 0 67 1 75 0 86 8 17 1 78 6 67 6 54 7 66 2 58 9 26 9 10 0 24 1 7 
100 9 14 0 66 2 95 9 94 7 36 3 91 6 63 8 56 2 15 7 99 5 30 3 94 6 35 8 99 0 98 7 79 4 10 4 22 6 48 2 80 2 75 8 41 4 96 6 10 5 76 4 54 4 31 3 57 6 2 3 31 0 20 1 44 8 41 6 30 0 18 9 35 5 33 9 23 5 100 1 34 0 12 0 94 8 62 0 73 5 43 3 99 5 31 5 31 0 68 2 18 2 10 6 18 2 58 4 23 1 62 5 88 5 52 5 20 7 43 6 78 2 90 4 83 6 46 0 91 6 11 0 58 0 26 0 53 7 59 7 12 5 25 5 21 8 80 7 13 8 8 3 9 5 27 1 50 0 84 1 30 4 72 5 100 6 89 3 72 2 94 9 8 9 23 6 49 6 59 3 91 2 36 7 40 9 82 1 18 9 26 3 6 4 40 1 46 7 2 5 51 
100 0 39 5 72 5 27 4 37 1 93 0 17 1 18 0 5 8 66 4 13 9 35 7 5 0 50 2 84 1 78 0 47 7 54 6 45 5 23 0 12 6 54 9 12 0 6 5 40 9 6 6 54 8 1 8 94 6 23 4 34 2 60 2 3 4 1 9 83 9 94 7 22 0 72 8 82 4 40 6 14 4 6 7 32 0 10 4 43 3 87 5 69 5 27 0 95 3 26 8 54 9 35 7 68 6 94 7 17 0 37 2 89 3 45 9 5 4 2 6 6 0 39 1 4 1 64 3 79 8 14 6 6 1 61 4 81 6 55 2 95 6 24 6 70 3 31 1 85 6 25 4 67 8 30 0 47 4 54 0 3 0 44 2 6 1 44 3 49 7 5 6 19 5 25 5 27 5 62 8 77 1 54 8 20 0 18 9 16 2 32 2 91 3 75 0 24 9 15 1 80 
100 1 55 4 15 3 4 2 12 6 79 6 20 1 34 6 43 7 46 9 40 8 87 5 77 0 88 5 84 5 36 9 97 9 78 3 93 3 69 8 88 3 33 8 2 3 100 3 34 3 68 6 84 5 98 5 80 6 84 0 45 5 4 9 100 5 83 7 15 9 25 5 53 3 53 7 63 2 38 8 88 8 67 3 1 7 15 2 73 1 44 1 46 8 69 4 100 8 48 3 73 3 54 6 58 1 71 1 97 2 24 1 77 6 90 1 20 6 84 3 47 7 94 5 62 5 53 5 92 2 81 5 80 4 60 5 22 0 52 2 92 5 14 6 51 4 35 7 67 9 24 5 61 7 53 7 78 8 4 9 54 2 11 4 59 9 22 5 27 5 28 8 95 7 21 5 50 0 84 2 25 3 56 0 23 5 36 9 84 0 17 5 48 1 92 2 86 9 53 4 84 
