10 10
100 3 95 3 87 8 6 8 89 2 98 2 66 9 80 5 97 7 23 6 99 5 16 1 57 3 86 7 60 5 56 3 11 5 19 8 76 5 40 2 45 8 15 0 99 5 4 1 96 4 89 2 93 9 97 1 90 3 55 1 34 8 83 5 73 1 90 7 68 5 73 5 99 2 93 3 88 9 48 1 96 6 25 4 65 6 77 6 73 6 68 6 55 6 2 4 37 8 89 0 44 6 97 5 71 3 88 7 11 2 9 6 49 7 38 4 46 1 39 7 23 1 5 2 86 2 15 8 84 3 41 5 4 9 41 9 66 0 29 6 81 4 72 0 11 2 33 9 57 5 18 5 49 3 20 7 49 2 32 3 49 7 100 8 93 4 32 1 100 2 44 6 14 7 6 6 40 4 53 5 95 0 18 5 21 3 24 7 80 6 69 3 40 9 24 3 50 1 1 2 50 
100 7 18 8 18 9 84 0 53 1 91 3 46 4 52 6 34 9 64 6 45 1 10 0 43 7 81 2 74 5 93 6 83 0 40 2 67 3 8 5 18 4 37 0 13 1 10 8 60 2 96 5 95 7 56 5 28 0 31 6 39 0 75 8 45 8 85 4 49 0 97 2 5 3 10 1 48 1 54 2 93 4 35 0 62 8 99 6 59 4 22 6 35 4 10 3 6 8 19 3 68 9 45 6 89 2 79 4 74 5 68 5 55 0 16 2 52 0 19 5 23 0 80 9 20 9 97 6 20 2 87 1 85 2 13 1 17 1 92 0 73 4 86 9 91 5 22 5 97 0 38 3 32 4 59 6 26 3 56 4 9 1 11 3 98 5 69 4 73 2 71 8 80 1 57 4 8 1 25 6 21 4 40 4 28 6 53 6 38 2 7 0 49 8 95 8 37 2 15 4 27 
100 0 64 3 84 4 58 6 27 5 55 1 54 9 88 5 3 4 84 9 59 7 40 1 81 7 99 7 51 5 94 4 99 7 72 1 13 8 44 6 93 2 39 0 36 5 57 3 68 7 84 9 44 4 87 2 92 8 70 9 70 3 77 6 63 1 87 0 82 9 1 3 70 8 45 6 53 3 2 1 73 5 5 5 73 3 95 7 68 5 19 8 62 1 87 0 70 7 10 3 7 0 84 9 8 2 71 0 41 6 44 2 7 2 93 1 72 6 16 9 59 3 16 8 81 5 47 4 58 8 69 8 100 0 100 5 31 9 27 8 18 1 23 3 81 2 20 2 13 6 85 6 8 2 35 4 47 2 9 5 30 9 53 7 1 1 4 7 19 8 77 7 100 4 16 7 88 2 90 4 60 9 35 7 54 4 85 1 82 1 23 5 85 6 34 4 40 9 89 9 25 
100 7 75 5 36 1 54 7 56 9 62 3 66 2 99 1 51 2 19 4 31 3 84 3 49 3 42 8 4 4 95 9 83 2 12 1 58 6 57 2 47 5 41 1 9 4 12 4 21 3 23 7 46 0 34 2 12 3 48 0 27 2 22 2 56 9 97 0 79 6 46 8 96 8 58 0 73 8 65 7 32 1 28 6 43 3 71 8 48 0 62 5 10 5 74 8 99 3 36 0 6 8 5 1 37 1 53 1 52 7 23 4 6 9 11 3 32 6 52 9 45 1 49 9 32 7 61 3 95 4 21 0 47 6 20 1 5 2 47 4 72 3 43 3 96 7 43 0 65 8 1 5 90 6 78 4 58 4 74 3 87 8 14 3 24 3 94 5 89 8 93 8 89 8 14 8 60 9 92 1 27 7 91 5 37 2 80 7 40 6 91 5 65 0 34 6 31 3 27 2 69 
100 3 9 8 11 7 55 4 43 4 62 1 94 2 90 5 51 2 31 8 56 6 97 5 9 5 9 0 96 4 66 8 55 8 9 6 73 0 20 7 81 3 10 5 94 7 44 3 20 5 48 4 78 5 41 5 26 7 66 9 21 0 48 4 83 8 86 0 96 6 27 5 18 1 31 4 29 6 45 6 15 1 73 5 43 9 49 5 78 0 35 8 8 8 10 5 48 5 13 3 83 1 66 0 22 9 4 8 70 3 68 1 4 1 43 0 6 9 10 0 39 4 37 9 48 4 4 5 7 4 31 1 43 7 45 8 20 2 16 5 42 0 56 3 26 1 14 2 86 0 99 6 43 2 47 2 22 3 53 0 87 7 57 9 4 2 49 9 88 0 25 2 48 3 99 1 22 2 41 4 43 9 43 8 72 5 45 5 90 8 13 8 80 7 88 8 55 2 32 7 48 
100 1 97 4 14 5 87 2 59 0 95 4 74 8 23 0 65 4 22 0 32 6 25 4 100 5 42 6 17 3 27 3 26 2 10 1 56 1 55 3 96 8 65 1 81 2 31 2 78 0 99 4 34 4 22 0 57 9 6 5 84 0 44 0 99 1 3 8 24 5 36 4 69 4 97 7 57 2 40 9 24 9 41 8 20 4 68 0 39 2 4 9 57 4 88 6 51 1 66 7 75 4 100 9 90 4 85 2 13 9 8 4 22 1 99 1 23 1 67 2 99 8 50 5 85 9 85 4 19 6 9 7 37 8 50 0 48 9 66 0 5 7 50 1 52 3 46 1 50 2 46 0 22 3 65 3 62 8 71 1 58 8 56 5 37 5 14 6 57 5 57 0 81 7 64 8 97 4 40 4 71 6 88 3 79 5 65 7 45 6 3 1 74 5 13 5 70 5 10 3 41 
100 3 44 5 30 6 76 6 6 7 47 2 67 1 94 3 39 8 1 4 83 9 17 5 18 9 71 8 41 6 100 6 19 3 50 9 94 6 36 2 94 0 25 5 80 3 40 2 58 4 61 0 78 6 33 6 85 7 36 7 56 2 87 3 19 4 81 4 56 8 35 6 62 8 46 6 20 7 32 9 68 5 1 5 26 6 52 0 63 9 48 6 37 8 53 1 90 8 73 2 64 8 90 7 32 6 86 1 18 8 68 2 39 0 36 7 97 3 31 7 35 4 100 6 31 3 52 7 97 7 88 5 47 4 12 0 69 0 93 8 86 4 34 8 27 7 56 3 2 9 92 1 40 9 84 6 4 8 99 8 1 8 12 6 44 9 94 9 55 5 7 9 49 6 72 4 54 1 29 9 46 8 90 2 70 1 21 3 75 1 84 4 60 7 81 1 22 3 31 5 88 
100 1 82 6 19 1 52 7 25 3 71 0 31 5 53 9 48 3 30 7 95 5 87 7 33 9 57 4 23 5 74 9 52 9 74 8 46 7 33 5 2 7 23 0 73 2 78 3 14 8 38 6 70 3 58 4 97 1 42 4 33 0 87 1 4 4 6 3 64 5 73 7 58 7 46 4 33 3 68 5 17 3 84 1 4 8 91 3 39 9 67 6 94 9 42 2 21 9 83 5 48 7 25 4 31 8 50 4 3 5 39 4 62 3 64 9 96 1 86 1 46 5 76 3 51 2 19 0 97 1 66 7 5 7 82 8 70 4 54 1 79 8 95 0 30 0 54 9 71 3 17 2 69 7 19 8 29 0 46 6 96 9 62 6 74 2 33 1 6 5 70 5 5 4 29 9 84 9 70 6 72 0 3 6 35 8 19 6 73 4 43 4 41 1 34 9 67 8 19 8 41 
100 1 59 2 88 6 17 1 39 7 100 0 88 3 75 1 73 3 35 1 46 0 33 9 91 1 43 4 95 0 55 7 66 2 44 4 60 4 58 8 52 9 96 0 34 8 35 9 93 2 7 9 66 3 36 1 61 5 56 7 89 2 27 2 96 3 10 7 65 8 32 1 84 5 65 4 10 7 99 9 22 4 53 7 54 3 4 4 57 1 8 3 94 2 4 0 93 8 9 1 69 3 81 4 23 1 40 5 85 3 8 4 77 2 11 3 2 9 66 0 7 2 78 7 69 1 92 8 19 7 37 4 13 9 43 7 72 3 12 7 47 5 30 3 50 9 42 5 70 2 26 0 59 4 87 2 2 3 51 3 5 5 7 8 14 3 38 7 10 4 35 2 38 0 59 1 61 4 4 9 60 4 19 3 97 3 81 2 12 5 69 9 18 9 53 8 38 3 97 8 47 
100 4 35 0 4 0 90 4 86 1 21 1 49 8 31 1 55 4 8 7 83 7 73 1 42 4 89 7 66 3 51 2 7 0 35 9 37 0 57 9 72 0 56 1 84 1 74 9 50 9 67 6 16 9 100 7 21 7 82 2 46 4 2 2 59 2 52 4 23 2 30 4 48 0 8 8 48 9 54 5 84 1 52 2 48 9 87 7 98 4 57 1 91 5 96 4 43 3 43 0 29 2 27 8 40 6 78 8 6 4 18 5 44 7 38 6 68 1 58 6 69 1 59 0 39 1 73 4 38 9 47 6 66 6 73 1 74 2 100 1 4 2 64 7 37 2 10 7 22 1 62 7 98 2 35 2 71 2 6 5 62 2 68 5 40 5 44 7 50 7 63 9 35 3 54 4 46 8 58 2 75 0 65 6 38 7 26 1 45 0 27 8 22 4 57 6 33 3 73 4 58 
