10 10
100 4 78 5 89 2 51 5 67 2 68 8 57 2 73 4 52 9 60 4 75 5 84 7 69 9 23 9 73 0 57 2 73 3 64 0 98 0 87 1 50 3 90 2 43 1 30 7 100 5 92 8 75 4 49 1 45 6 11 7 11 7 25 5 75 8 70 3 96 9 55 1 55 2 45 1 74 4 42 8 92 6 38 5 48 6 5 6 87 2 3 7 52 2 79 3 75 2 20 2 35 3 8 7 31 3 52 6 86 3 15 1 63 6 74 5 66 5 61 8 56 8 82 7 52 2 31 7 92 9 27 6 25 6 44 7 48 5 91 3 28 0 48 4 14 2 58 7 38 6 64 4 52 0 94 2 5 6 11 8 99 9 69 0 62 5 29 0 81 5 56 3 37 1 81 7 49 9 93 2 38 2 41 3 59 2 28 2 81 0 27 6 58 7 63 8 54 0 95 2 95 
100 0 22 7 94 4 14 2 69 8 1 2 98 2 26 0 97 6 12 8 18 1 32 4 95 0 30 4 62 5 94 7 83 9 47 2 36 2 55 8 8 6 14 0 85 1 97 7 93 6 96 4 26 9 61 8 90 0 11 4 71 8 10 6 89 5 79 8 28 3 83 4 12 3 64 7 55 0 93 8 32 5 5 0 74 1 14 7 21 7 6 3 75 0 25 4 89 0 46 7 25 7 67 5 73 2 59 5 47 4 17 9 31 9 18 6 68 8 35 2 84 0 68 2 35 7 55 9 22 5 96 1 46 8 10 3 23 5 33 8 96 9 78 8 75 0 21 1 96 1 82 4 63 4 77 8 3 3 97 6 79 9 29 7 14 2 6 5 73 7 46 7 84 5 78 4 81 0 63 0 83 4 53 4 77 8 93 9 47 4 32 5 99 9 94 3 89 4 75 0 24 
100 5 47 0 73 6 8 9 29 0 10 3 72 4 84 7 68 5 75 0 29 4 97 2 53 0 28 0 38 4 95 3 66 7 28 2 58 9 56 9 65 8 81 9 90 0 37 1 37 4 82 6 74 7 75 2 7 5 37 6 14 9 47 7 48 0 7 3 60 8 74 2 59 5 78 7 70 8 32 7 94 9 83 3 48 8 10 9 22 8 27 0 97 9 25 7 47 6 63 8 93 9 58 1 24 8 64 9 63 7 31 1 19 5 28 8 81 6 11 7 77 8 70 6 49 7 89 9 100 9 19 2 11 3 95 8 93 9 100 5 99 0 48 9 90 7 13 6 63 9 98 7 50 3 54 5 69 3 56 2 22 6 21 4 29 1 26 3 77 7 90 1 6 5 20 5 39 9 53 7 8 3 30 5 23 8 82 1 36 5 29 6 73 1 2 7 24 3 57 1 9 
100 6 56 4 58 3 70 0 71 8 12 3 23 5 26 3 13 1 62 3 77 9 82 4 72 5 89 1 81 7 7 2 77 0 24 4 95 2 77 5 95 2 57 6 11 2 64 3 28 7 17 2 84 8 58 0 64 4 99 5 9 9 49 4 56 6 39 6 22 2 66 5 19 3 30 1 48 0 52 2 96 1 22 8 81 7 64 7 46 5 74 1 5 1 59 0 47 2 32 0 6 2 85 9 11 1 70 9 10 2 99 6 79 7 35 9 6 3 55 8 78 0 36 9 40 9 31 7 99 1 76 8 100 7 55 9 77 5 73 6 31 8 94 5 25 0 99 2 65 4 30 7 11 6 80 0 48 8 79 8 56 0 94 0 45 1 27 7 69 0 100 3 37 7 26 3 22 9 44 2 68 4 3 8 94 7 41 7 43 1 61 2 44 6 95 5 97 4 37 7 11 
100 7 40 1 24 5 34 5 63 1 81 5 19 4 66 0 39 9 78 0 86 3 17 6 3 9 81 8 44 2 61 5 43 2 84 0 9 3 93 8 45 5 49 5 28 0 38 4 75 8 25 6 26 5 41 5 21 7 70 2 85 2 36 8 96 1 55 1 23 1 45 7 51 5 91 0 62 4 22 5 18 7 81 2 40 4 2 7 100 2 45 3 83 1 78 1 45 9 86 3 36 3 88 8 8 3 9 8 83 4 71 2 57 7 37 7 35 1 77 7 1 3 15 7 33 0 31 8 97 3 40 7 36 3 6 0 31 7 30 3 40 0 54 6 95 8 20 4 97 1 90 2 82 8 99 6 89 0 60 8 30 4 91 5 80 6 92 8 33 5 33 3 19 7 76 4 62 7 92 6 81 6 90 0 26 1 75 7 40 6 67 3 45 2 26 8 100 9 46 4 60 
100 6 37 8 74 1 63 6 63 5 8 1 73 0 39 9 53 6 97 5 88 9 94 9 2 6 95 1 71 4 21 3 79 6 13 0 80 6 30 2 100 6 90 2 50 8 17 3 93 4 90 8 60 9 46 9 57 7 69 0 88 6 51 1 54 2 97 2 70 3 76 1 64 4 41 1 82 6 29 8 17 9 90 3 92 7 28 3 52 7 14 5 44 3 7 6 54 6 84 1 55 4 76 2 28 3 36 7 82 6 64 5 34 4 64 3 94 7 23 6 97 0 76 1 47 7 38 9 47 5 76 0 70 1 20 8 82 9 16 5 77 4 100 5 2 6 21 1 86 8 51 9 45 3 5 0 45 8 31 7 65 4 48 2 11 2 72 5 98 8 40 4 59 1 15 6 57 4 9 4 24 3 74 9 31 5 41 4 97 5 80 1 1 1 1 0 46 3 85 6 98 
100 5 96 7 18 1 68 3 63 6 79 3 32 8 7 2 90 3 28 2 42 8 17 4 50 9 60 9 58 4 89 9 10 0 68 1 29 1 75 4 32 8 61 0 37 7 74 7 80 4 36 8 8 9 46 4 60 9 41 3 27 1 100 7 100 3 84 6 1 3 25 1 97 1 58 3 78 8 11 3 87 8 14 3 82 1 84 8 6 8 49 7 6 2 34 0 57 1 15 0 38 1 99 6 29 0 81 0 41 4 18 9 15 3 98 2 94 6 86 6 18 3 53 0 98 0 26 9 3 3 20 8 82 1 94 2 85 2 74 6 96 5 44 8 40 3 48 9 58 5 32 0 89 0 66 5 71 5 49 7 59 8 67 7 55 2 11 0 50 5 6 7 76 1 22 4 71 1 43 5 23 9 31 2 6 2 72 3 98 0 59 0 87 2 89 8 37 7 83 8 47 
100 0 45 0 21 7 14 4 29 6 22 9 28 7 48 1 31 4 43 5 8 8 86 6 6 0 31 3 24 2 91 1 63 9 100 3 88 2 84 3 32 5 44 4 91 7 35 3 48 1 10 9 48 0 65 1 94 7 79 1 10 2 8 1 64 1 15 5 95 8 47 0 42 3 87 1 18 6 75 2 28 8 10 4 91 7 4 8 39 0 67 6 71 4 48 1 44 3 43 1 80 7 57 0 79 0 83 5 36 4 30 1 79 9 43 5 88 3 26 1 26 8 33 8 13 3 14 7 50 3 1 2 92 4 73 7 48 1 66 7 32 2 65 5 73 5 14 2 77 7 95 0 42 6 25 3 76 8 29 9 29 7 78 4 18 2 30 5 91 1 73 6 61 1 48 8 87 7 79 3 90 2 31 9 70 3 41 5 57 6 27 7 36 2 31 1 86 3 48 7 16 
100 8 24 6 52 6 63 3 67 2 99 0 73 7 71 3 37 8 50 8 19 0 86 1 52 2 25 6 42 5 6 1 28 6 3 1 76 8 14 9 28 9 86 4 72 3 65 8 23 3 5 4 10 4 43 2 6 6 58 9 70 4 67 0 88 9 61 4 68 4 20 0 87 0 40 2 45 6 63 6 75 4 42 0 14 6 83 0 70 4 43 2 65 3 42 1 77 9 20 2 10 4 43 3 99 8 96 4 72 4 97 8 54 1 25 5 1 7 52 0 40 4 100 4 98 6 24 3 61 1 31 8 53 9 52 7 32 4 99 1 92 2 19 6 47 4 89 2 56 6 63 9 3 6 84 4 56 4 15 5 61 4 85 6 64 7 80 7 42 9 41 0 64 9 96 6 17 5 59 2 32 9 26 5 29 1 94 2 31 5 80 8 57 2 9 3 84 5 45 6 68 
100 7 62 4 20 4 7 1 51 7 82 4 58 0 86 0 75 8 96 3 77 9 66 8 20 2 96 4 59 5 80 2 78 1 56 6 51 0 10 9 41 4 39 4 59 6 41 1 38 9 72 9 8 5 41 9 76 4 26 3 3 6 62 5 90 3 15 1 63 7 72 9 82 5 23 4 58 6 28 0 60 6 87 3 19 0 66 4 50 0 63 7 56 5 12 7 99 3 37 9 74 8 88 5 50 3 4 4 79 6 9 4 5 3 7 2 38 1 12 9 36 5 66 5 57 0 14 3 18 8 23 7 73 2 39 4 99 0 93 0 58 1 22 4 92 9 87 6 65 9 99 3 2 0 15 6 69 1 88 1 83 1 6 8 97 7 39 9 26 4 65 0 37 2 19 1 49 5 96 9 72 9 96 7 23 2 51 8 7 3 37 4 36 9 14 1 47 0 81 9 79 
