10 10
100 6 60 7 88 6 47 3 96 7 64 9 99 8 8 5 17 2 43 9 54 6 48 1 17 0 88 5 59 4 47 3 11 8 12 9 62 9 90 8 89 1 70 0 64 8 44 2 49 9 50 7 66 0 44 8 76 9 17 3 43 2 96 6 25 5 81 0 70 5 69 9 57 2 100 9 75 2 10 0 21 2 19 8 78 0 71 4 22 2 19 1 36 4 43 5 33 7 3 3 42 9 70 1 4 8 32 9 93 9 7 7 27 1 78 4 72 5 12 3 20 9 34 7 53 4 58 6 54 0 89 7 31 1 72 4 51 3 8 1 44 9 73 5 75 5 47 3 57 8 52 6 50 2 55 0 47 7 52 1 82 1 40 0 99 3 56 3 25 7 49 9 40 8 89 5 78 8 88 8 22 1 29 6 69 5 84 7 83 2 70 1 58 4 50 6 27 8 15 4 20 
100 4 24 7 48 5 45 4 27 9 2 1 25 2 54 8 30 4 30 5 45 0 76 4 35 1 49 2 9 8 4 9 83 1 79 8 25 0 18 7 10 2 29 1 27 3 50 1 39 5 45 4 5 0 10 9 3 4 36 0 76 5 2 5 69 8 55 6 55 7 89 3 31 0 64 0 65 8 96 5 62 7 29 9 4 2 80 0 77 1 59 5 83 5 71 9 49 3 68 7 54 5 93 7 64 0 93 6 82 0 54 9 11 4 84 7 49 3 35 0 45 4 71 3 72 2 52 1 66 4 84 7 97 8 97 2 52 1 7 6 57 5 29 2 71 1 98 6 1 1 14 0 79 4 54 4 6 9 13 4 70 3 1 5 65 0 91 5 95 1 87 9 2 0 44 6 99 7 1 3 63 1 71 3 42 4 98 7 72 5 79 3 20 7 96 5 24 1 32 3 77 
100 2 45 3 5 1 50 2 36 1 63 7 61 1 82 3 76 0 38 4 32 7 30 4 65 2 34 0 82 3 49 1 43 7 2 3 47 1 63 6 47 3 2 7 69 0 14 2 62 7 46 2 83 1 85 7 12 5 30 8 71 9 88 0 14 2 68 3 45 2 22 3 42 1 5 2 38 4 58 6 42 1 86 9 76 7 57 9 4 7 69 1 88 8 98 7 91 0 65 6 63 4 3 6 87 9 64 1 51 7 23 6 50 3 80 9 65 8 85 0 70 1 28 7 82 1 34 0 38 2 18 8 50 6 22 9 83 6 51 5 68 3 88 4 92 0 25 7 25 7 93 9 64 6 18 2 36 2 4 8 69 1 88 7 24 3 61 2 33 8 9 9 51 3 96 1 42 0 96 0 6 6 27 7 99 2 96 2 80 0 6 0 86 6 53 0 53 0 85 3 66 
100 4 40 6 29 7 67 2 83 2 63 2 9 9 96 7 98 6 3 1 81 4 69 8 13 8 53 8 79 1 60 1 70 4 42 1 81 0 93 3 27 8 89 8 88 1 86 4 12 5 69 4 33 8 35 3 53 9 31 2 85 8 87 0 19 6 46 0 8 9 77 1 38 6 30 4 97 6 10 6 86 8 3 5 64 2 61 7 80 6 70 7 97 4 66 6 84 9 59 7 88 7 5 3 88 4 59 5 1 2 10 5 43 5 87 9 64 7 30 1 26 0 96 6 31 5 12 3 45 4 21 4 32 2 22 5 79 1 47 6 21 6 35 3 6 3 89 6 92 8 55 4 63 6 42 0 60 0 95 3 75 6 68 1 7 1 46 8 29 5 22 1 51 7 23 1 6 1 73 9 24 3 6 8 23 9 68 6 44 2 1 4 82 1 6 6 79 8 43 5 26 
100 0 20 9 30 9 78 7 56 8 80 8 75 5 45 4 44 0 20 4 77 6 76 6 1 4 95 7 99 1 47 9 92 7 96 5 36 1 2 6 90 0 61 3 23 8 49 9 26 4 44 8 99 2 6 6 43 8 67 0 45 6 89 1 13 6 56 3 54 4 33 7 13 5 39 9 31 9 56 6 7 9 16 7 56 5 46 9 30 3 97 4 7 1 38 4 48 8 19 1 57 0 4 5 99 7 98 0 63 8 25 6 54 5 86 2 61 7 7 4 21 5 70 4 82 3 59 9 31 7 90 3 35 1 45 3 40 1 65 7 61 7 16 7 48 4 72 6 92 1 62 9 55 3 69 7 23 3 3 3 52 3 66 8 8 2 85 6 86 2 94 5 57 1 13 9 59 9 47 4 76 5 90 0 45 5 53 1 25 7 81 1 60 2 41 0 85 9 78 4 96 
100 4 39 5 73 9 100 1 7 0 63 6 21 8 47 7 69 6 60 5 92 6 70 1 38 2 2 4 88 5 33 1 32 4 88 0 35 0 54 2 95 7 64 4 30 8 85 4 6 9 43 1 48 5 23 0 12 5 7 3 19 8 93 3 92 3 27 1 64 7 48 8 25 9 6 9 100 5 48 3 43 7 78 6 57 5 99 9 63 4 50 9 40 9 82 3 48 4 62 2 15 7 80 7 92 4 72 6 62 6 54 7 56 4 34 4 39 1 78 1 67 0 66 1 54 0 32 0 41 9 59 7 58 9 46 7 43 5 28 7 89 7 29 3 97 1 47 5 23 1 81 5 31 6 45 1 29 9 26 8 51 4 55 4 43 9 26 9 50 8 99 3 44 7 10 9 49 3 52 2 18 2 46 4 54 5 24 9 42 4 90 5 61 5 70 3 94 2 84 1 14 
100 2 23 1 55 9 50 1 59 0 60 9 41 3 2 0 68 3 90 0 11 3 59 9 53 4 69 5 78 7 40 7 42 7 23 5 81 7 17 0 26 1 38 0 88 9 63 8 33 7 8 1 41 0 51 8 18 1 24 1 81 2 5 8 53 4 25 1 30 0 22 7 83 4 100 8 6 4 99 7 22 7 9 5 20 4 42 0 41 0 42 3 94 8 46 2 8 2 35 3 85 3 83 5 22 5 29 9 84 5 97 3 64 9 14 3 26 8 80 8 67 3 35 1 38 1 98 0 85 8 69 4 10 5 38 3 65 9 23 8 12 8 60 9 42 0 1 1 41 8 50 7 79 5 24 2 28 2 25 9 93 0 32 0 35 9 80 2 6 1 73 8 93 3 78 9 42 1 28 5 65 4 64 5 68 1 81 8 92 9 45 6 51 7 14 8 42 3 85 7 96 
100 0 14 3 77 3 99 9 18 7 29 8 25 0 10 8 1 6 58 6 57 7 87 8 47 6 79 9 61 1 5 6 76 7 77 8 79 8 68 0 89 3 31 9 87 5 94 4 45 6 84 2 3 6 8 8 12 5 96 6 96 1 5 6 45 8 85 6 35 4 57 2 83 9 69 7 90 2 84 9 44 9 4 0 22 8 41 7 10 1 72 2 52 2 68 2 23 8 69 9 56 5 89 1 21 3 56 4 56 1 54 3 54 8 3 5 71 5 6 3 45 2 5 4 5 3 95 5 19 8 97 4 18 8 9 4 73 7 89 2 27 2 25 3 66 2 67 6 85 7 26 9 42 1 15 9 78 2 17 3 13 4 97 9 6 6 7 8 36 1 60 4 100 6 48 4 86 1 50 9 79 3 96 4 62 4 78 9 23 4 60 5 89 3 56 4 2 2 97 3 43 
100 9 64 9 13 7 39 1 53 3 45 4 60 4 31 4 35 2 27 2 96 2 80 4 81 4 18 7 98 2 2 9 87 4 93 0 64 6 17 2 28 7 95 4 90 3 24 4 26 0 82 4 66 2 37 4 2 3 74 1 17 2 59 8 41 9 57 3 36 2 48 6 35 7 35 9 63 3 91 3 90 6 51 6 99 5 24 6 34 9 67 4 32 4 52 8 34 8 29 9 46 8 32 6 24 3 29 0 89 9 76 8 19 0 22 9 23 6 2 3 17 9 47 4 57 6 27 6 22 6 95 6 89 0 14 1 34 8 53 9 30 0 7 1 98 2 47 3 4 7 40 4 31 7 48 8 46 5 92 6 94 8 69 5 57 1 47 5 85 0 55 6 94 2 79 5 50 5 10 2 74 0 59 6 55 4 35 3 12 6 54 8 34 1 70 7 17 6 32 0 67 
100 6 43 7 13 9 6 9 9 4 48 8 59 6 61 3 24 5 87 7 7 8 97 7 40 9 24 1 75 0 35 4 14 8 61 3 52 6 70 7 11 2 59 8 61 5 81 6 56 2 2 6 90 4 90 5 16 3 61 8 79 0 52 8 93 5 41 0 12 0 39 4 86 0 88 5 79 5 76 6 3 2 92 0 22 0 63 2 9 7 27 1 49 5 27 3 84 0 63 8 14 2 36 1 25 1 24 3 54 3 44 8 87 7 49 0 43 7 52 3 27 9 92 0 93 3 3 4 39 9 88 3 96 3 51 2 27 8 83 2 47 2 49 0 5 9 1 1 97 3 79 5 95 1 91 5 33 5 10 8 95 0 11 9 49 8 30 1 80 4 86 8 71 9 51 5 72 7 91 7 13 2 67 6 75 4 88 7 29 7 52 6 77 9 22 0 77 2 92 3 20 
