10 10
100 5 46 9 90 9 79 9 14 5 13 9 80 5 2 3 21 4 18 2 2 3 67 0 59 8 37 5 28 2 22 7 81 4 56 3 2 1 94 1 9 7 98 6 76 0 7 8 99 5 12 4 33 3 6 6 5 8 47 1 57 9 56 8 38 8 60 4 55 3 23 7 23 2 24 5 86 0 42 9 41 4 59 2 91 1 78 2 36 9 69 1 8 2 74 6 36 7 18 3 11 0 23 5 69 0 63 2 37 3 18 0 37 6 65 6 26 5 86 9 69 6 88 8 37 1 70 0 50 6 97 9 50 0 40 7 45 5 30 3 48 4 73 1 24 1 69 9 55 2 24 5 71 7 23 0 27 3 5 6 98 7 87 0 5 2 9 2 8 2 76 4 37 1 78 0 35 0 79 7 20 7 26 3 8 4 13 4 31 6 93 8 97 5 70 0 30 5 62 4 98 
100 9 97 7 17 7 21 3 55 5 87 4 60 6 32 4 79 7 65 8 63 6 10 5 27 7 79 3 65 2 3 3 64 1 99 4 26 8 59 5 78 8 28 6 90 9 90 8 31 8 83 3 11 3 86 4 5 0 9 8 34 5 38 4 67 6 45 6 67 5 98 3 57 5 19 9 44 3 83 5 16 8 73 7 63 9 10 5 24 3 44 5 34 7 24 5 78 2 88 6 10 0 54 2 100 1 3 1 16 7 57 0 83 5 24 5 9 9 67 5 34 9 88 3 91 3 35 4 46 6 31 8 42 3 32 0 24 6 43 7 63 4 33 1 10 7 76 3 85 2 99 9 62 3 64 6 90 9 35 2 47 6 73 5 36 0 37 9 91 7 61 7 47 8 80 7 77 0 61 1 75 9 5 8 32 1 21 2 41 8 63 2 22 5 73 4 61 2 60 3 16 
100 2 3 9 3 6 81 0 93 4 57 0 54 2 74 9 12 0 72 9 36 3 94 6 9 4 90 1 28 9 88 9 46 6 59 1 67 2 60 8 9 2 71 1 16 8 80 1 99 2 83 4 49 9 36 3 17 1 63 8 8 9 39 6 26 4 47 2 30 4 6 5 69 2 51 4 16 8 45 8 9 2 51 7 29 3 15 1 92 7 79 5 48 7 29 3 56 0 38 4 34 3 83 5 44 9 78 1 13 4 90 9 71 3 44 0 45 5 4 7 74 5 47 8 22 1 83 1 41 8 46 7 88 9 78 6 37 3 73 9 11 9 51 0 98 2 29 8 82 6 60 3 79 5 97 5 22 9 8 5 46 6 16 6 74 8 8 0 28 9 8 4 57 4 54 9 74 1 68 5 63 9 45 7 99 3 88 8 37 5 28 7 5 0 7 3 46 8 75 3 39 
100 7 18 2 95 1 99 8 96 9 62 8 75 8 28 0 80 2 46 2 29 9 90 2 66 8 94 3 74 9 77 8 65 0 38 7 61 6 81 4 11 8 34 7 49 4 93 6 81 9 46 2 42 7 29 5 31 8 57 2 2 2 18 1 16 2 10 3 97 7 36 9 48 1 21 6 88 5 60 9 69 5 6 1 41 1 3 5 47 4 95 5 80 6 36 6 5 2 93 3 60 8 33 5 78 9 94 7 15 8 15 7 66 7 13 3 93 5 22 8 69 9 52 2 14 9 43 1 31 9 54 3 49 1 41 6 48 3 61 2 7 1 100 4 25 9 70 9 17 3 85 0 31 3 2 4 11 8 61 2 84 9 17 4 66 9 27 6 77 7 51 1 62 0 65 1 36 8 5 1 12 3 17 8 92 9 79 3 63 6 34 9 72 2 40 6 76 9 10 7 26 
100 5 78 5 70 1 6 4 90 1 56 0 48 1 55 5 100 9 54 5 77 9 89 8 47 2 80 2 90 8 9 4 5 4 29 2 50 6 39 2 83 8 85 3 33 1 49 6 93 6 40 3 3 6 58 1 99 5 32 6 4 1 94 1 33 7 33 9 51 4 74 9 36 4 52 9 10 3 61 8 20 5 23 5 58 1 48 4 89 7 100 2 10 9 51 2 6 2 19 8 67 0 59 7 58 5 37 4 91 9 13 4 75 2 16 4 84 3 13 8 8 9 35 3 57 4 32 2 97 9 64 7 75 3 44 3 100 1 43 5 13 8 25 5 14 3 21 1 38 2 9 4 40 6 70 5 57 0 91 9 74 4 8 5 16 0 45 8 75 9 7 7 14 1 41 0 68 2 49 2 77 0 87 5 5 6 62 9 62 2 5 0 15 5 95 7 76 7 26 9 14 
100 5 82 6 2 6 57 5 2 0 13 8 55 8 36 2 55 0 90 7 75 9 60 1 2 7 49 2 80 0 84 3 3 9 41 6 10 8 69 6 12 1 96 8 16 8 12 9 8 1 33 0 63 3 75 1 24 1 62 3 56 9 76 3 46 9 52 3 80 6 47 1 29 5 43 6 95 2 24 9 86 2 25 2 4 4 88 5 7 1 82 7 10 2 16 5 25 4 21 2 49 5 24 1 74 7 78 8 67 4 52 4 97 4 86 4 27 8 93 3 31 0 49 2 61 3 18 8 71 5 11 3 4 3 2 5 6 2 38 3 80 5 87 4 64 1 59 6 57 9 13 6 40 6 43 8 62 9 5 1 14 2 74 1 13 8 44 2 5 5 10 6 48 9 9 9 81 6 39 2 18 8 3 2 22 5 78 2 33 4 1 6 24 0 91 8 77 8 55 6 25 
100 3 100 5 18 6 8 4 79 1 3 6 41 3 13 4 26 5 87 8 40 9 36 9 70 0 85 5 74 9 10 7 97 6 78 6 64 9 77 0 39 7 45 2 63 5 23 1 93 4 57 8 53 3 60 4 30 7 74 7 50 2 91 4 9 3 73 9 12 3 2 8 27 9 29 5 5 2 87 9 50 0 61 5 99 8 10 4 12 9 2 7 19 3 64 1 19 5 74 1 39 8 92 8 93 8 96 3 94 3 70 8 60 9 65 4 83 7 10 6 72 8 2 2 54 8 9 9 11 1 100 6 97 2 81 8 95 6 7 8 29 4 61 2 21 2 13 8 17 2 58 0 31 2 15 2 10 7 11 6 42 7 84 9 41 1 39 0 76 5 23 3 47 6 44 7 18 3 95 4 27 0 73 4 87 5 66 6 63 0 49 0 62 9 94 7 89 2 92 5 66 
100 9 1 0 86 8 69 0 66 8 65 4 84 7 44 8 31 4 34 5 22 3 57 3 73 3 49 8 3 8 59 2 25 2 89 8 63 3 54 7 81 1 30 9 92 1 76 1 66 3 51 5 45 3 58 8 37 3 72 6 9 7 13 2 51 1 71 3 82 1 85 8 84 5 77 0 82 0 71 4 83 9 94 0 54 7 53 0 10 9 69 9 76 9 30 0 4 3 4 0 84 1 94 8 58 0 20 8 82 4 13 5 55 1 33 7 65 2 14 3 14 7 88 3 88 0 26 0 1 3 46 7 49 9 71 3 61 5 51 8 5 4 42 3 14 2 47 9 3 3 14 7 43 6 28 2 90 9 4 9 34 2 78 7 17 5 22 6 69 6 69 2 19 9 67 3 1 3 48 5 53 9 97 7 34 1 85 9 54 5 19 3 89 8 44 6 65 5 61 1 67 
100 2 98 2 98 6 18 8 80 8 8 2 99 2 27 3 91 6 56 0 8 0 50 0 93 5 42 8 79 3 81 9 84 4 28 9 66 2 49 9 85 6 77 2 96 4 42 1 47 2 45 4 54 5 16 4 8 5 44 1 78 3 98 1 54 2 81 7 82 4 40 6 96 1 39 7 48 3 95 1 39 8 50 1 23 0 41 9 94 9 58 9 7 3 97 2 11 1 73 3 72 8 39 9 67 1 50 4 45 5 29 1 35 0 63 7 98 2 44 8 61 7 95 6 11 0 81 5 14 2 58 9 37 1 45 6 33 2 7 3 27 2 25 5 88 0 69 4 32 6 18 1 96 1 63 9 2 7 28 6 3 7 9 4 59 3 16 4 58 1 72 9 9 9 86 8 76 1 99 8 85 2 50 1 87 8 50 8 13 3 61 3 72 4 41 8 25 8 33 9 37 
100 3 71 4 7 2 37 0 27 5 98 4 62 1 73 9 11 4 78 6 76 9 33 0 95 2 81 2 86 2 45 4 97 3 17 9 66 4 4 5 81 0 91 8 26 5 85 9 80 7 6 1 99 2 90 9 72 5 28 4 15 4 77 0 68 8 7 1 89 6 69 7 25 4 66 0 9 4 30 6 97 9 84 1 47 9 84 9 64 1 27 5 20 1 73 9 30 5 47 6 63 1 78 5 86 6 44 4 2 8 23 0 29 9 59 2 35 6 82 8 70 3 65 6 54 1 66 6 89 6 3 2 92 3 38 4 21 3 42 5 40 2 86 6 40 4 82 1 43 2 23 4 56 8 94 5 88 7 18 8 57 1 12 7 91 7 43 4 81 1 19 7 81 7 93 9 57 8 26 8 5 1 64 8 10 4 94 8 51 8 8 7 7 5 11 0 51 8 55 2 70 
