10 10
100 5 50 8 16 4 26 2 20 3 33 0 41 3 28 4 18 9 61 3 21 0 97 2 66 1 93 8 44 9 23 9 72 8 18 0 89 1 12 6 79 8 56 7 98 2 61 9 99 2 14 9 34 1 73 8 37 8 86 9 69 3 3 0 65 0 49 5 93 0 74 4 61 5 18 4 69 5 22 6 5 8 88 4 82 3 50 1 18 6 68 5 97 6 43 4 85 7 4 1 23 9 50 6 7 7 38 7 32 5 91 7 30 0 44 4 74 1 54 0 6 1 89 1 79 4 3 0 43 9 98 9 69 6 15 1 78 8 32 3 49 8 73 0 75 6 51 6 2 3 54 5 57 7 11 2 32 1 35 0 1 8 55 8 96 9 85 4 93 2 19 1 5 7 86 2 59 8 94 7 55 1 46 1 27 9 8 5 6 5 8 1 69 9 61 9 24 9 65 9 44 
100 8 21 1 65 4 85 8 20 6 47 4 38 8 73 5 20 1 63 6 2 7 66 3 41 7 38 5 30 4 15 3 6 3 51 2 92 7 92 1 11 5 55 5 10 5 47 0 91 0 76 4 31 9 3 3 37 8 37 1 64 8 19 3 78 7 79 7 89 9 72 8 50 3 58 5 54 4 76 2 90 7 67 5 44 4 61 0 85 1 64 2 6 7 71 8 83 6 47 2 36 8 21 7 86 1 18 7 76 5 66 4 71 5 96 1 7 8 88 3 20 3 85 2 53 8 18 9 20 2 97 1 94 6 81 2 63 8 51 7 20 7 21 9 41 8 46 0 43 3 86 6 48 2 58 5 90 4 91 9 63 2 77 8 22 9 29 9 27 9 37 3 49 3 56 4 26 7 89 7 62 1 2 6 30 5 5 6 18 7 41 8 49 2 69 4 82 7 86 2 28 
100 9 33 1 82 9 32 4 26 7 21 7 88 7 35 1 45 2 81 5 58 6 92 6 51 7 17 2 39 0 33 5 37 6 21 9 25 7 45 7 45 0 86 8 42 6 15 3 84 1 1 1 12 6 6 8 69 6 47 0 12 6 39 1 16 6 3 2 28 2 39 6 23 8 31 1 100 6 78 6 30 6 13 6 31 7 46 1 40 7 57 7 87 9 68 0 31 7 77 7 41 9 82 8 30 6 40 0 15 8 89 3 47 8 42 3 30 0 65 9 35 0 3 9 61 1 91 1 86 6 4 5 82 1 3 9 18 2 30 7 96 1 68 4 29 8 48 2 12 7 53 8 86 6 40 6 2 0 72 1 96 3 75 7 47 2 63 5 19 4 64 5 4 7 7 1 10 5 13 5 99 7 11 4 73 2 76 0 99 6 47 8 39 2 16 5 48 1 47 6 99 
100 2 76 6 74 3 74 0 53 1 51 4 30 5 40 4 52 3 20 2 2 1 21 9 28 0 27 8 56 3 33 7 88 0 67 6 65 1 91 9 38 3 32 9 20 8 30 0 2 0 84 5 12 5 63 1 93 5 55 5 4 2 62 0 73 3 67 4 18 9 18 9 68 1 6 3 83 0 52 3 14 5 14 9 91 5 34 8 70 6 32 7 42 4 82 6 7 4 77 8 14 8 42 1 71 8 26 1 95 6 14 0 100 6 29 1 25 2 72 8 49 0 86 9 54 7 25 5 9 7 59 7 74 8 72 5 77 7 23 3 84 4 23 0 66 1 90 7 43 7 95 1 69 5 73 2 90 4 77 3 51 9 36 5 41 9 24 3 88 9 98 6 83 5 39 0 41 9 90 3 36 0 84 4 50 0 57 6 78 5 18 8 85 6 89 9 54 7 54 5 38 
100 2 96 9 16 0 4 1 56 8 23 0 85 1 7 2 42 0 35 8 25 6 19 0 76 6 79 3 14 5 27 0 27 7 10 9 82 3 97 6 54 7 6 4 15 5 91 1 36 9 28 7 46 5 45 1 87 2 26 8 15 9 8 4 36 9 79 5 67 4 87 3 51 1 75 9 72 6 6 9 96 1 1 4 45 3 26 5 11 8 37 8 84 2 38 6 71 2 57 4 38 7 30 6 90 7 97 1 85 8 24 2 97 4 82 1 82 3 2 5 46 5 57 1 62 5 7 9 92 2 95 8 99 2 95 7 94 7 44 9 74 7 46 5 47 6 93 9 34 2 8 9 96 4 99 4 26 0 83 5 68 1 28 8 90 8 69 1 89 0 87 4 69 8 67 4 29 0 32 8 3 3 32 1 83 7 79 3 36 3 82 7 6 4 69 5 54 8 60 3 12 
100 4 58 6 31 9 2 4 56 6 99 1 99 6 1 7 27 2 40 3 13 2 28 6 85 4 51 7 18 6 26 8 56 7 3 3 78 5 29 3 98 4 53 0 55 1 4 4 30 6 87 2 70 4 52 5 34 6 38 9 22 8 3 8 69 1 68 0 16 2 66 5 46 2 25 5 61 2 2 8 17 6 40 5 43 3 29 9 9 2 10 3 21 2 44 8 24 5 22 8 12 2 84 1 3 8 58 6 52 1 15 3 58 2 26 8 65 0 78 0 3 3 85 6 62 8 65 3 16 6 39 0 87 2 13 6 88 5 88 7 35 2 94 1 71 0 81 7 94 8 22 7 25 9 99 9 25 8 15 5 83 3 99 6 92 6 40 8 56 3 10 9 71 1 76 2 6 5 71 4 13 5 60 4 29 3 13 5 15 6 83 2 85 9 53 6 65 2 30 3 90 
100 2 12 0 21 7 22 2 78 8 49 1 88 2 43 3 45 5 44 4 62 7 35 5 30 9 27 8 72 4 7 8 41 5 44 7 72 5 88 7 69 7 94 0 3 4 29 5 88 7 3 4 38 0 68 9 77 8 10 1 73 5 31 3 43 6 92 6 71 4 37 2 57 4 85 7 77 8 53 5 26 2 84 7 43 8 79 0 11 9 77 1 40 6 89 9 24 5 26 1 5 4 63 4 39 0 96 4 32 8 96 3 7 7 4 0 71 8 25 3 56 5 22 6 66 1 39 3 5 2 3 9 30 8 77 0 42 7 13 8 49 6 59 1 29 8 100 2 84 6 13 6 23 7 18 9 38 5 99 8 21 4 87 7 59 3 78 2 24 7 41 7 67 8 25 9 3 0 30 2 83 7 23 6 90 5 70 0 23 3 94 2 48 0 4 6 99 6 88 8 58 
100 2 36 6 14 6 7 1 17 3 80 8 1 8 58 9 75 6 49 4 94 8 97 1 63 9 21 6 49 3 24 1 18 6 70 4 51 5 41 4 56 3 8 5 5 3 59 7 44 5 98 5 96 0 95 2 25 4 38 6 41 9 59 7 33 5 47 1 87 2 49 0 70 4 65 4 51 9 67 6 75 3 48 3 95 1 15 3 36 7 77 4 78 5 85 5 27 4 83 1 4 1 54 7 3 0 38 1 27 0 64 0 70 6 94 7 84 1 45 8 30 9 74 8 72 2 42 4 5 8 47 5 73 2 61 6 42 1 90 9 77 4 93 8 62 8 4 6 82 7 84 9 100 8 24 0 78 3 52 8 51 9 68 1 60 5 7 9 78 6 38 2 3 7 9 4 28 0 90 6 69 0 70 3 21 4 74 0 4 6 83 7 45 3 64 4 5 7 2 7 65 
100 8 12 3 57 3 54 7 54 4 49 5 18 6 10 9 97 3 24 5 47 9 85 0 48 4 56 7 20 8 25 1 82 9 27 3 83 0 46 9 75 9 20 3 35 6 73 6 100 3 24 5 18 6 99 7 69 0 22 5 8 8 79 0 40 2 42 9 83 7 52 0 23 7 78 0 43 4 84 7 64 0 4 0 99 6 27 5 54 4 64 0 43 3 88 3 71 1 7 0 24 9 5 1 7 1 24 5 92 2 27 4 65 8 23 6 29 2 9 2 49 5 5 1 14 0 21 6 70 1 36 7 91 2 72 6 41 1 14 2 67 5 80 5 66 1 76 2 85 1 17 2 46 7 73 2 22 6 67 0 46 0 72 8 74 2 89 7 1 0 28 5 91 2 67 0 54 7 62 3 93 0 36 9 68 7 64 4 29 7 34 2 37 9 99 0 93 9 71 6 35 
100 6 23 9 29 2 40 9 88 9 40 9 84 1 17 6 14 4 59 2 2 6 82 0 3 8 32 7 6 0 83 6 56 4 79 4 95 6 10 9 35 3 65 6 40 6 62 8 6 8 12 0 50 9 100 7 19 8 53 0 7 2 38 0 41 8 79 2 42 2 27 7 28 8 11 6 27 4 24 0 60 7 89 1 43 9 1 0 48 4 47 2 59 5 48 0 41 0 3 0 91 7 19 4 66 9 34 3 94 5 78 5 4 7 24 0 24 5 28 9 72 0 28 9 5 3 94 4 75 8 60 6 32 5 20 1 20 5 35 1 95 7 77 6 83 8 56 4 90 4 44 2 19 0 25 9 65 1 13 6 60 5 96 7 8 2 17 9 51 2 70 5 28 3 55 0 99 3 77 0 8 2 72 1 21 6 78 9 57 6 27 4 80 2 73 6 48 5 77 8 46 
