10 10
100 0 27 9 77 1 75 9 40 3 90 2 69 9 8 6 53 2 13 2 79 8 100 8 40 5 25 4 27 0 40 6 22 0 68 6 41 4 72 4 28 3 35 4 55 8 51 0 35 3 58 1 48 9 64 6 68 8 73 3 67 3 1 5 35 3 54 6 81 8 27 1 20 7 76 0 1 8 72 2 92 0 98 6 55 9 70 5 72 5 33 0 56 5 1 1 81 7 14 9 84 1 84 0 41 2 88 1 51 3 40 5 8 6 36 2 71 5 50 5 85 0 13 3 87 5 47 9 63 8 51 3 51 4 79 1 4 4 40 8 12 2 53 4 84 4 74 6 47 2 41 0 89 2 27 4 77 2 59 2 82 1 24 9 77 9 13 5 61 5 17 7 48 9 1 8 28 1 22 1 20 3 71 7 15 1 41 8 19 3 96 3 64 4 47 4 24 7 17 2 1 
100 4 75 8 78 0 66 0 43 4 99 1 6 3 63 6 82 3 23 4 99 1 81 3 54 7 67 9 85 6 7 3 59 9 28 8 71 7 72 3 67 1 46 2 87 1 41 5 96 1 60 8 8 9 77 5 26 6 47 2 97 2 38 2 1 8 36 2 54 9 46 5 24 6 32 6 41 7 28 4 62 3 73 2 24 8 89 5 14 3 9 8 34 1 15 9 57 2 3 4 3 0 95 2 53 5 7 9 99 1 68 5 70 9 54 2 90 0 55 3 5 6 80 3 12 3 39 6 14 0 57 3 37 2 17 4 94 4 45 0 12 6 13 0 60 8 6 9 22 3 13 3 95 5 7 1 18 8 16 4 42 9 72 1 69 1 39 9 94 8 63 9 14 7 26 9 41 0 54 1 14 0 67 5 6 5 27 5 3 9 32 9 61 4 50 5 90 1 63 6 42 
100 7 48 4 64 9 50 7 54 6 33 4 24 2 97 8 68 3 49 5 89 0 14 8 83 6 56 0 99 4 50 7 33 6 46 5 50 8 3 6 24 9 55 5 92 5 73 0 12 2 15 2 49 7 58 7 83 5 36 5 31 9 23 3 77 6 58 4 100 6 46 7 36 9 70 3 99 5 34 6 53 9 3 9 90 7 78 4 30 8 26 5 43 1 11 5 69 5 98 4 80 1 30 7 12 1 95 1 1 9 55 5 23 9 62 1 61 5 21 4 74 0 42 9 94 8 21 7 4 1 26 0 23 6 76 3 2 6 81 8 38 0 39 6 44 1 16 1 28 9 31 8 47 1 94 9 34 0 40 8 15 5 34 6 16 8 66 3 95 8 73 0 62 2 73 3 50 7 75 2 33 8 9 9 15 1 86 8 36 5 20 1 31 7 82 5 52 8 24 8 38 
100 8 19 4 68 9 79 3 40 8 24 9 49 7 50 4 77 1 9 3 88 1 20 6 44 3 60 6 89 3 55 8 14 4 20 6 60 0 72 0 16 9 49 4 1 5 29 0 98 8 29 4 90 1 47 4 66 2 59 7 78 2 66 0 5 9 64 5 91 6 67 8 33 5 56 0 4 0 99 2 75 3 40 0 41 4 4 3 31 5 48 1 92 7 43 9 53 8 13 8 84 2 80 0 6 1 52 9 20 2 3 7 88 0 47 3 90 3 27 9 83 9 85 1 82 5 87 8 28 5 39 0 31 0 15 1 70 1 89 5 19 3 92 3 27 0 38 5 39 6 72 7 58 0 5 0 66 0 41 0 16 9 89 5 56 1 10 5 61 9 68 4 45 1 42 2 56 6 92 3 35 4 50 5 12 6 11 8 88 8 7 3 53 5 87 2 99 7 32 5 78 
100 1 26 8 20 4 3 0 71 5 26 8 19 3 80 8 19 7 91 2 33 9 23 1 41 7 9 3 55 6 41 1 11 7 89 8 1 7 11 7 59 9 26 8 29 0 81 9 98 0 19 8 7 5 5 4 91 9 2 9 26 8 95 2 4 7 39 0 98 6 65 8 95 4 52 3 38 9 22 0 32 9 100 4 35 8 18 9 74 7 57 2 14 1 49 1 37 6 19 2 47 6 27 4 26 1 54 9 9 2 58 0 94 9 44 5 75 5 53 4 100 8 70 5 10 6 71 8 58 7 89 9 83 7 51 6 77 2 46 8 88 4 29 0 52 1 55 5 2 3 72 1 42 3 39 4 34 8 40 0 42 4 70 1 10 7 26 6 87 7 83 0 4 4 88 0 74 8 65 2 63 9 95 6 80 6 5 4 26 2 70 0 60 1 62 6 55 7 37 4 35 
100 0 22 4 100 4 9 7 53 2 42 7 17 6 6 2 92 5 88 4 15 2 93 1 56 0 77 5 29 2 36 3 59 0 20 3 39 9 71 1 76 2 43 7 58 6 100 9 57 8 23 6 5 2 66 2 73 1 16 3 9 5 61 5 99 6 35 0 53 7 5 0 74 0 56 6 57 2 94 1 49 6 98 0 85 0 45 3 70 8 58 2 94 1 91 4 97 7 88 9 60 9 37 9 83 7 24 2 43 3 78 3 60 6 27 4 58 3 13 4 66 8 71 2 29 9 97 7 30 9 58 6 96 7 78 7 63 1 70 6 46 1 49 2 79 1 34 8 85 8 51 3 81 7 39 7 83 5 59 7 64 8 50 9 31 0 44 7 100 6 57 7 78 2 99 6 72 4 60 6 36 3 28 8 6 4 64 6 20 1 26 8 33 8 71 6 2 3 30 4 52 
100 8 18 9 76 2 61 2 27 0 79 4 37 6 25 6 67 8 89 2 7 0 35 2 78 4 83 5 77 5 44 2 4 1 98 3 25 7 55 3 54 7 62 9 37 4 60 3 2 8 69 5 69 4 57 2 65 0 13 1 27 5 69 5 90 5 86 8 90 5 90 8 33 0 59 0 11 6 15 9 5 8 38 4 97 6 94 7 68 2 40 5 37 6 69 1 92 7 38 5 62 5 64 8 74 7 86 0 58 4 3 2 21 5 6 2 70 1 89 0 1 9 96 4 83 3 30 1 99 7 33 3 65 1 68 8 94 3 9 5 16 4 67 0 24 9 40 4 70 8 28 6 9 5 25 8 97 9 91 9 97 9 83 9 70 6 29 0 21 2 27 4 78 9 87 9 89 4 77 0 67 7 71 4 8 6 56 4 82 9 38 2 14 5 4 4 66 1 73 0 82 
100 0 3 0 25 9 31 3 69 2 52 9 75 0 33 5 70 1 65 9 18 0 94 7 53 4 25 5 95 6 97 3 50 6 60 6 13 3 41 1 95 1 9 4 84 3 37 3 86 2 38 1 33 6 46 8 13 9 54 9 47 9 69 2 95 0 75 3 47 6 63 6 40 1 37 9 43 1 26 8 93 3 54 0 60 0 92 2 17 4 58 6 42 1 82 6 41 3 87 8 57 8 98 4 4 2 71 1 63 9 19 7 43 4 21 2 73 2 29 8 82 6 6 7 22 1 33 2 9 6 37 1 30 8 6 7 9 1 22 8 58 1 22 5 43 7 80 7 45 9 99 1 90 5 82 1 39 4 60 1 84 5 33 3 77 9 46 0 96 1 3 5 51 2 70 8 57 7 66 3 11 5 83 3 6 0 65 6 95 8 86 3 7 7 5 9 69 2 76 8 25 
100 9 67 4 95 9 43 2 20 4 62 2 83 5 17 7 5 2 57 5 25 7 31 6 95 5 55 9 56 4 66 8 93 5 25 1 19 5 87 2 63 8 20 6 12 0 73 8 21 8 92 4 99 5 21 5 31 2 48 0 54 1 1 7 83 5 61 4 19 9 22 1 5 5 32 1 55 6 43 2 48 5 21 0 74 1 85 7 90 3 28 4 42 8 82 6 63 5 73 0 36 2 95 8 14 8 92 4 95 5 65 0 58 3 66 9 43 5 89 9 53 1 91 4 45 7 53 0 30 2 61 9 29 0 29 7 20 3 17 2 72 5 33 6 30 2 96 4 7 7 35 7 15 2 14 5 34 9 73 1 96 2 23 4 40 1 2 7 52 8 29 6 14 7 45 8 3 0 93 2 69 3 14 6 9 8 7 4 60 8 10 9 66 5 38 1 71 5 33 0 98 
100 6 60 4 18 6 2 0 87 7 6 1 28 6 7 3 14 9 99 6 62 3 68 9 27 7 86 2 33 4 3 7 47 9 100 0 62 9 23 8 53 6 10 1 56 9 34 0 32 2 15 0 45 8 73 3 54 1 45 4 38 1 90 9 92 5 35 5 5 3 97 2 16 4 61 0 1 8 57 2 11 1 59 8 27 0 90 7 50 3 21 8 19 2 92 5 11 9 57 8 13 8 4 5 29 8 94 7 9 2 88 0 68 6 38 1 25 3 57 4 69 4 80 2 86 3 43 6 24 2 88 3 55 8 33 5 90 3 61 8 1 1 57 6 34 5 55 3 22 2 7 7 15 4 41 6 32 1 77 0 87 9 56 0 31 8 15 4 57 6 95 2 35 3 76 7 87 0 1 1 42 2 60 3 24 6 62 1 45 8 16 5 49 0 84 0 56 8 33 2 73 
