10 10
100 7 85 6 95 5 82 6 22 3 11 3 19 3 36 1 79 9 99 2 98 1 78 8 52 7 61 2 37 3 13 1 7 4 8 4 9 0 36 6 20 0 45 3 41 4 95 1 16 5 92 8 95 8 84 9 95 4 65 7 60 8 85 1 83 2 74 2 9 7 98 6 80 2 44 5 88 4 57 8 44 1 9 0 92 9 75 2 35 8 45 2 18 9 9 9 19 9 2 8 9 1 78 7 65 7 100 9 71 6 88 3 52 5 21 6 77 4 90 8 74 4 90 3 9 9 100 9 70 3 75 2 26 4 73 6 50 4 61 6 57 7 64 2 38 5 10 0 42 7 40 4 99 5 47 6 22 5 2 1 80 7 28 2 20 4 19 7 53 1 22 1 47 1 66 4 44 1 11 1 88 5 55 8 42 0 16 8 20 2 5 0 8 5 2 7 43 6 2 3 96 
100 2 100 4 97 0 9 6 39 3 51 2 78 6 11 7 22 3 6 3 17 1 2 0 73 3 59 3 48 2 95 4 89 6 15 1 56 7 34 1 23 5 64 5 45 0 33 8 49 2 47 2 35 3 28 9 49 6 100 4 21 0 70 8 6 6 61 9 41 4 20 4 74 1 98 3 82 2 32 9 37 8 86 3 85 6 51 5 66 5 19 0 23 8 17 6 37 8 57 6 99 1 90 0 73 8 36 0 91 9 45 0 56 7 79 1 19 2 18 7 14 9 91 6 68 6 53 4 26 6 50 2 59 2 1 2 38 8 35 4 99 3 73 1 83 5 10 3 62 9 75 8 70 3 96 8 95 7 82 8 63 5 75 0 88 1 37 7 58 5 36 7 73 1 85 7 43 7 65 8 46 5 33 3 92 5 69 6 86 6 22 4 87 2 72 5 30 6 77 4 87 
100 7 76 4 6 2 89 4 72 8 32 0 25 7 67 9 7 3 96 5 80 9 29 1 31 8 78 4 49 5 87 8 40 2 68 4 12 7 16 9 66 4 40 6 38 6 87 8 1 4 87 9 84 9 100 3 100 8 65 4 84 2 72 4 44 0 9 1 17 6 55 9 45 7 49 0 97 6 91 8 89 2 5 9 92 3 84 9 26 4 25 8 51 2 71 4 95 8 40 3 38 7 49 5 99 2 31 4 7 0 82 7 26 3 77 6 45 3 42 6 57 9 98 4 2 9 16 7 30 6 89 9 79 5 38 2 30 2 9 1 91 5 48 5 58 7 44 0 32 4 99 5 88 7 26 9 40 7 53 7 48 7 53 1 15 6 54 7 9 0 11 8 46 9 37 6 19 3 85 9 32 6 100 6 10 2 83 6 63 2 90 8 93 5 52 4 16 8 97 0 38 
100 2 79 3 15 5 11 7 79 2 4 7 89 1 31 3 88 9 29 2 99 5 33 5 7 1 17 9 98 1 91 2 79 0 62 4 28 1 55 0 62 1 84 0 26 7 5 7 20 1 9 9 20 8 13 2 54 8 77 4 45 4 80 2 14 2 72 3 53 4 72 6 62 7 40 7 86 6 19 1 28 2 46 8 92 8 50 9 33 8 84 4 86 9 96 3 59 5 41 1 75 0 26 9 87 7 23 6 25 4 83 2 1 5 15 9 29 3 4 4 90 8 37 0 88 7 79 2 37 1 43 4 93 1 85 3 27 8 84 4 70 1 84 4 76 5 70 9 71 0 16 3 99 7 88 9 33 9 19 1 6 7 38 9 41 4 69 3 92 2 63 8 90 2 88 8 99 0 96 2 85 2 96 7 84 7 8 7 52 4 85 0 92 8 62 1 40 2 13 0 34 
100 6 13 5 49 6 91 7 74 1 17 5 3 6 97 6 49 8 90 1 96 9 25 1 37 6 26 5 88 2 18 4 8 5 34 2 65 3 59 7 35 4 86 3 31 7 50 0 16 5 34 9 16 5 59 6 20 6 74 6 67 2 82 0 35 4 29 0 41 0 22 0 18 8 7 7 43 2 61 8 85 9 43 0 36 5 43 7 76 1 48 2 48 0 45 7 45 6 13 9 88 8 45 0 87 3 41 0 67 3 1 1 64 3 71 5 35 9 62 9 51 9 84 3 77 2 56 3 51 5 68 6 34 2 82 7 20 2 31 9 17 4 80 2 83 1 72 3 4 2 18 8 74 7 15 9 58 8 91 0 25 3 29 8 8 6 44 3 1 0 96 2 14 5 10 0 64 9 100 7 43 7 36 0 66 0 89 7 3 1 54 9 41 1 44 7 66 4 76 3 55 
100 5 76 8 69 8 81 9 72 4 47 9 50 8 80 7 11 3 7 9 37 3 71 6 3 4 16 9 67 4 36 8 84 5 28 0 58 5 60 1 61 5 68 2 26 5 93 4 61 7 65 2 65 8 53 9 4 4 75 3 4 6 84 3 99 4 2 8 79 8 26 8 63 5 1 4 19 6 71 9 55 6 25 9 68 6 86 0 78 8 32 4 85 4 81 2 11 5 8 4 19 1 5 6 41 8 38 9 30 6 59 0 56 5 47 6 46 9 70 0 68 9 47 1 80 1 63 6 28 5 1 1 86 7 23 6 50 9 48 0 72 5 95 4 42 3 18 9 89 8 75 5 75 7 92 1 6 0 14 3 81 4 1 5 71 4 77 1 41 7 83 3 21 4 38 3 50 5 65 2 22 7 24 0 83 7 43 7 23 4 23 5 70 4 44 1 46 5 3 7 76 
100 0 98 0 33 8 76 6 53 6 64 7 40 0 27 9 78 1 30 8 35 0 75 1 98 7 50 7 52 6 71 1 41 0 35 2 49 6 31 4 13 2 24 8 98 7 54 6 51 9 7 4 95 1 51 2 73 5 84 2 74 8 100 4 41 6 71 9 72 1 55 6 48 3 34 3 79 7 1 9 46 7 60 9 99 7 98 4 47 6 90 5 92 9 82 3 50 6 14 1 47 7 19 1 74 7 45 0 5 8 66 4 12 7 98 6 68 0 50 8 50 0 74 0 2 6 58 3 12 1 5 9 84 3 64 4 45 2 17 9 52 8 42 5 56 5 97 4 96 5 24 7 1 1 66 8 81 0 2 9 79 0 7 1 46 5 96 5 68 5 98 3 25 6 43 7 78 4 92 0 74 5 44 3 72 8 53 7 43 2 59 2 68 9 30 7 12 4 73 1 1 
100 0 2 3 42 5 86 2 19 6 44 1 42 9 93 0 11 5 48 6 57 7 11 2 22 8 24 0 19 3 49 6 78 0 83 7 48 0 49 5 47 1 89 3 51 8 45 1 24 0 9 2 99 7 84 6 20 9 93 9 73 7 15 3 61 2 99 1 95 7 17 5 26 9 36 5 100 2 94 2 24 6 43 3 65 1 19 0 84 5 54 6 22 3 85 9 80 4 22 7 8 7 84 3 59 3 6 7 59 4 87 4 35 9 38 6 44 6 69 7 38 4 51 0 30 1 18 9 67 1 9 6 68 2 70 6 30 2 81 1 94 3 35 0 95 4 84 1 23 4 43 0 17 4 43 7 93 2 68 0 44 2 6 9 91 5 83 6 64 5 50 9 30 8 94 0 99 6 54 5 71 7 81 4 5 4 83 5 44 7 34 1 48 4 90 3 1 0 50 1 18 
100 9 4 0 24 0 54 1 30 6 53 5 58 9 86 9 41 1 40 4 89 5 22 0 55 8 27 1 34 4 83 7 95 5 17 8 13 7 70 4 9 9 58 1 78 5 99 8 37 7 88 0 74 1 83 0 62 4 80 3 39 9 38 7 68 3 71 2 8 3 50 5 37 6 25 3 19 0 57 1 49 4 96 9 14 8 22 0 59 4 95 1 23 1 94 9 10 2 81 0 56 0 46 3 73 1 54 5 74 0 65 4 18 8 85 4 50 0 87 0 39 8 14 2 75 6 24 2 9 9 27 8 7 4 61 8 100 4 51 8 13 6 74 4 21 8 61 0 36 8 49 1 11 9 73 3 83 0 83 5 23 5 10 6 96 3 80 1 36 7 29 1 73 1 22 9 76 2 12 4 34 0 10 7 3 8 46 5 10 8 53 3 96 3 99 0 37 8 5 1 34 
100 3 86 4 60 3 55 8 87 4 42 8 43 8 71 5 99 5 53 4 26 6 90 1 86 3 99 1 44 8 72 5 40 2 86 5 84 8 53 6 20 4 58 0 83 7 23 0 70 2 77 9 87 7 95 4 40 1 77 5 70 2 52 9 56 2 62 5 44 2 73 9 1 8 70 5 77 6 12 8 10 5 5 0 39 1 82 6 92 4 91 2 74 9 96 0 69 2 93 7 23 1 26 1 69 3 38 8 3 8 67 2 76 6 23 1 58 0 34 7 17 7 28 0 83 5 95 2 17 4 65 5 84 4 82 3 9 7 93 6 24 1 1 5 77 6 85 4 41 5 9 7 92 7 63 1 82 5 48 4 69 1 17 5 38 0 99 5 8 7 37 0 59 4 35 9 57 1 89 6 30 6 49 7 23 4 77 3 40 4 54 0 84 7 33 3 54 0 74 7 65 
