10 10
100 8 54 7 1 8 55 3 69 2 25 6 37 2 92 5 11 6 5 4 92 9 93 9 12 6 23 5 58 0 65 7 24 1 28 7 73 0 85 6 74 8 60 3 96 2 65 0 80 8 33 6 63 6 5 1 20 4 16 7 77 3 49 1 69 7 19 3 84 9 97 5 91 8 64 4 34 6 83 7 89 6 43 9 42 9 30 5 69 5 65 2 55 5 23 0 69 1 80 6 38 4 98 0 27 3 18 8 69 2 8 7 76 2 85 0 55 5 26 8 8 0 80 2 16 5 2 3 5 4 69 4 27 3 59 6 78 0 99 4 4 7 96 4 31 0 47 4 81 6 20 0 92 8 21 8 94 5 51 8 69 1 76 3 91 3 35 5 7 6 68 7 76 8 29 5 62 9 16 3 64 8 98 8 93 3 71 9 3 0 30 8 97 3 35 5 8 2 20 5 93 
100 3 77 5 34 4 37 9 37 3 54 8 74 2 49 8 8 0 88 9 92 0 39 6 81 4 31 2 38 4 62 0 59 8 93 6 71 7 90 4 42 7 47 9 94 1 76 6 4 0 94 9 22 6 94 2 32 5 20 3 82 9 98 4 58 6 48 0 93 2 62 3 53 9 20 8 76 1 70 9 36 9 59 1 29 7 17 9 3 7 84 7 64 1 99 8 87 9 89 5 80 3 93 2 93 8 59 3 46 8 9 8 78 5 26 3 43 5 85 3 75 1 100 2 97 3 69 1 8 4 44 2 70 7 3 1 35 8 33 4 23 8 94 1 51 9 42 8 11 8 83 7 9 3 39 3 10 8 51 8 97 0 1 8 69 2 11 6 67 1 32 5 81 4 72 4 72 3 33 1 39 1 49 1 37 2 3 2 7 2 77 6 12 6 37 7 23 8 83 5 24 
100 3 73 9 49 9 45 8 23 7 8 1 10 6 21 9 69 6 60 4 50 2 70 6 45 4 44 8 95 5 66 7 59 4 39 8 73 3 50 9 59 0 32 0 77 4 69 8 55 3 46 4 93 7 12 9 79 8 19 7 36 4 14 1 16 7 41 4 74 7 5 5 9 6 7 8 5 3 97 2 83 8 67 2 93 7 49 1 7 0 25 6 69 1 9 5 23 9 61 1 35 0 18 0 45 8 15 4 31 9 35 0 30 9 24 7 1 0 79 8 81 8 89 7 91 3 47 8 59 1 48 7 57 8 38 3 91 7 12 1 4 8 76 4 64 7 24 1 86 4 65 7 73 1 94 9 85 4 24 3 6 1 57 3 70 7 52 7 50 2 3 2 61 9 21 3 66 7 77 3 17 3 61 5 34 5 66 7 79 2 39 1 55 9 97 1 69 0 39 1 30 
100 7 28 8 20 1 48 5 30 5 30 2 34 3 89 6 100 3 47 7 60 1 16 5 90 4 50 2 32 8 55 1 37 5 11 5 44 5 4 2 36 8 5 6 86 2 34 5 81 6 16 7 11 7 51 5 40 0 67 1 21 1 24 9 52 2 31 4 1 9 88 8 54 0 66 1 48 7 99 9 38 5 78 0 82 0 51 4 8 9 47 8 8 2 75 4 48 5 34 4 39 2 57 1 67 4 56 0 2 9 77 3 84 1 4 9 79 1 37 3 6 9 72 8 56 1 25 9 41 8 7 2 74 7 2 5 28 4 68 5 78 9 32 9 55 6 11 0 6 0 85 5 97 8 58 4 29 8 76 1 36 6 13 5 21 3 71 6 93 2 98 2 100 1 71 4 89 6 64 0 14 1 12 3 18 5 79 8 72 3 57 4 3 9 37 4 81 0 66 9 37 
100 9 35 7 25 7 43 5 13 9 83 9 26 2 29 5 48 6 88 7 30 6 25 8 21 0 46 7 29 5 95 6 47 9 51 5 55 4 66 7 82 3 75 4 85 2 67 8 54 8 75 4 100 9 15 0 63 8 51 3 91 6 1 9 45 3 16 3 57 8 20 9 96 7 94 9 84 9 5 6 99 5 13 5 18 3 66 9 66 4 4 2 28 6 41 1 86 1 97 4 9 3 28 3 84 5 94 3 28 9 58 2 74 9 32 0 59 3 1 4 46 0 91 1 49 2 32 3 20 9 1 2 62 5 57 7 61 3 70 3 12 8 82 2 95 1 82 6 41 7 4 1 91 5 69 9 7 1 17 3 53 8 90 8 4 6 80 2 77 5 4 2 79 9 52 3 50 8 56 7 52 1 49 2 47 1 71 0 50 9 61 6 82 9 78 5 95 2 4 4 77 
100 8 8 7 42 4 55 9 40 9 2 5 74 1 56 6 88 2 83 3 55 0 45 7 36 6 69 6 48 2 1 2 84 9 16 7 4 1 30 4 67 9 63 9 5 2 62 6 87 2 32 5 2 6 30 4 34 4 50 9 79 8 9 5 5 0 86 6 98 0 94 3 91 0 4 1 18 5 56 1 93 7 13 2 49 0 5 2 58 4 65 8 97 5 73 7 59 6 46 8 44 1 52 2 81 6 65 3 84 6 94 2 38 4 80 9 78 1 92 7 15 7 63 7 90 0 98 7 71 4 59 3 56 1 69 4 80 0 27 1 48 2 78 8 46 5 44 4 38 1 35 3 100 8 88 1 56 7 79 4 6 2 28 7 71 9 85 0 97 2 60 4 50 5 12 6 57 1 58 1 48 0 94 5 75 3 61 3 29 0 44 4 100 8 3 4 28 6 33 5 38 
100 7 25 8 57 5 12 5 89 7 61 5 55 7 29 7 36 9 93 4 12 8 16 1 57 5 25 9 24 9 65 3 31 6 48 9 78 4 61 0 58 6 42 5 20 4 65 7 89 2 28 8 16 3 59 3 2 7 38 1 91 4 6 6 72 9 39 6 51 4 41 4 87 9 16 7 64 7 80 2 55 0 96 1 38 8 93 5 52 0 14 4 89 6 4 5 99 4 53 9 75 1 94 7 6 9 39 0 17 5 92 8 30 3 59 6 88 9 52 9 37 5 19 6 2 8 8 3 28 3 27 2 76 5 3 5 54 6 76 0 78 2 78 7 59 5 64 2 6 1 92 3 12 7 97 2 4 3 35 6 48 1 43 8 3 9 7 5 26 3 96 6 28 6 6 0 6 9 43 9 23 5 28 8 82 1 85 8 94 5 33 8 32 9 83 5 97 9 42 0 6 
100 5 92 2 6 7 40 9 13 7 62 0 1 9 95 4 92 2 68 2 28 8 17 1 20 1 100 7 73 1 91 4 69 6 67 4 39 3 43 8 90 1 43 5 34 2 17 6 18 8 45 8 23 9 21 5 94 5 22 4 3 2 64 0 98 9 50 3 78 3 81 3 70 5 65 6 84 4 61 2 86 8 95 7 85 5 91 0 63 4 8 0 14 6 22 2 65 7 44 9 75 9 70 7 25 5 83 2 59 4 65 6 3 3 1 7 19 3 1 8 44 4 77 9 46 1 25 0 7 1 80 2 63 2 15 0 80 2 98 2 78 7 80 8 45 6 85 6 75 2 98 3 60 3 11 9 92 7 74 8 25 9 54 4 62 7 31 4 50 7 3 2 32 4 71 1 31 1 11 5 18 2 66 7 55 1 5 1 22 6 27 2 49 1 9 2 23 5 82 5 64 
100 2 46 8 97 5 64 0 21 5 46 2 72 6 65 8 17 4 22 3 95 8 54 4 86 2 9 2 14 0 17 7 36 0 48 4 50 8 10 6 91 4 58 1 87 6 84 9 16 3 8 3 86 9 43 7 25 5 84 8 40 9 45 2 83 6 83 7 22 4 41 0 44 1 47 6 35 3 3 6 71 7 80 2 53 2 63 0 54 7 54 8 59 1 72 8 31 6 96 9 45 1 59 3 15 9 18 8 66 2 89 6 73 7 3 3 17 0 76 1 48 3 57 2 100 4 68 9 51 8 55 7 18 2 91 4 74 0 28 3 43 6 19 1 67 7 97 6 70 5 69 4 20 8 75 4 97 3 76 6 36 4 69 2 88 8 55 3 17 1 58 1 66 7 62 8 79 4 12 4 33 3 90 3 55 6 82 8 53 3 61 0 14 9 71 8 71 5 44 0 35 
100 5 6 5 61 2 96 4 15 0 9 1 76 5 75 9 43 2 27 4 43 3 31 0 80 4 17 3 56 5 89 4 74 3 34 9 52 7 21 4 60 6 26 0 40 9 53 9 76 0 42 0 41 0 42 1 46 0 36 0 90 8 100 9 50 1 38 5 62 5 55 1 88 5 83 1 80 8 36 7 55 7 23 7 19 5 93 7 65 0 39 8 41 8 68 4 55 5 22 6 45 9 82 7 42 1 91 8 64 9 70 1 72 2 69 6 9 1 22 3 51 1 57 6 91 9 38 5 27 1 1 3 33 9 15 1 97 3 21 0 44 9 31 8 40 2 36 5 84 4 67 3 96 7 10 5 7 5 39 3 84 1 65 9 34 6 31 0 45 7 50 8 69 5 27 4 65 1 29 5 4 3 56 1 31 5 2 1 85 5 37 9 40 9 82 8 87 1 12 1 79 
