10 10
100 8 48 9 32 1 26 3 7 8 58 3 90 2 49 1 29 6 34 0 18 9 39 7 99 6 36 4 40 6 88 5 98 1 26 0 14 1 9 5 42 1 84 5 57 9 85 7 32 8 7 5 7 8 85 6 77 7 91 0 41 8 99 8 55 0 51 8 5 9 16 5 75 7 2 6 69 0 9 7 72 6 48 5 63 3 65 1 81 8 88 5 24 7 8 1 91 6 22 9 19 9 73 1 40 3 46 2 17 9 21 4 25 6 58 3 100 2 38 3 19 1 53 9 99 6 10 1 81 9 95 7 49 0 20 6 29 3 63 8 45 1 6 6 15 9 31 8 43 5 18 2 37 8 3 7 94 6 13 1 7 9 38 7 71 3 25 7 62 5 18 4 72 9 66 9 90 7 2 3 87 9 72 4 15 4 2 9 58 7 23 8 30 2 80 7 31 8 13 6 69 
100 5 32 7 35 0 9 6 53 4 70 9 74 0 72 3 70 4 64 9 69 5 62 0 73 9 50 9 71 5 46 3 21 7 59 9 62 4 77 7 12 4 22 6 75 4 39 5 2 7 64 0 65 5 3 2 30 1 63 4 53 6 66 4 58 5 33 7 86 2 37 4 17 4 59 4 97 2 34 8 82 0 38 7 48 6 15 4 10 8 2 4 68 8 17 9 100 1 68 9 14 9 35 1 62 0 27 3 62 2 32 5 99 6 58 6 64 5 58 6 41 6 57 1 27 8 88 8 8 7 90 5 55 1 91 6 69 0 21 1 30 7 15 7 44 9 49 6 17 5 79 9 78 9 88 3 52 7 69 2 83 4 11 3 27 1 68 1 82 5 17 5 46 2 24 8 56 8 53 4 58 0 12 5 34 3 36 5 70 8 53 4 71 8 60 5 81 0 15 6 93 
100 0 74 3 57 2 66 3 100 8 93 7 78 1 84 5 2 8 31 4 26 5 70 2 73 1 91 7 82 5 88 4 9 3 39 0 38 3 96 6 68 3 22 3 66 9 36 0 67 7 62 0 34 1 13 7 33 5 10 4 84 1 47 3 51 0 67 8 78 3 22 6 28 3 29 9 26 4 49 9 2 1 29 5 9 2 74 9 46 4 80 9 33 8 53 8 10 7 22 3 5 0 77 0 37 9 64 7 93 3 33 0 16 6 49 8 46 8 69 4 21 8 30 9 56 2 91 4 87 1 72 1 70 3 82 1 35 6 16 5 95 5 69 2 75 4 32 2 51 9 5 0 55 3 4 5 99 9 67 5 61 7 5 2 58 8 92 7 13 4 78 7 35 3 46 3 84 7 71 4 26 0 25 6 9 8 100 2 61 5 25 8 18 1 44 1 98 4 83 1 57 
100 0 22 7 27 8 12 7 76 7 23 0 12 3 68 4 64 2 2 8 8 6 49 9 56 2 50 3 80 4 9 6 88 6 77 7 38 8 49 5 55 5 54 0 24 5 9 6 51 1 16 8 69 6 40 2 22 9 76 4 4 8 24 9 41 1 11 9 24 5 2 3 75 6 47 3 84 9 61 9 32 8 31 2 55 9 91 5 6 1 80 6 34 9 54 8 6 7 42 7 72 0 37 8 23 2 86 1 42 1 76 9 28 9 77 3 42 0 65 5 82 2 2 9 95 9 48 1 50 8 9 1 83 7 32 4 40 9 60 0 41 5 35 7 10 2 95 8 47 3 86 9 38 4 79 9 22 1 90 2 8 5 67 5 39 6 4 1 93 4 11 2 74 6 6 5 97 1 3 5 35 3 73 4 26 9 24 3 79 8 95 2 85 2 54 7 99 6 87 2 95 
100 6 49 5 7 9 96 9 7 8 28 2 41 5 2 9 18 7 93 0 51 9 70 1 67 8 39 9 48 8 68 2 66 1 72 4 61 6 13 7 84 0 57 1 24 9 22 1 33 2 84 5 11 9 30 4 89 4 50 9 30 6 66 8 14 0 22 4 80 4 57 8 28 5 20 5 57 3 83 6 83 4 73 2 3 0 18 5 14 5 21 7 4 2 44 7 83 0 91 6 29 9 21 0 47 3 69 7 38 4 37 9 10 7 55 2 9 5 35 8 90 2 11 5 63 4 69 6 77 2 46 9 17 8 58 8 92 5 84 5 87 1 63 8 24 8 56 1 61 3 66 0 48 9 29 1 10 4 21 1 86 0 15 1 75 9 63 3 31 6 81 5 79 5 19 8 84 2 41 6 5 6 17 6 88 9 75 6 46 7 3 3 41 6 91 0 83 4 75 9 56 
100 7 19 6 78 0 89 1 75 0 79 0 61 5 34 3 30 1 29 3 65 5 60 3 92 2 86 1 72 7 77 3 85 9 45 2 64 6 5 3 52 0 42 6 66 0 41 9 17 9 35 3 76 4 88 1 17 8 54 2 76 7 17 9 32 1 59 4 57 5 25 2 45 9 85 6 11 4 62 3 55 4 10 4 72 8 35 3 29 7 33 2 62 5 39 5 3 6 39 4 25 9 29 6 36 7 67 8 18 7 37 7 19 1 79 4 70 9 25 1 97 3 87 7 56 0 73 7 10 5 88 0 96 1 60 2 13 8 60 1 10 6 69 3 96 4 60 3 61 8 29 3 54 4 82 6 12 6 46 2 99 3 64 0 35 8 29 7 26 8 91 3 7 8 91 0 32 8 23 4 83 0 23 7 26 3 94 5 49 5 17 7 5 0 55 9 59 6 2 8 56 
100 0 29 9 54 2 68 2 18 3 91 3 24 0 80 2 13 2 7 8 42 5 63 0 40 6 11 7 81 8 86 6 58 2 71 3 35 0 71 6 73 7 75 7 77 3 37 4 9 5 8 3 42 2 20 4 45 6 11 9 14 9 46 7 18 0 22 9 68 8 45 8 87 5 82 1 98 5 41 7 61 1 83 8 82 0 69 7 55 9 80 4 40 3 8 9 78 8 48 9 70 0 17 8 88 0 12 9 66 3 65 6 9 3 45 2 2 0 4 9 42 4 19 4 69 1 22 4 25 7 31 1 31 8 90 2 34 1 15 5 35 6 17 4 89 5 15 9 56 1 20 3 20 6 47 3 52 7 27 8 51 0 5 7 45 6 77 8 76 5 6 3 21 8 77 4 2 0 68 5 55 2 2 9 61 0 58 3 34 5 32 7 43 1 43 5 77 8 14 0 86 
100 0 27 3 1 5 31 9 24 5 4 5 76 7 12 1 66 5 69 0 85 9 61 1 40 2 73 2 84 7 23 6 38 2 57 7 43 4 20 4 35 7 79 7 62 6 70 4 85 6 99 6 61 8 50 8 34 4 85 9 5 1 62 8 42 9 98 9 96 1 70 3 12 7 59 6 34 0 84 4 83 9 30 8 95 8 43 3 100 6 49 5 36 7 44 8 92 6 74 7 14 8 34 2 30 2 99 7 1 4 50 4 89 0 81 4 41 5 57 8 19 6 18 7 67 3 44 8 52 3 29 0 64 5 56 1 54 5 18 2 10 9 83 0 16 2 68 9 19 1 19 6 82 7 79 2 7 4 3 1 67 3 80 5 94 8 52 7 88 7 7 0 4 8 46 1 70 7 67 3 35 8 30 1 86 1 62 3 49 0 96 8 86 5 72 0 87 4 70 0 53 
100 0 90 9 37 0 66 0 24 0 40 7 35 6 25 5 12 0 60 7 60 3 61 3 9 8 87 5 69 4 87 3 85 3 82 7 22 8 10 7 30 7 61 3 6 5 78 3 32 2 18 8 44 0 29 0 37 4 88 7 23 4 82 2 74 3 63 6 24 7 55 1 68 7 34 9 60 7 98 0 66 8 84 5 65 3 71 9 74 8 40 6 12 0 36 1 9 0 53 8 28 9 7 7 6 2 18 5 6 4 63 7 29 5 4 0 84 0 30 9 93 4 3 4 47 0 55 3 95 3 43 0 9 1 21 8 77 6 64 1 98 0 15 8 29 3 50 5 10 4 58 6 78 4 45 8 7 6 61 3 23 4 29 0 43 0 82 1 10 1 14 0 98 3 10 0 5 7 97 7 57 3 83 1 25 1 97 9 66 2 51 9 16 6 95 0 69 5 59 4 65 
100 3 52 5 67 2 38 2 76 0 65 3 11 6 19 2 95 6 60 4 34 2 67 5 13 9 68 5 19 8 2 7 45 3 11 0 73 8 25 5 60 1 36 3 74 1 50 1 41 4 100 9 89 4 97 8 53 2 68 9 90 5 55 7 44 0 35 9 44 6 18 4 82 8 33 8 8 3 72 8 91 2 56 2 45 5 47 7 63 4 6 7 32 5 18 6 70 4 86 3 55 9 64 0 94 5 100 5 82 5 96 6 73 3 68 5 38 4 3 9 87 5 67 8 60 7 10 1 38 4 95 0 25 0 16 3 26 8 36 7 35 9 5 3 96 3 36 2 46 1 3 0 29 5 81 9 27 5 85 3 87 1 14 3 3 1 63 6 51 7 60 8 48 2 3 5 69 9 90 0 32 2 56 4 42 4 41 0 24 2 43 7 62 8 36 8 51 7 8 0 17 
