10 10
100 5 46 9 62 7 91 7 45 1 10 3 81 5 17 0 49 0 8 3 21 5 60 6 95 4 30 5 13 4 85 5 42 6 98 4 3 8 37 9 18 8 27 8 45 9 72 1 51 6 91 7 82 5 89 1 91 3 59 5 100 7 22 5 20 7 82 9 65 9 18 6 80 6 50 2 50 8 93 0 19 3 44 6 22 6 77 7 84 5 40 9 64 8 83 4 45 0 13 4 12 9 15 6 32 9 29 7 88 4 63 1 49 5 47 9 31 8 47 4 33 1 14 3 21 5 77 9 84 4 13 4 28 7 75 6 5 4 21 8 28 9 98 3 95 4 36 0 79 1 3 9 27 8 7 9 6 6 75 8 25 5 35 6 10 5 38 1 86 0 22 6 16 6 57 0 48 0 91 9 96 3 31 3 98 6 5 6 2 9 30 9 62 1 29 3 95 1 48 7 18 
100 7 81 5 12 3 77 3 23 4 100 8 80 6 23 9 10 2 65 6 15 4 31 3 82 4 37 8 60 5 39 1 41 9 69 3 96 0 63 9 50 7 99 6 54 7 54 3 47 1 71 5 90 0 6 2 31 3 23 5 50 4 47 8 5 3 55 2 39 6 22 4 10 0 43 1 63 9 91 5 63 7 35 0 21 0 99 8 42 1 52 4 92 1 79 2 34 8 52 1 65 1 31 0 42 5 65 5 79 8 33 7 40 2 5 7 37 4 98 5 88 8 16 0 77 8 67 2 24 5 90 5 100 0 90 4 84 8 28 6 28 0 38 5 65 6 76 1 80 1 61 9 27 6 20 0 29 5 49 0 43 9 12 3 21 5 56 5 81 1 39 1 65 3 15 7 83 6 99 6 66 8 49 5 94 7 22 6 21 7 14 3 41 0 11 1 3 9 31 6 71 
100 6 58 7 48 0 24 4 96 5 63 6 72 5 54 0 6 6 1 6 10 6 39 1 83 1 27 0 80 0 60 5 46 7 27 2 79 4 60 0 66 0 15 8 57 9 34 4 18 3 72 5 65 1 83 0 77 6 30 1 90 2 33 3 62 8 72 2 43 9 28 4 38 5 19 4 47 4 18 5 60 4 33 4 3 7 61 2 36 4 79 2 30 7 15 4 87 7 33 1 71 3 9 3 97 6 80 1 61 2 1 4 46 5 86 5 56 2 75 3 19 7 89 6 52 6 46 3 96 2 29 3 89 2 45 0 6 4 64 0 7 1 26 3 24 5 82 6 95 5 87 7 33 9 17 9 41 5 57 1 78 3 48 6 65 1 30 2 97 4 46 5 52 4 41 4 29 3 57 3 6 5 32 2 36 1 85 9 94 7 15 1 23 7 73 1 91 4 57 4 15 
100 5 22 6 69 7 45 7 86 3 55 3 71 0 90 2 67 4 92 9 52 2 52 3 65 5 37 5 65 6 40 3 58 7 44 5 21 1 87 5 46 8 4 5 16 9 13 6 29 3 64 4 44 8 8 9 88 2 20 7 77 7 48 7 46 6 8 9 94 1 86 3 48 7 6 4 71 1 14 5 100 2 84 5 37 6 94 5 18 2 92 5 26 1 42 7 20 2 19 3 92 2 23 2 67 6 91 9 40 5 87 7 69 7 69 1 41 3 25 9 60 2 99 2 76 4 8 3 5 6 36 2 90 9 84 0 5 4 56 2 87 7 67 9 95 1 23 5 8 6 19 5 68 2 50 5 86 3 72 6 11 5 3 5 2 2 29 4 28 0 63 0 44 0 35 9 5 8 35 3 60 3 84 3 14 2 34 0 10 9 8 7 97 5 44 6 42 2 21 9 43 
100 0 10 4 19 6 69 7 13 8 31 8 29 2 29 6 17 6 91 2 2 0 26 1 50 4 58 0 18 5 53 2 32 9 57 8 1 5 76 6 49 5 6 2 46 0 47 9 42 0 58 7 51 0 70 6 45 6 100 4 76 0 68 6 1 3 45 7 21 4 36 8 100 1 32 5 80 2 42 0 58 4 94 9 75 6 23 4 44 2 97 3 36 7 25 1 86 2 10 1 64 0 38 8 72 1 88 9 60 9 22 0 24 5 22 8 50 6 28 5 1 2 33 9 90 1 51 3 24 7 8 2 45 5 44 6 62 5 14 7 77 9 58 4 14 2 19 2 33 6 100 5 2 6 10 8 16 0 40 6 85 4 81 5 72 7 69 6 17 6 51 8 14 7 82 5 65 5 16 5 22 4 88 3 2 1 74 9 73 4 55 0 18 8 46 3 99 0 96 3 25 
100 9 96 1 92 2 60 7 62 2 52 3 59 9 67 0 71 1 55 9 41 0 64 6 61 6 12 5 55 3 78 3 76 7 18 1 49 0 45 1 21 9 1 2 77 1 56 6 5 2 20 1 5 7 28 4 38 1 94 8 51 3 48 7 99 5 56 5 35 5 39 0 29 0 89 6 51 4 29 0 27 1 95 7 53 9 79 4 53 2 64 9 3 4 88 1 41 8 2 5 10 4 12 1 79 8 71 8 1 0 95 4 2 1 78 2 61 1 19 6 1 0 29 9 4 4 98 9 14 3 13 7 30 3 61 5 32 3 37 1 84 7 86 7 31 0 66 0 56 1 29 6 35 6 26 3 41 1 4 9 90 0 60 9 46 4 10 8 26 1 59 9 3 1 25 9 24 1 23 2 77 2 68 7 96 4 1 6 16 6 58 8 38 9 20 3 45 5 65 0 9 
100 9 61 9 65 4 55 8 53 7 49 3 47 5 18 3 89 7 84 4 93 8 27 9 2 0 31 5 9 2 97 7 67 9 40 3 40 6 71 8 81 9 7 0 39 7 35 5 78 3 57 7 59 8 29 3 4 4 45 5 36 1 80 5 86 3 7 7 86 4 91 0 73 7 57 3 97 4 30 0 4 7 21 5 16 0 68 7 88 7 18 9 30 3 98 6 2 0 97 5 74 4 15 1 9 3 76 4 82 9 10 0 84 2 34 1 33 3 94 2 78 8 3 2 89 1 99 2 24 1 84 2 56 7 84 4 96 2 7 3 78 0 62 3 92 7 49 2 52 5 89 2 23 0 19 3 90 2 95 2 5 9 45 4 43 9 75 2 15 0 67 0 89 2 62 1 54 3 88 8 77 1 58 1 99 2 37 8 96 8 54 1 47 5 54 2 96 5 84 2 45 
100 6 23 1 5 2 47 0 79 6 59 4 23 8 59 8 1 8 15 6 9 4 2 2 24 6 26 5 42 0 29 6 75 9 88 9 68 3 14 5 75 7 74 8 79 7 18 3 47 7 64 2 19 6 45 8 21 6 36 1 32 7 3 6 30 6 46 4 13 6 70 3 83 3 65 2 17 2 32 6 9 4 2 3 34 4 13 5 67 3 45 5 17 4 27 6 96 8 43 4 68 8 77 9 65 0 45 2 8 9 74 5 3 7 87 3 50 4 89 0 60 6 15 4 15 2 55 4 6 6 3 6 53 7 43 5 18 4 77 0 100 8 84 9 39 4 22 6 5 1 78 3 43 7 61 7 44 4 16 0 21 5 16 5 1 9 77 2 73 2 43 0 14 2 90 6 82 3 28 0 82 2 83 4 72 3 60 0 1 4 88 9 77 2 56 7 37 4 91 6 69 
100 2 9 5 8 2 16 7 45 8 58 2 31 6 59 8 38 0 12 6 33 5 32 1 30 2 9 0 62 2 76 3 46 2 70 0 60 1 70 5 56 2 92 3 76 9 56 1 4 2 40 2 89 5 18 1 3 0 98 0 7 1 87 4 45 8 30 1 17 8 17 3 99 3 28 9 21 6 63 2 21 8 49 9 10 3 96 2 1 8 78 8 56 3 41 1 2 4 10 1 32 5 31 7 7 4 14 4 55 5 76 9 71 9 33 4 28 0 86 5 19 8 72 7 39 3 45 9 7 9 88 3 67 4 61 6 20 5 91 9 79 3 72 6 43 5 28 6 44 9 82 2 6 5 89 8 65 6 79 5 82 6 17 9 38 1 43 6 31 4 81 1 26 7 10 3 1 1 43 4 93 8 83 8 36 9 89 1 4 9 86 0 82 9 66 2 57 9 98 1 9 
100 9 24 0 60 3 54 2 91 3 62 6 42 6 37 6 99 1 72 0 59 3 87 8 9 8 35 2 27 8 54 1 59 3 22 3 54 4 48 4 77 1 70 8 85 5 18 0 2 9 79 4 88 5 23 5 51 2 34 6 10 8 14 2 36 1 37 1 4 5 93 0 87 0 46 0 5 5 94 5 51 3 57 3 69 5 79 6 30 4 96 4 6 8 44 2 57 9 50 5 60 4 99 9 44 1 8 6 72 0 86 5 65 2 72 1 93 9 44 0 96 5 76 3 89 8 98 0 93 1 62 8 74 8 21 9 43 4 81 1 28 3 23 6 35 3 23 0 60 0 60 6 92 0 57 5 58 5 72 7 84 4 77 6 9 1 5 0 86 2 45 5 57 4 45 9 12 8 98 8 48 5 58 1 27 1 46 7 69 3 21 9 59 2 58 7 1 8 30 2 34 
