10 10
100 6 33 5 32 6 53 2 100 8 11 2 8 9 39 3 89 2 61 0 25 2 37 4 90 4 24 9 84 0 67 7 80 0 19 2 60 1 77 7 2 7 89 4 37 1 1 8 26 1 66 1 75 2 21 6 63 4 55 0 78 0 8 2 65 9 63 4 14 0 100 3 13 3 10 1 9 8 73 4 83 2 26 7 15 2 99 2 41 2 3 3 29 2 71 5 69 4 28 3 34 0 63 1 85 1 91 3 50 6 13 6 97 9 55 0 56 7 73 6 23 7 3 1 50 0 85 5 91 7 80 8 53 9 21 8 87 8 70 7 11 4 15 5 60 1 81 0 29 1 96 7 69 7 95 3 26 0 99 8 70 5 11 9 72 9 9 4 17 5 10 3 65 5 29 9 9 4 92 1 83 4 25 7 97 8 95 6 3 5 22 8 32 7 12 4 64 2 20 9 99 
100 3 75 8 23 3 61 6 63 1 64 9 62 8 9 2 73 4 29 6 50 2 46 5 26 0 8 5 83 0 93 3 19 5 93 0 19 6 27 5 5 0 4 5 55 5 85 6 70 1 65 5 59 2 81 5 52 5 18 6 15 5 76 1 35 7 72 9 33 5 90 2 100 3 28 5 71 7 16 2 96 6 88 6 3 1 91 6 94 2 46 0 34 7 26 0 91 3 81 6 86 4 100 3 78 0 62 1 11 1 1 9 79 8 52 5 96 9 33 1 85 8 16 3 20 8 45 5 84 7 23 5 91 3 86 4 97 7 79 7 1 5 22 7 6 7 62 8 94 3 48 1 32 3 50 3 73 4 67 0 89 8 73 8 11 4 71 8 55 7 86 1 7 4 73 5 67 9 85 4 86 0 49 9 82 0 29 6 75 1 90 3 49 6 61 9 39 3 89 9 87 
100 8 90 9 10 6 84 7 83 0 19 7 52 3 64 4 53 4 76 9 56 9 95 9 95 2 21 8 7 6 92 4 26 4 31 8 54 7 91 1 24 5 19 1 82 4 24 2 23 0 2 5 57 3 97 9 99 8 80 1 81 1 98 9 39 6 75 7 32 8 39 2 35 5 99 1 15 9 4 5 38 8 63 3 54 1 24 2 36 0 73 8 42 2 82 0 42 5 62 9 35 0 85 4 99 9 13 8 94 3 32 1 66 6 93 1 19 2 92 8 80 6 56 2 60 4 56 3 8 5 42 2 18 2 34 9 22 6 2 1 90 3 90 1 40 7 10 6 61 2 77 7 83 1 22 2 66 1 18 8 25 6 31 3 58 9 99 4 95 2 35 9 57 7 21 1 56 5 53 1 68 0 8 5 11 7 57 3 82 8 77 6 33 3 38 9 31 6 3 5 85 
100 5 7 6 67 1 1 0 69 2 55 0 10 6 37 1 81 2 53 8 81 3 53 8 41 3 53 4 66 9 46 9 53 5 92 5 21 0 100 4 82 5 27 3 10 3 81 1 63 3 65 3 29 5 59 6 79 4 80 7 26 8 36 5 66 8 22 6 64 4 20 7 64 5 35 0 95 0 55 6 100 6 88 3 78 3 34 4 98 4 93 8 24 3 22 8 76 8 28 7 3 7 29 6 34 4 18 5 17 0 44 8 53 3 89 8 34 2 57 8 75 0 48 4 80 7 32 6 66 2 33 5 77 4 52 3 62 6 63 6 49 3 3 2 12 2 66 7 52 2 39 7 18 6 63 7 39 1 39 0 63 5 46 5 16 4 20 1 7 3 90 0 61 0 60 0 31 2 41 3 60 1 5 8 60 0 31 8 3 1 57 3 46 0 36 5 76 2 6 8 82 
100 5 98 2 26 8 99 2 98 5 69 9 9 7 7 9 7 6 77 9 11 9 99 2 8 1 25 6 43 3 88 4 35 9 71 5 79 1 22 0 99 7 36 0 64 6 57 9 15 9 73 4 62 2 21 9 77 1 87 4 42 3 89 1 17 9 23 8 66 0 99 8 96 8 84 1 40 2 40 5 100 8 29 8 73 5 33 1 8 2 54 5 47 5 39 9 82 9 30 7 75 5 88 1 32 0 82 4 75 7 76 2 79 6 51 9 11 2 63 7 78 1 91 8 25 0 88 6 36 1 100 3 61 8 73 8 67 0 73 8 40 7 83 3 88 9 29 3 9 5 83 2 23 9 1 9 29 0 64 6 94 4 81 7 76 4 63 8 53 7 66 3 55 0 90 6 38 2 79 0 3 5 49 6 90 9 93 6 65 6 100 8 65 5 37 5 56 3 86 7 44 
100 1 31 7 91 8 17 7 13 4 72 8 36 8 95 1 26 9 36 1 24 8 19 5 7 7 89 2 92 8 5 9 26 8 42 8 45 3 36 0 19 6 75 4 55 2 98 4 23 2 83 0 23 9 87 4 10 7 59 3 55 9 66 8 20 9 91 6 83 0 85 1 81 4 83 4 39 1 6 6 42 7 50 0 22 2 30 1 89 1 76 9 98 6 31 9 41 4 69 3 98 2 61 3 18 6 81 2 65 6 33 3 42 4 90 2 63 2 68 8 51 4 98 5 81 0 87 2 28 8 64 2 66 6 97 8 81 4 24 5 90 3 38 4 84 6 22 0 43 8 91 8 79 5 22 0 93 6 78 9 48 3 89 4 1 6 4 9 36 0 53 6 46 9 65 8 44 3 36 2 87 6 8 2 4 6 83 9 85 7 81 1 29 3 6 5 14 1 94 2 6 
100 5 80 6 49 8 73 5 25 5 10 8 54 3 42 7 62 7 21 4 7 3 40 0 24 0 71 1 96 9 70 9 15 1 42 8 15 7 52 0 46 9 42 8 2 8 14 0 43 7 57 4 37 6 59 9 41 7 10 9 63 6 47 0 91 8 5 6 43 7 78 7 4 3 71 0 31 6 49 4 93 8 72 6 15 8 66 1 23 5 56 0 70 3 71 0 51 3 91 4 17 7 60 1 11 9 31 6 60 9 85 8 78 0 29 6 49 1 94 4 70 7 31 1 18 6 98 2 97 0 20 0 74 8 73 3 94 1 98 0 67 5 41 5 53 6 97 4 77 4 57 6 42 9 90 1 26 0 81 8 56 9 2 6 75 3 16 7 13 0 66 6 64 4 95 9 20 4 74 4 87 9 71 1 25 7 83 8 73 3 79 3 77 8 26 9 33 1 17 6 20 
100 9 41 2 19 7 81 4 58 2 93 6 31 6 70 7 2 3 48 0 82 5 96 6 92 1 51 8 95 3 58 8 26 4 77 9 59 6 46 8 61 0 44 4 31 6 84 0 77 2 91 2 37 9 67 1 71 2 5 7 65 3 100 9 54 3 31 8 73 8 34 0 91 8 64 9 55 6 68 4 96 1 29 2 94 1 11 3 3 9 17 5 37 8 1 3 42 4 18 9 80 7 75 6 81 5 40 0 80 9 54 1 86 6 54 6 59 7 62 4 81 7 54 1 64 9 30 4 24 1 82 3 100 2 71 1 92 0 92 0 51 0 32 7 29 0 26 2 48 1 23 2 42 2 92 7 84 1 51 9 90 9 35 5 1 8 69 4 86 0 61 8 82 1 46 8 10 2 7 4 87 3 36 3 45 5 13 8 50 9 11 9 6 2 67 6 47 7 38 6 64 
100 3 25 9 44 0 81 9 52 0 34 7 13 7 69 6 97 4 68 9 92 0 56 1 92 1 47 9 74 6 31 2 19 7 94 5 71 1 57 1 62 2 11 8 90 1 21 4 65 0 26 2 38 5 14 7 17 2 35 9 82 4 40 4 3 1 72 2 28 5 14 6 35 6 60 7 70 8 64 4 57 6 93 9 78 0 42 4 9 5 54 5 25 7 91 0 67 1 12 8 30 0 90 9 40 1 89 6 67 1 25 2 65 0 22 2 39 6 30 0 90 8 51 2 16 3 5 9 46 1 54 8 54 2 24 2 61 2 1 6 84 5 7 0 52 1 16 2 5 8 42 9 23 2 20 8 37 6 89 5 47 3 14 9 9 2 42 0 9 7 79 5 48 5 37 0 20 7 61 9 76 3 4 6 8 3 99 9 7 1 46 0 28 9 20 6 82 8 25 0 21 
100 2 1 7 46 3 24 4 53 9 54 2 11 6 51 6 87 1 26 1 85 8 76 4 98 9 72 2 63 0 77 1 57 9 48 8 59 0 11 6 89 5 5 7 78 8 99 0 13 8 12 7 14 3 98 7 32 1 42 1 69 3 43 5 80 7 95 4 3 5 64 1 41 9 30 7 50 2 19 5 46 1 75 0 71 7 8 4 16 0 52 5 5 3 63 7 84 9 93 6 12 8 47 3 100 7 83 3 47 7 41 4 50 3 60 8 75 7 81 6 67 5 72 0 4 0 60 4 95 9 33 0 82 5 73 6 90 1 56 3 81 0 95 6 59 5 52 7 98 5 34 0 58 0 43 5 61 1 91 6 87 5 58 2 13 0 28 8 81 5 70 1 96 4 27 4 62 4 23 5 38 3 11 2 25 3 14 5 43 7 19 6 19 2 19 1 96 4 61 4 79 
