10 10
100 7 61 1 58 2 62 3 20 9 87 7 60 4 58 2 46 0 57 5 41 8 46 5 13 7 37 5 11 0 3 0 3 8 45 1 11 2 6 2 82 3 16 0 5 2 65 7 62 7 8 5 25 6 63 0 53 2 57 5 88 3 75 8 48 4 83 7 48 9 49 0 2 6 61 0 47 6 39 3 64 7 4 0 73 0 90 8 55 3 38 8 10 6 6 8 92 3 3 5 85 4 49 4 84 1 21 3 89 6 14 0 40 5 92 8 51 8 16 3 39 6 24 4 99 3 86 6 91 1 47 3 22 2 30 6 44 9 95 1 39 4 13 0 100 0 10 7 47 9 32 8 15 5 23 4 33 2 49 5 33 0 31 6 18 0 71 8 75 3 5 8 36 8 32 8 23 4 90 1 2 6 44 3 36 3 13 8 80 2 29 4 78 6 55 3 70 1 48 7 70 
100 2 4 3 83 9 6 7 85 6 71 0 38 3 59 6 20 3 3 4 93 0 66 8 35 6 49 0 40 7 17 1 50 7 53 0 27 7 45 6 92 1 5 5 26 0 25 8 29 7 9 2 89 6 59 2 74 7 71 4 40 7 41 8 17 8 36 6 88 6 36 5 82 6 2 8 20 1 8 9 65 1 76 0 56 1 75 6 82 1 88 0 76 5 92 0 94 5 22 0 45 3 74 8 41 4 52 9 1 0 34 4 79 8 76 7 32 6 9 2 15 5 97 2 24 2 89 3 18 3 3 5 87 8 82 3 18 6 55 2 79 5 27 8 61 8 74 2 71 0 59 6 61 8 39 3 39 8 20 4 20 8 89 5 49 7 31 9 35 3 58 4 95 1 7 1 51 4 43 6 39 9 4 0 36 0 13 1 54 6 94 8 91 1 53 9 30 8 19 6 57 
100 1 61 2 12 9 52 8 95 9 26 8 1 8 20 5 71 2 55 5 59 3 86 1 42 7 49 9 52 0 100 4 80 3 69 3 63 7 17 5 70 8 51 9 84 5 52 7 90 8 31 7 40 6 78 2 41 6 30 1 77 9 2 2 65 5 40 2 45 7 32 0 94 5 62 1 6 4 35 3 81 6 42 3 57 5 21 2 56 7 85 2 98 1 4 1 29 3 48 9 36 4 83 0 67 5 61 9 98 5 98 4 100 5 46 9 73 2 45 9 10 9 45 5 92 0 100 4 83 1 74 4 12 4 73 4 66 9 80 3 9 6 16 1 43 8 95 3 2 7 60 8 42 4 31 2 64 1 14 7 16 7 75 9 46 3 26 8 55 6 45 7 9 6 62 7 76 8 9 7 98 1 30 8 88 8 87 6 70 3 44 0 86 5 26 1 62 9 21 4 93 
100 7 5 3 85 0 74 0 99 2 92 4 32 0 5 1 27 9 39 3 63 4 21 2 82 3 57 1 43 9 86 5 37 4 82 8 58 0 51 1 26 6 66 0 35 0 24 1 95 8 52 1 84 9 24 7 48 2 73 8 45 9 86 4 66 1 92 8 80 2 79 0 13 6 7 3 56 6 5 5 33 9 90 5 99 4 4 5 15 7 17 3 25 2 95 4 99 6 67 0 64 6 76 8 32 2 40 5 69 6 78 9 35 1 44 0 33 6 58 9 90 3 22 6 57 7 82 7 38 6 42 3 68 1 92 1 17 4 59 8 75 7 75 6 74 4 3 8 14 1 4 3 37 4 3 6 72 3 98 8 79 8 85 7 59 0 79 6 24 6 97 2 44 6 9 9 64 1 28 8 9 6 40 4 11 0 85 2 96 1 43 5 81 1 82 3 3 0 30 4 10 
100 1 3 2 23 5 99 1 100 1 99 4 51 4 97 2 27 5 89 5 82 8 12 6 38 3 33 3 8 3 31 3 17 2 62 3 21 8 21 4 22 5 33 8 77 6 26 2 11 7 100 4 70 8 98 2 51 7 97 9 52 6 45 4 38 7 57 0 74 5 84 3 86 8 28 4 68 4 2 8 4 5 97 3 69 7 63 6 84 9 32 8 78 2 83 9 31 9 1 5 26 2 58 9 39 8 2 7 45 0 52 8 15 2 10 8 63 9 58 7 90 3 70 6 25 8 4 1 96 7 53 1 20 4 58 5 65 2 30 8 73 1 42 9 7 0 85 9 83 7 86 2 37 9 94 9 35 7 35 6 94 5 59 7 19 3 21 8 58 5 42 2 97 6 48 6 69 9 9 3 41 4 68 9 42 1 46 9 76 1 100 4 96 6 90 3 38 0 83 2 63 
100 7 9 6 3 9 62 9 41 4 10 3 60 1 14 1 32 1 93 4 16 4 39 2 92 2 26 1 54 2 34 1 2 8 100 2 26 8 41 3 87 9 6 7 94 8 28 8 84 4 41 0 64 4 91 7 64 1 36 3 42 0 100 8 32 4 33 7 13 5 66 4 7 3 32 7 65 9 4 7 68 2 10 9 60 4 37 8 70 2 59 3 24 9 23 6 94 7 78 0 78 6 24 5 54 8 88 4 99 6 65 3 61 1 5 1 83 9 22 4 67 4 18 3 1 6 8 5 19 8 3 4 71 7 5 8 99 3 83 4 56 6 71 8 41 8 42 8 67 2 90 8 18 8 26 0 52 5 98 4 60 3 3 2 43 7 71 4 77 4 98 7 71 5 34 3 95 1 31 0 97 3 82 9 53 1 10 3 18 7 63 9 26 9 97 7 43 8 13 2 98 
100 4 99 2 66 2 67 1 43 7 90 7 10 6 25 1 16 6 57 7 30 8 46 2 17 5 48 5 9 1 100 9 33 9 13 8 93 8 58 9 95 7 88 8 98 0 56 0 79 5 12 3 91 9 72 6 83 1 97 8 87 5 68 7 33 1 52 5 29 9 50 1 15 2 54 0 55 0 98 3 88 3 75 9 12 7 61 9 73 5 16 5 32 6 24 0 30 3 45 7 95 1 84 9 25 8 68 5 45 5 50 5 9 9 66 7 16 0 41 2 48 4 56 6 11 6 98 4 39 6 42 8 16 9 21 0 48 8 86 4 70 8 97 0 76 2 19 3 39 9 97 0 87 9 97 2 19 0 54 7 62 9 46 6 35 2 91 8 51 1 91 5 65 2 47 5 53 0 53 3 38 8 79 3 12 8 86 8 62 6 36 2 76 8 9 9 76 9 6 5 34 
100 3 7 9 40 0 54 3 56 9 28 9 97 8 61 3 58 5 98 8 89 2 11 3 94 6 4 3 74 9 61 9 30 0 14 2 91 0 21 6 78 2 36 4 71 9 62 8 75 7 68 5 46 6 64 3 99 3 7 7 17 2 36 0 32 1 26 0 66 7 98 9 6 4 94 4 66 8 96 4 44 8 31 3 74 7 94 3 69 4 55 4 89 8 71 3 97 2 7 1 27 1 43 6 96 8 77 7 38 2 14 8 78 0 79 1 81 7 13 3 90 5 15 3 75 7 34 3 55 7 4 2 42 0 26 3 5 7 31 7 24 4 11 5 99 3 44 0 60 1 53 8 64 6 71 1 25 2 42 3 62 9 97 6 93 4 36 4 19 2 90 9 59 4 42 7 23 3 69 5 67 0 54 7 58 5 98 6 59 5 61 3 96 1 57 0 21 8 45 9 52 
100 5 38 7 100 6 77 4 7 4 75 9 47 6 51 5 45 3 92 4 32 6 82 0 24 2 47 7 43 8 35 2 8 4 82 3 30 4 6 7 3 5 67 9 15 8 7 5 85 0 78 7 98 1 39 2 82 8 71 7 47 2 5 0 9 1 28 8 28 6 1 9 28 2 3 8 31 0 14 5 19 0 63 7 80 9 14 6 69 3 13 7 72 3 93 9 60 0 1 0 12 2 83 9 57 7 2 3 92 9 64 1 39 3 6 7 31 2 9 1 18 1 26 0 95 9 77 5 88 9 57 0 2 1 26 3 24 8 57 3 80 9 13 5 49 7 99 8 18 1 9 8 27 2 32 1 9 9 2 0 86 5 5 7 100 6 20 0 21 1 95 8 60 9 42 2 100 5 82 7 38 8 94 3 76 1 76 4 97 1 30 0 31 7 83 8 11 4 2 4 94 
100 3 68 3 2 9 62 6 21 6 49 7 96 0 87 5 16 5 73 2 63 3 36 6 8 3 51 8 64 3 81 1 23 7 55 2 4 2 5 6 12 0 30 1 3 7 16 4 73 3 13 3 70 7 23 0 49 8 94 4 63 1 67 4 62 2 1 6 36 2 10 0 65 9 89 7 85 5 95 9 4 9 11 6 46 1 54 8 64 2 85 3 3 6 2 1 49 8 13 9 4 6 20 3 99 8 54 5 15 1 27 7 77 4 85 2 7 1 32 6 53 3 7 6 73 2 75 3 88 7 51 2 67 8 37 7 22 1 41 8 22 9 51 4 41 2 37 9 93 4 30 5 63 7 62 6 1 3 60 5 61 6 71 3 16 2 51 3 87 2 33 4 92 5 26 0 62 3 46 8 34 4 18 0 60 6 67 8 89 3 35 9 50 4 5 4 35 6 14 8 7 
