10 10
100 8 38 2 92 5 52 3 96 5 31 7 29 9 2 9 16 8 5 1 38 5 51 9 32 7 66 2 9 9 92 8 73 4 59 3 85 5 62 3 74 8 42 6 54 3 47 7 92 4 43 3 82 5 15 5 76 1 91 2 85 7 46 3 29 7 38 3 11 4 12 6 26 1 75 7 60 6 100 5 57 4 26 1 12 1 41 1 52 3 22 9 25 1 6 3 57 7 85 9 68 3 49 9 8 8 9 8 97 0 37 9 70 2 33 2 5 5 7 1 94 1 17 4 80 1 96 0 29 6 43 4 95 4 86 2 9 2 72 6 2 5 12 5 9 8 43 5 67 6 67 9 28 1 100 3 54 8 35 5 16 3 91 1 30 3 54 9 38 8 75 5 8 4 66 6 48 7 43 6 97 7 79 7 80 4 9 0 74 2 20 2 45 2 77 4 6 8 29 8 21 
100 1 70 8 59 6 59 9 5 5 30 8 42 5 32 2 58 5 10 3 18 2 60 5 30 9 77 9 24 4 61 6 22 4 44 8 99 0 63 5 72 9 33 6 57 3 9 4 64 5 5 6 23 5 65 6 84 6 12 2 63 0 49 6 67 1 35 1 59 0 43 7 21 1 20 8 34 5 12 0 16 0 69 3 42 7 34 9 66 4 1 1 65 8 41 9 57 1 13 6 57 0 5 1 25 0 87 7 10 5 14 0 13 9 26 7 93 1 14 4 4 0 29 2 27 9 43 0 48 5 30 2 8 3 97 2 85 6 86 2 89 3 30 8 51 4 52 0 81 1 66 5 57 9 99 0 55 0 28 5 88 1 65 4 63 9 36 8 88 1 94 4 80 6 28 3 99 0 41 5 76 8 55 2 46 5 48 4 53 5 72 3 90 8 71 0 50 5 63 7 48 
100 5 50 3 48 8 71 4 68 3 34 8 81 3 61 9 1 8 7 4 95 7 80 6 11 0 56 1 2 9 29 1 79 6 95 0 3 7 8 0 78 7 32 9 40 6 95 8 19 8 1 4 79 1 32 2 93 1 87 1 18 7 12 2 12 9 15 8 87 7 13 0 16 3 43 8 49 9 16 1 99 6 4 9 19 7 20 8 33 3 35 3 10 6 7 5 67 3 44 3 1 6 19 7 77 1 70 5 8 5 60 0 67 4 23 9 14 5 67 5 36 0 23 4 32 4 16 6 20 0 49 0 49 8 60 0 86 7 35 3 31 4 45 9 92 4 28 7 10 4 73 7 13 8 92 4 13 8 29 3 48 6 70 6 66 3 42 3 15 3 15 0 65 3 27 1 78 2 88 5 64 3 4 6 41 0 94 6 41 9 76 0 60 9 4 8 81 2 89 4 61 
100 0 82 8 60 3 13 3 40 3 82 2 36 4 70 7 27 9 28 5 16 9 66 4 57 9 69 2 39 6 26 2 71 2 48 8 49 2 85 5 50 2 69 9 8 3 17 3 26 4 17 9 31 7 40 4 90 6 96 8 43 2 50 3 71 5 50 6 50 6 65 7 84 9 99 4 17 7 68 4 10 1 85 2 43 8 17 4 72 7 50 8 19 7 13 8 43 0 67 3 68 6 94 5 43 7 54 6 28 3 17 1 88 1 97 2 18 7 46 8 77 4 54 6 32 4 46 5 44 1 77 0 39 9 36 5 73 5 87 3 31 8 15 2 95 9 18 3 66 2 86 0 8 9 87 0 57 1 29 1 22 8 23 2 77 3 57 7 70 5 46 3 15 3 90 6 37 6 27 7 73 0 16 0 65 1 11 7 69 2 95 3 10 3 68 9 9 3 11 5 40 
100 4 2 1 82 3 62 2 82 1 82 6 64 1 64 0 52 7 91 7 57 5 13 6 86 2 88 6 11 2 18 1 22 2 13 1 70 5 83 3 81 2 87 9 75 9 66 0 77 9 62 7 38 4 88 0 90 7 98 4 64 4 15 5 58 2 22 0 32 7 55 9 95 7 69 3 27 6 43 1 52 4 31 2 20 3 63 4 30 7 61 9 64 7 69 8 50 8 69 2 92 6 12 4 54 6 81 4 99 1 39 0 63 5 37 5 4 1 76 7 13 2 63 9 46 8 76 4 24 4 4 7 3 5 35 8 10 4 48 8 77 4 37 0 17 5 16 9 47 9 2 5 74 7 97 1 83 2 35 5 12 2 78 9 51 8 28 9 73 9 81 1 91 8 18 1 37 6 41 7 77 5 61 5 67 6 7 8 62 7 29 6 10 9 75 3 63 6 51 3 41 
100 3 82 7 52 1 19 8 8 0 12 5 93 9 27 9 81 7 99 9 90 8 4 3 47 9 39 8 57 2 41 4 67 0 68 2 78 4 64 0 85 0 66 5 4 7 60 5 45 6 54 5 89 3 62 7 90 8 47 8 45 2 64 6 86 0 35 4 33 2 91 2 72 8 42 1 71 9 56 0 38 1 39 6 25 9 37 1 27 0 32 7 17 8 10 9 35 1 19 3 25 3 54 5 60 5 93 0 9 2 68 9 17 0 38 1 48 0 40 5 81 1 27 2 1 3 54 4 70 9 87 2 87 6 65 3 83 3 28 2 18 6 98 8 36 2 63 8 24 9 93 8 51 1 91 7 76 0 30 2 37 6 47 0 37 3 23 2 93 4 41 6 21 6 49 6 28 9 73 2 62 8 9 5 21 4 27 7 79 2 27 3 37 1 78 6 97 9 36 9 37 
100 0 23 4 28 5 30 1 4 4 47 4 93 2 67 9 94 5 31 1 17 7 9 8 55 4 98 3 36 2 42 0 54 8 65 7 45 7 100 9 59 9 47 8 80 4 97 3 26 8 78 5 59 9 20 0 59 1 85 8 79 6 57 6 28 9 79 2 86 2 55 3 28 1 21 0 26 2 73 4 4 0 25 0 5 9 27 0 96 4 83 5 17 7 50 9 16 1 99 7 16 7 37 2 1 5 3 9 22 2 64 9 22 8 54 6 73 3 39 0 23 3 93 0 94 6 78 1 1 1 72 9 57 2 38 6 34 3 17 8 28 0 44 8 93 6 38 6 1 2 44 6 59 6 69 7 70 0 18 6 86 3 99 3 31 0 23 0 51 2 26 2 89 0 81 5 97 1 76 1 91 3 69 8 48 0 72 9 94 2 71 9 23 3 32 2 53 3 74 2 50 
100 2 95 1 29 6 48 0 19 3 14 9 78 8 23 8 28 7 78 7 25 1 69 0 78 0 63 4 20 8 51 6 60 9 7 3 22 9 28 4 6 7 48 1 82 6 33 8 90 3 44 3 87 3 46 9 87 1 73 6 76 3 8 9 9 3 49 5 30 9 98 3 97 8 41 4 94 8 16 1 34 2 24 8 7 2 90 2 63 6 78 4 49 0 63 7 53 1 15 1 16 6 57 0 70 1 48 4 40 6 16 9 25 3 32 9 17 8 22 7 45 7 31 1 60 9 46 8 54 6 53 1 32 8 33 1 37 4 10 1 100 4 95 9 56 5 42 3 28 1 5 8 79 3 10 0 66 0 91 0 29 3 7 4 54 5 60 8 66 5 27 6 5 6 44 6 2 3 37 9 22 1 4 3 71 2 38 5 57 5 80 4 30 1 8 7 82 6 47 4 60 
100 8 77 9 2 6 50 3 71 3 86 1 8 3 76 1 8 2 70 4 95 5 11 7 50 5 83 4 12 6 23 8 3 7 60 5 18 6 53 0 40 9 48 4 17 0 86 9 28 0 9 1 63 6 98 4 32 8 2 7 39 8 75 3 89 5 34 6 50 4 99 9 47 3 32 0 94 3 50 6 83 8 41 9 39 9 96 1 11 7 82 1 90 5 18 6 72 3 75 0 37 4 89 1 92 0 82 3 63 1 33 3 67 3 45 3 94 7 50 7 32 4 31 6 11 2 93 0 32 5 98 5 14 4 83 5 63 2 37 0 39 2 25 9 91 6 64 2 17 7 61 6 68 9 86 4 43 1 13 9 89 7 24 6 28 2 57 3 49 1 45 6 96 5 33 7 17 8 28 4 83 8 50 5 4 0 50 6 30 6 12 6 46 0 54 4 20 0 85 4 31 
100 4 23 5 81 9 27 5 6 1 16 8 39 2 20 1 93 0 50 9 96 1 4 6 99 3 14 5 74 1 45 7 87 2 86 1 22 0 17 8 11 8 84 9 79 8 93 2 68 7 7 3 28 8 4 1 99 1 4 5 89 9 23 1 35 3 64 9 38 5 80 2 96 5 65 2 82 4 92 4 72 7 32 1 65 3 21 0 52 4 96 9 69 2 7 5 23 6 51 7 52 6 25 2 63 4 100 1 43 0 24 2 53 6 63 0 98 3 7 3 11 5 62 5 35 8 82 4 78 4 76 0 93 1 47 0 36 2 33 0 85 9 47 5 84 8 54 4 84 7 3 1 54 0 100 0 8 4 16 3 40 0 68 0 35 7 67 0 75 9 89 6 36 3 30 0 50 6 57 1 49 9 60 9 100 6 8 5 81 8 56 8 45 7 43 5 59 5 4 6 50 
