10 10
100 6 78 6 11 4 81 7 34 4 61 0 1 9 41 5 10 0 41 9 40 8 61 5 53 7 77 8 86 8 10 0 13 4 100 9 5 6 36 0 33 0 92 6 72 7 1 2 89 7 79 3 53 8 44 9 72 7 61 4 12 9 96 3 27 5 33 9 25 4 81 2 47 8 16 3 8 6 91 1 75 8 1 2 70 9 9 2 78 9 9 2 86 7 26 1 40 1 19 6 41 0 26 5 65 5 2 6 38 8 4 8 53 5 90 6 91 2 32 0 16 8 36 3 46 7 34 4 69 5 90 4 56 5 90 5 32 7 66 2 13 4 67 5 43 8 2 2 70 9 91 4 74 0 59 5 79 0 54 9 35 7 85 8 55 7 30 9 45 6 11 2 30 8 64 5 45 1 63 1 69 2 59 1 34 8 18 2 68 0 77 8 60 4 80 7 95 8 70 3 38 
100 1 90 4 94 9 40 8 98 2 74 4 62 1 1 7 58 2 84 6 91 8 100 9 14 4 94 6 47 5 21 7 10 7 43 6 52 4 64 4 22 2 35 4 16 6 32 7 83 8 61 8 75 8 6 3 20 9 67 8 17 7 56 9 79 6 97 0 65 0 77 1 9 2 86 0 34 3 98 2 52 9 45 0 54 5 8 1 21 1 35 5 91 6 68 5 67 0 9 1 17 4 35 6 21 8 16 2 16 5 37 2 71 1 99 5 8 0 56 7 70 2 7 6 92 5 47 2 62 9 30 3 94 3 27 1 76 7 71 3 30 6 22 6 68 4 57 6 88 1 88 8 1 9 40 2 56 8 39 1 16 5 63 3 37 2 42 1 17 5 65 1 70 7 27 7 15 8 66 0 30 6 51 4 90 3 37 8 90 4 46 9 33 0 70 4 14 3 49 5 99 
100 3 99 4 63 7 39 5 64 2 15 4 48 6 50 0 17 9 34 6 42 5 42 2 75 9 58 9 33 7 20 9 75 4 81 2 68 0 64 3 41 0 58 8 29 2 41 2 43 8 30 7 24 1 95 8 49 7 18 0 94 0 59 6 44 3 91 1 72 7 30 1 100 4 84 1 52 1 27 4 4 7 72 5 40 5 19 5 90 8 52 7 1 8 43 6 18 0 54 1 85 9 30 4 3 3 29 7 96 9 58 9 25 3 65 6 57 2 87 9 64 9 72 9 49 0 21 9 26 2 22 4 93 2 62 6 66 1 61 5 6 3 42 4 18 2 29 4 23 3 36 6 36 2 54 1 48 2 66 4 98 3 72 1 61 5 43 9 77 8 18 6 19 8 12 5 45 7 11 6 14 7 48 5 73 3 22 9 19 0 72 0 52 7 41 2 94 7 9 5 16 
100 9 85 9 56 9 63 4 62 6 76 9 69 0 64 7 18 7 13 2 2 1 74 2 17 5 51 1 33 6 83 1 49 2 1 9 25 3 62 0 44 6 65 4 1 9 77 9 5 0 24 6 32 7 4 9 82 5 89 1 42 3 42 7 63 3 15 2 44 9 88 8 45 2 53 1 84 3 91 1 52 0 7 1 93 5 26 7 3 4 88 6 30 2 9 4 8 8 58 0 48 2 65 8 53 4 3 6 77 4 53 3 60 5 58 6 7 9 11 4 16 9 85 5 63 4 80 6 30 7 41 0 69 6 92 4 24 2 33 4 56 0 22 6 21 1 23 0 12 7 70 4 4 5 67 6 4 9 89 3 64 7 65 8 56 3 74 8 80 0 52 1 99 1 86 6 97 7 38 4 83 9 31 6 63 8 57 1 83 7 45 7 12 2 66 5 53 4 43 0 2 
100 1 71 2 4 8 88 0 3 9 53 2 6 0 62 1 34 4 35 8 75 0 24 5 38 2 4 2 3 7 62 1 20 8 100 5 61 9 38 0 43 2 76 7 88 9 85 2 18 2 49 8 98 0 1 8 74 2 9 3 30 2 73 7 79 6 34 8 14 2 3 0 84 7 67 7 6 2 55 5 95 6 29 9 24 7 76 0 35 0 41 2 90 7 36 6 70 7 19 9 27 7 19 8 49 8 44 8 44 5 87 5 32 9 84 1 99 4 59 7 64 6 51 5 61 7 36 9 61 8 61 5 71 7 55 6 33 2 78 9 26 7 74 7 41 3 20 9 100 8 76 7 12 2 95 7 22 8 15 5 48 2 38 0 9 9 49 4 75 1 27 5 42 9 49 8 100 4 68 9 88 8 19 2 92 8 7 6 5 5 91 4 95 2 90 1 19 1 52 4 31 
100 8 60 8 22 4 63 5 45 3 89 7 2 3 31 8 57 5 3 3 96 7 22 5 54 0 46 8 23 9 20 8 11 2 43 4 34 6 43 0 85 0 38 1 82 6 79 4 82 4 38 6 66 7 4 1 53 5 72 5 46 5 8 7 56 2 39 2 100 9 71 5 83 3 38 5 100 2 6 0 84 3 62 3 13 8 42 3 71 0 45 0 25 5 55 3 46 0 44 4 99 1 1 0 40 6 48 4 66 5 5 2 19 0 72 9 18 5 7 0 79 3 98 7 59 8 46 8 25 0 79 2 36 9 82 1 45 5 87 1 62 7 62 3 47 5 76 5 43 3 27 6 13 5 89 6 6 7 82 1 88 0 90 3 89 3 71 5 42 5 48 5 70 5 38 8 61 2 54 8 80 2 18 1 53 9 88 7 96 2 62 5 14 3 70 1 18 5 29 5 89 
100 6 48 7 70 6 66 4 15 8 14 7 4 4 49 6 71 7 68 2 11 1 37 3 54 8 79 2 30 4 6 1 92 6 78 8 88 3 61 9 26 9 81 1 44 2 57 1 71 7 69 5 47 6 100 2 45 5 51 8 64 9 56 5 87 2 83 5 92 2 87 9 3 6 50 5 59 6 25 1 34 1 55 4 36 9 55 8 71 3 58 9 25 3 33 2 59 5 73 7 77 0 84 7 86 2 60 4 15 7 87 4 36 4 29 9 99 0 58 5 58 7 85 0 85 4 30 3 43 5 81 2 32 6 35 4 57 2 95 0 68 1 24 1 29 5 41 7 100 3 62 1 4 4 48 7 82 5 65 0 13 0 60 4 23 9 60 6 37 3 100 4 73 2 69 2 91 2 83 7 96 7 6 4 8 6 6 8 12 3 92 9 5 0 86 2 6 3 40 6 38 
100 2 64 0 6 2 40 0 95 5 85 0 13 6 12 9 6 7 38 6 58 0 17 8 11 6 84 9 67 2 48 1 81 9 30 1 42 7 14 9 42 8 13 5 99 3 86 0 97 9 39 0 40 9 22 0 4 8 79 3 2 3 36 5 34 1 88 2 42 6 66 4 65 3 92 5 59 0 44 6 86 2 95 4 74 5 35 6 63 6 53 1 14 8 13 3 9 6 95 0 13 5 17 7 44 2 11 8 21 8 83 5 24 3 14 4 48 6 55 9 12 7 25 1 23 1 34 3 54 6 81 5 92 4 75 1 97 0 21 0 89 1 64 5 90 5 59 0 5 6 96 8 41 2 100 4 63 6 86 4 19 4 18 5 55 3 15 8 85 0 47 2 23 1 94 8 68 2 45 8 44 6 1 7 33 9 20 0 15 9 6 3 6 5 99 2 81 0 99 9 78 
100 7 98 3 50 2 24 0 82 5 44 2 73 0 81 6 8 4 85 0 8 3 26 7 44 9 97 5 100 6 6 7 11 6 65 0 94 6 37 2 83 9 89 6 28 5 46 8 18 2 100 1 18 6 40 4 10 6 21 9 24 2 9 4 5 0 69 4 55 4 95 1 86 8 1 4 91 5 77 3 65 0 69 6 52 0 56 4 70 5 67 8 22 4 39 6 90 9 93 6 68 7 6 7 83 3 11 1 96 3 2 4 28 0 76 5 3 6 69 0 6 0 22 7 69 4 60 6 58 2 60 8 64 5 57 9 29 2 83 2 51 6 43 7 1 1 7 4 71 8 34 8 67 7 35 1 1 6 36 8 9 5 93 9 64 9 13 3 48 2 19 5 100 8 51 1 68 6 43 2 74 3 46 7 11 6 66 1 47 0 56 6 67 3 15 9 36 9 26 6 71 
100 8 15 8 54 0 56 8 77 1 23 5 26 9 9 4 82 3 34 4 84 8 37 8 54 8 83 8 39 4 90 5 49 7 38 8 89 4 79 4 91 4 82 1 47 1 15 2 1 6 45 9 80 6 33 6 59 2 95 2 25 7 62 6 9 4 85 7 71 6 39 5 73 8 1 9 3 6 38 9 3 8 91 2 29 4 91 1 23 7 94 0 69 4 2 4 65 3 76 5 28 8 11 6 54 9 22 8 12 1 93 1 49 2 33 9 40 7 57 1 9 3 8 1 3 7 29 5 40 1 88 1 5 8 54 2 9 3 10 1 81 7 68 0 66 5 24 7 13 6 97 3 88 6 70 1 6 8 10 2 74 6 26 2 47 5 45 9 5 1 45 4 78 2 34 4 5 7 90 2 30 0 34 1 11 2 38 8 44 9 68 9 6 2 20 5 73 5 85 7 72 
