10 10
100 2 85 3 76 5 68 1 44 4 28 0 98 0 12 9 21 3 49 3 30 1 20 6 6 0 46 1 84 3 8 2 74 6 38 7 16 9 20 8 65 2 76 8 46 7 21 2 63 4 27 3 19 4 56 5 2 8 72 1 69 6 83 8 95 4 12 1 1 7 77 5 23 2 16 4 30 7 84 6 29 8 5 5 10 8 13 7 50 8 33 4 14 1 46 6 48 8 30 5 39 8 87 0 53 1 87 8 65 2 61 9 78 7 40 7 50 0 14 5 68 0 10 8 29 4 80 0 45 1 71 8 84 7 2 3 37 6 59 2 15 2 2 3 17 1 65 4 16 0 3 1 18 9 64 4 40 7 25 4 70 9 36 3 14 3 58 7 43 1 52 4 45 8 92 4 79 2 12 9 39 2 32 6 100 4 69 7 85 2 33 0 28 2 7 9 21 4 59 3 96 
100 5 99 2 28 9 16 5 35 1 98 1 7 2 15 0 59 1 36 8 99 5 19 2 72 2 28 8 90 9 7 9 26 3 77 5 55 0 32 3 35 0 23 3 27 0 59 3 19 9 52 2 9 6 2 7 85 0 93 4 2 7 11 1 36 8 94 2 71 3 33 4 59 3 33 0 59 3 17 5 90 1 12 1 32 4 60 5 4 2 98 9 86 2 97 8 70 1 9 2 92 3 99 6 47 2 37 7 46 5 22 2 20 4 1 8 96 5 89 2 56 9 1 9 10 2 65 5 55 8 17 4 40 3 15 2 60 3 55 1 91 7 30 5 32 7 18 1 17 4 73 5 15 4 95 3 38 0 10 7 100 3 23 4 75 5 44 9 73 0 39 1 38 4 64 5 87 5 32 2 68 5 46 6 10 7 92 9 60 8 43 5 41 8 85 0 10 6 92 5 70 
100 4 94 0 23 3 38 5 22 3 49 4 37 8 69 1 22 9 13 5 1 1 59 1 20 5 38 0 73 6 38 2 33 2 74 8 54 0 3 1 24 4 16 1 3 7 63 5 93 0 31 1 76 5 92 8 30 4 10 9 8 8 56 2 13 3 32 1 51 0 77 5 62 1 98 8 54 8 73 6 100 1 23 5 35 5 81 2 76 8 58 3 85 9 98 7 44 4 65 0 16 4 100 0 37 3 54 5 32 3 90 8 19 2 5 0 44 4 98 9 62 0 2 6 41 2 15 0 93 5 90 4 25 6 95 8 71 8 94 9 63 2 24 4 18 3 12 9 23 6 16 7 35 7 6 9 50 6 84 0 29 7 31 7 100 6 93 3 15 2 98 7 51 5 42 6 92 2 28 4 34 3 80 9 60 6 18 8 9 2 57 7 79 3 68 1 39 6 4 8 17 
100 7 54 5 90 6 7 1 30 6 66 0 13 3 96 9 54 0 70 4 30 4 61 9 79 5 76 4 30 6 15 2 97 5 4 3 10 1 98 9 95 2 100 7 73 9 73 0 22 5 19 7 50 7 77 8 65 5 46 6 57 6 56 4 68 2 96 7 70 9 9 6 57 5 56 9 20 4 44 4 74 2 49 0 11 2 40 2 46 5 52 0 86 5 40 0 83 2 4 3 26 1 28 7 13 1 43 2 4 9 34 4 89 3 55 6 49 8 54 9 82 2 72 3 93 1 78 8 1 4 7 8 24 6 94 0 48 9 54 7 22 6 97 7 20 5 23 6 35 1 53 8 80 9 21 9 71 9 61 1 28 8 89 7 98 2 16 6 52 8 34 9 41 1 22 0 99 7 50 8 76 8 22 0 59 2 4 3 86 3 20 8 67 9 92 4 83 8 97 1 87 
100 8 74 1 30 8 86 9 94 1 69 3 50 7 87 6 21 3 42 2 96 9 12 1 70 3 77 1 19 0 45 2 34 9 54 6 24 3 94 8 75 6 70 5 11 3 98 7 74 4 99 2 6 2 1 3 41 7 30 2 42 3 51 7 11 0 37 5 76 9 88 5 51 3 8 2 73 7 23 7 22 4 75 1 49 1 75 9 32 0 89 7 44 5 99 8 46 8 96 7 78 7 49 6 21 3 38 6 52 8 35 3 85 7 65 0 40 3 31 4 62 1 69 9 40 9 80 4 81 2 92 6 71 8 4 9 90 4 7 7 24 9 25 3 67 5 55 4 70 2 58 2 53 3 74 1 100 5 83 8 53 5 36 8 96 1 31 3 32 0 85 3 25 5 53 3 28 5 54 1 38 5 91 0 90 9 13 1 6 0 52 7 10 7 61 6 45 8 47 5 65 
100 8 36 6 31 1 82 4 45 0 18 2 97 1 15 0 63 6 89 2 52 9 14 2 1 3 35 6 19 9 79 6 90 5 99 3 60 4 71 2 45 8 66 7 81 3 34 4 58 5 51 6 28 8 42 8 44 0 14 5 95 3 14 6 77 9 95 2 21 2 28 0 14 6 87 6 12 7 33 9 90 5 1 0 59 7 82 2 75 7 77 0 53 7 28 0 9 9 98 1 100 0 18 3 89 5 73 9 35 2 10 5 73 1 9 5 80 9 16 2 2 1 30 3 59 6 12 9 40 8 66 5 2 9 70 0 99 9 81 3 13 8 83 6 70 2 56 6 77 4 18 6 56 9 64 6 53 3 5 0 43 0 76 4 7 6 38 4 12 5 83 6 44 5 78 8 25 8 39 9 90 3 9 7 63 3 97 0 28 8 99 2 38 4 59 3 15 8 13 5 65 
100 0 82 1 57 5 91 7 44 3 98 7 70 9 30 3 86 7 45 3 82 8 100 7 12 3 22 5 89 2 65 7 77 2 45 4 84 8 52 9 44 4 87 3 5 7 89 1 11 9 5 7 8 7 11 9 51 5 80 0 79 7 98 7 21 4 75 6 31 1 64 1 60 9 26 3 44 4 87 4 100 2 82 7 82 9 85 5 87 6 69 9 68 1 32 2 14 5 81 0 44 5 41 1 53 1 82 9 86 0 79 9 75 3 74 4 10 0 69 6 56 8 29 8 18 0 28 4 55 7 84 3 71 2 69 1 98 0 49 8 20 5 32 8 8 0 41 1 51 4 1 7 70 8 46 8 2 3 4 1 95 3 63 0 74 5 17 8 74 7 21 6 4 7 86 2 43 7 79 2 34 4 52 0 85 7 99 2 35 3 57 0 80 6 70 7 30 3 88 9 25 
100 2 49 7 20 8 38 9 30 2 13 5 97 7 22 7 52 4 39 3 82 4 51 2 42 9 52 1 80 9 61 1 67 1 67 8 64 7 75 4 35 5 30 6 69 1 70 7 2 7 65 4 54 5 54 1 22 4 5 2 58 0 22 9 88 0 32 6 9 3 53 1 53 6 16 0 40 1 46 4 18 6 28 4 4 3 63 8 85 2 36 2 35 3 9 4 47 8 39 1 76 3 72 1 100 0 80 5 71 1 89 4 85 6 29 4 90 9 28 7 46 1 35 5 98 2 86 4 80 7 97 4 78 6 24 7 46 1 45 2 40 1 6 6 14 6 55 4 63 2 25 4 68 4 4 1 23 8 31 5 47 5 5 0 49 9 21 9 68 7 31 0 58 0 3 9 58 3 100 5 61 7 32 4 69 3 68 8 50 0 23 6 85 7 97 7 97 7 17 4 73 
100 0 97 3 15 6 53 6 88 5 70 6 40 9 54 8 15 5 23 3 37 4 79 7 40 2 77 4 56 1 29 0 58 0 62 3 85 2 51 2 42 2 96 0 34 2 82 6 92 0 27 9 38 4 91 5 54 5 14 3 39 9 26 4 90 7 96 5 96 3 67 2 5 0 23 0 26 2 36 3 35 8 38 4 39 9 6 8 51 7 85 7 35 6 93 9 88 2 37 1 17 9 15 9 23 6 77 5 80 6 30 6 22 2 13 0 27 7 12 3 39 2 64 8 45 6 17 8 54 5 81 8 44 3 76 2 92 2 57 7 5 2 68 8 65 5 50 7 23 5 19 3 32 2 99 1 98 8 4 4 97 1 59 8 81 3 15 1 74 0 53 9 40 9 45 6 9 6 66 4 53 7 81 9 73 7 47 1 83 6 16 9 35 3 22 7 33 0 4 1 99 
100 9 6 4 58 9 49 9 36 8 98 1 24 6 10 2 24 1 87 7 27 6 59 3 17 1 45 9 43 4 69 4 55 6 30 7 2 6 82 8 55 3 62 2 8 3 34 4 46 4 2 5 32 1 84 5 91 7 31 1 52 6 54 7 70 4 4 8 86 0 66 9 93 6 36 4 90 1 87 1 9 1 16 1 72 7 86 3 19 4 70 3 78 2 69 1 19 2 61 1 42 4 8 6 42 4 5 8 15 6 82 7 97 2 91 8 81 5 26 6 34 0 78 1 48 8 91 9 91 1 23 9 78 7 29 9 40 4 25 5 73 8 14 8 96 3 74 5 85 1 21 0 76 6 8 9 67 8 39 3 54 6 11 1 32 2 24 7 73 8 49 5 95 8 41 8 87 8 62 4 80 7 13 8 89 7 26 0 35 5 11 1 88 2 86 6 44 8 62 5 47 
