10 10
100 9 74 6 15 6 17 6 59 0 11 5 41 8 88 9 63 2 60 0 81 5 26 4 13 5 13 3 89 8 76 9 44 3 49 6 23 0 41 8 43 9 91 7 48 9 66 6 42 3 53 3 28 7 97 8 75 1 93 0 54 0 75 6 53 1 60 2 26 9 27 2 52 2 26 4 98 1 4 4 28 8 73 5 51 7 50 3 98 7 22 6 20 5 74 8 60 0 66 0 4 8 66 2 81 7 52 8 21 7 75 4 97 6 74 5 49 8 9 8 66 7 52 9 43 2 20 3 2 1 13 4 59 3 30 6 69 8 50 9 45 9 55 3 58 0 24 0 18 8 6 6 85 5 66 8 81 6 58 1 33 5 82 7 90 1 70 5 18 9 96 4 36 7 10 9 4 9 69 0 28 3 24 7 30 7 46 7 23 0 82 6 33 2 69 1 3 2 61 7 94 
100 5 64 8 69 8 1 5 9 4 82 9 59 2 17 3 83 8 97 6 96 7 51 5 28 1 60 1 19 3 29 2 3 9 75 7 91 7 69 1 21 1 85 9 90 2 85 5 32 6 13 3 41 3 69 4 62 0 29 3 24 0 97 1 47 8 21 2 86 8 51 2 24 4 22 5 86 7 3 2 16 6 34 9 70 4 26 3 55 7 19 6 94 4 22 3 74 4 94 6 88 0 52 1 61 9 94 5 9 0 67 7 59 2 81 1 52 0 64 9 92 8 94 7 73 3 94 0 16 8 75 2 8 7 97 9 77 8 12 4 13 7 23 8 60 1 27 5 57 7 87 6 8 4 74 0 39 8 48 3 79 9 66 4 16 0 18 7 98 4 74 7 28 0 88 3 25 4 92 7 70 2 58 6 19 4 11 6 66 1 11 4 9 7 31 1 90 7 98 1 12 
100 5 69 0 37 9 2 9 35 3 12 0 18 0 34 4 52 7 9 4 9 8 17 7 78 1 60 9 6 2 86 3 30 4 89 6 60 2 51 6 17 7 97 2 63 4 8 3 32 3 46 5 41 3 25 7 71 6 85 9 83 7 82 6 45 4 2 3 54 7 31 5 4 8 22 7 19 4 99 8 73 8 71 8 81 3 76 2 54 7 18 5 85 6 44 0 78 2 2 5 60 6 69 6 32 1 46 3 62 6 54 7 2 7 25 9 97 6 81 5 39 2 91 8 46 1 51 9 99 7 46 8 48 6 97 4 40 3 95 0 61 8 52 4 73 6 38 4 86 9 61 4 99 9 30 5 14 6 30 5 3 4 68 6 3 5 76 6 46 5 71 2 15 2 37 7 94 7 11 8 54 0 4 6 30 5 8 6 8 8 97 1 36 2 5 0 45 8 65 8 61 
100 2 83 2 92 4 85 8 12 9 31 3 3 0 31 9 50 4 98 4 83 4 89 0 9 7 88 4 40 6 80 5 21 2 28 5 53 8 49 9 85 0 37 0 47 9 100 3 72 0 15 0 55 4 30 1 33 4 3 0 11 8 70 0 97 6 56 9 87 6 44 8 55 8 50 0 48 0 45 3 45 6 62 8 25 4 46 9 95 0 4 0 78 3 91 3 34 9 45 9 9 9 84 4 30 4 69 8 7 1 85 1 47 3 74 9 90 0 51 9 27 1 37 4 52 8 29 1 82 3 13 6 10 0 43 0 20 3 100 7 17 2 39 7 49 9 93 1 89 7 4 9 29 1 90 3 20 1 40 2 20 8 32 7 59 3 2 3 36 6 56 7 81 0 97 1 60 9 88 5 32 2 57 3 14 6 89 9 47 6 14 2 40 9 83 7 64 7 87 5 42 
100 1 33 7 32 3 28 3 90 6 7 0 6 2 23 3 90 3 47 4 98 2 47 3 78 3 4 7 45 2 80 7 96 6 67 6 41 5 48 1 43 6 18 6 20 7 23 1 66 2 44 9 37 3 30 8 10 8 51 7 74 3 47 5 18 3 74 8 65 6 64 7 66 0 31 0 82 3 89 8 74 4 8 4 24 3 44 4 48 3 54 0 51 6 20 6 88 3 79 8 79 2 64 4 15 9 79 9 9 7 41 1 26 5 55 2 78 8 89 5 69 0 12 7 46 4 25 2 33 3 12 9 15 7 5 4 65 8 84 3 24 1 91 8 94 8 67 8 77 1 35 1 84 5 26 0 56 5 53 7 62 6 55 4 62 5 1 4 5 9 96 1 79 8 94 7 77 8 83 7 56 3 9 2 17 0 86 1 41 7 11 4 24 8 86 1 56 3 27 4 34 
100 3 14 1 98 6 30 9 40 4 33 6 41 0 58 2 46 7 48 3 1 8 17 7 14 3 86 4 26 2 60 2 68 2 44 2 68 3 87 6 52 2 77 9 99 8 7 2 87 0 44 7 4 7 88 7 85 7 13 7 78 2 81 0 80 4 77 4 10 5 77 3 97 4 12 5 76 1 50 5 82 6 1 5 51 5 91 3 52 4 50 0 49 7 92 9 22 0 99 8 54 2 46 2 13 2 81 6 80 2 98 6 62 7 35 8 76 1 59 1 6 9 25 9 67 5 65 8 38 8 72 8 52 1 56 2 69 5 77 5 50 7 40 8 100 1 55 9 11 3 81 1 2 3 64 8 15 0 42 9 87 8 20 1 87 1 37 2 58 1 30 3 33 0 19 9 78 4 36 5 58 7 36 6 86 8 60 6 24 4 40 7 66 1 73 2 46 4 95 9 85 
100 0 86 5 5 5 57 7 31 8 92 2 60 1 68 9 47 8 3 1 79 9 54 4 1 7 32 1 25 6 63 1 81 5 33 4 35 5 33 0 65 6 32 1 31 5 8 9 81 2 6 1 55 0 62 7 76 3 37 8 51 8 54 5 3 4 14 9 21 5 90 6 14 6 34 7 18 0 98 4 57 9 41 6 83 9 90 8 53 4 83 1 61 3 42 4 37 3 16 4 91 4 64 4 2 2 75 6 44 3 6 0 5 9 23 3 66 0 47 2 57 3 73 2 47 7 54 3 62 1 45 0 13 8 38 2 73 4 12 0 13 2 34 0 25 3 52 8 55 6 41 9 55 8 90 7 62 8 59 5 70 3 84 3 79 0 24 6 8 2 76 3 100 1 38 2 14 4 53 8 48 5 48 1 48 4 81 2 47 5 42 2 10 3 77 2 34 0 13 8 40 
100 5 40 6 76 8 15 3 45 5 57 0 82 5 78 1 57 0 87 6 11 8 48 8 27 6 54 5 78 6 93 3 68 6 76 2 7 7 1 4 48 4 79 1 99 7 67 3 70 8 98 3 48 1 99 0 6 1 66 1 28 8 41 7 36 9 51 7 76 3 9 1 18 6 53 2 46 9 15 1 51 0 91 3 91 0 96 6 70 4 94 1 27 3 68 0 72 3 69 2 77 4 6 3 89 9 93 3 16 0 69 2 22 3 59 5 82 2 15 8 67 5 7 8 68 2 35 3 74 2 36 4 3 5 92 2 93 1 12 7 82 7 24 4 27 7 58 2 63 2 95 5 51 1 61 6 83 1 76 1 82 6 50 4 53 8 18 3 81 7 14 3 92 6 59 4 61 5 56 6 73 1 39 9 39 9 51 1 40 8 6 0 88 7 61 9 55 1 82 4 5 
100 8 44 1 51 8 36 7 8 6 47 3 40 2 18 5 89 6 2 9 35 9 19 9 25 6 3 7 58 3 31 1 59 4 22 2 13 0 1 3 51 7 10 6 51 8 33 1 57 7 70 6 100 0 74 5 48 6 6 8 29 1 58 5 56 3 50 0 61 0 80 1 70 6 57 0 41 1 100 9 98 6 65 6 23 4 3 6 33 1 99 1 70 8 65 6 29 1 61 6 78 4 5 0 61 9 21 4 19 3 29 1 27 9 73 2 34 1 39 9 53 3 17 6 36 8 99 8 33 3 39 2 65 9 12 6 63 3 15 0 89 3 21 9 7 6 45 8 92 5 88 2 98 2 47 4 26 0 62 9 75 5 67 8 43 8 11 5 65 9 55 7 60 6 2 6 26 8 75 2 17 1 13 8 88 9 22 3 43 9 32 9 100 2 33 8 64 1 96 3 62 
100 7 50 0 22 0 88 4 10 1 52 2 3 7 29 3 16 3 54 3 28 4 22 5 65 6 39 4 46 1 87 4 94 4 30 4 98 7 51 8 85 0 55 1 99 6 97 3 21 8 90 1 8 6 42 9 20 7 25 9 41 3 83 4 28 6 14 4 38 2 54 0 72 8 14 3 68 9 37 4 8 1 44 5 92 9 95 8 47 2 45 1 8 5 16 3 91 1 100 6 54 0 81 2 7 3 13 4 1 1 87 7 48 2 81 7 1 8 20 9 37 1 98 2 85 2 98 1 40 6 59 7 65 3 22 6 9 3 84 4 72 0 92 5 100 7 55 2 88 4 24 8 20 3 11 0 9 1 55 5 40 8 46 1 46 2 100 8 94 7 33 1 2 1 14 1 15 1 92 3 60 0 23 1 11 4 34 6 26 9 69 4 64 6 29 9 2 5 34 2 57 
