10 10
100 1 90 1 88 9 89 9 89 5 87 4 86 6 80 6 24 8 44 4 58 6 18 7 15 5 37 3 60 1 34 0 64 7 95 6 33 6 7 3 94 4 82 5 41 8 69 8 89 6 74 8 83 9 69 7 71 5 93 3 11 2 50 9 12 7 6 7 42 0 49 9 72 9 76 1 86 6 78 8 88 6 43 4 29 1 4 5 95 8 37 5 89 1 90 4 28 8 11 2 65 5 16 8 91 0 67 9 30 9 44 0 41 9 49 4 81 3 97 1 10 3 1 3 96 9 91 7 6 6 1 0 25 2 15 5 29 9 54 9 7 1 65 5 41 6 72 7 22 3 50 3 57 2 12 5 20 0 70 1 37 6 56 6 80 4 57 1 34 7 51 3 93 7 34 7 71 6 33 8 25 1 19 1 94 7 68 9 41 5 59 3 49 8 80 0 32 9 100 2 56 
100 8 59 4 97 6 8 2 90 6 67 1 97 8 22 2 11 2 96 0 49 0 62 6 17 0 88 0 85 6 94 9 53 7 78 1 76 9 8 9 38 0 62 5 47 9 71 5 99 1 52 7 70 9 46 1 45 4 60 3 65 1 33 2 5 3 11 4 95 4 26 9 13 4 55 4 62 0 50 7 74 3 32 8 99 7 55 7 32 5 48 4 1 6 26 5 39 3 32 0 95 9 59 4 5 0 66 0 74 0 95 7 95 4 82 2 46 1 42 3 83 0 72 5 69 1 46 0 47 0 99 0 63 3 100 3 97 8 46 9 15 4 56 5 94 3 23 9 15 9 3 4 10 4 39 2 57 3 11 9 42 7 83 5 4 6 47 1 5 4 67 4 58 1 65 3 9 9 42 8 23 2 30 9 26 3 9 6 52 0 100 7 7 8 69 1 32 6 6 6 74 
100 4 32 3 99 2 6 8 76 4 99 6 24 8 87 9 69 1 29 0 73 6 99 7 31 2 75 7 28 7 61 1 5 4 29 7 5 3 3 7 16 6 84 7 66 8 99 7 38 5 20 7 23 3 23 3 27 6 71 1 22 3 55 9 87 4 10 2 31 7 63 6 3 4 7 1 62 2 93 7 80 6 38 4 60 1 86 8 87 0 30 0 24 8 57 4 70 7 70 3 32 7 69 7 92 2 11 5 38 7 28 5 5 1 49 8 23 2 31 3 83 2 14 8 97 1 49 3 16 4 53 2 82 3 48 4 60 4 89 8 82 0 69 4 2 7 89 0 86 5 28 5 71 3 46 7 15 6 64 4 12 5 58 5 62 4 40 0 81 3 81 8 88 1 81 0 45 1 43 8 21 7 4 3 77 1 67 3 31 6 39 6 90 1 25 6 74 3 6 1 81 
100 8 80 7 4 8 60 7 58 5 93 7 9 0 5 7 2 1 86 1 88 9 10 5 92 7 32 0 36 4 100 0 10 4 76 6 46 9 98 7 98 9 80 7 15 8 13 7 5 5 13 7 7 6 31 2 8 7 11 6 77 8 9 6 91 7 35 1 91 7 52 8 70 0 29 1 1 1 52 6 88 3 90 6 84 7 86 6 98 0 33 4 59 6 54 6 66 4 93 1 49 8 53 7 14 3 37 0 89 2 50 4 21 0 27 5 88 8 85 5 76 4 58 4 96 8 40 6 67 8 75 0 17 7 2 7 93 4 69 0 94 3 74 8 100 5 77 1 81 2 92 4 21 5 94 1 23 9 33 6 26 4 79 4 54 2 100 8 91 4 23 8 22 6 29 9 90 6 81 1 10 9 65 1 41 7 5 9 71 3 18 4 37 7 77 6 54 3 11 2 87 
100 7 18 3 88 4 66 8 12 8 27 4 8 4 13 1 72 8 43 1 74 3 72 9 40 1 46 0 92 0 30 5 6 4 16 5 71 0 35 2 12 5 83 0 65 3 15 8 38 9 9 0 73 4 9 9 42 4 38 0 29 0 23 6 80 5 63 3 10 2 67 3 57 4 87 2 3 0 89 6 27 0 88 8 93 6 54 2 8 4 4 3 17 0 66 0 24 2 45 1 78 3 8 7 10 0 8 7 90 9 28 1 48 4 77 5 13 8 59 8 13 6 4 0 10 8 8 1 89 6 58 2 25 6 40 8 26 6 19 9 52 1 33 9 12 8 28 2 11 5 88 7 10 3 60 9 69 8 95 7 62 2 13 9 28 9 73 0 92 4 91 9 44 0 85 4 32 7 35 9 99 3 53 8 52 6 98 6 41 8 30 3 59 0 8 4 53 7 39 9 55 
100 4 74 8 94 7 10 7 90 7 80 9 71 5 71 9 89 2 36 1 35 6 89 4 80 9 52 6 98 4 75 2 67 5 53 6 30 5 35 0 25 8 33 9 67 7 27 8 22 5 39 6 44 5 53 5 28 9 15 2 8 9 80 0 26 8 95 6 47 6 27 5 27 2 97 9 60 2 1 2 24 8 83 2 92 1 84 6 62 9 11 6 53 5 62 7 46 6 44 0 89 4 83 0 22 2 41 8 80 8 9 8 58 4 11 1 84 2 99 4 36 9 22 3 88 7 41 0 22 1 100 4 29 0 41 1 85 1 30 7 36 7 93 3 20 2 80 2 88 4 53 4 55 0 69 3 47 9 68 6 54 5 11 7 41 4 49 1 99 3 28 8 14 3 59 3 98 5 96 4 6 6 13 4 54 3 65 0 72 9 9 6 6 9 83 8 7 0 14 4 98 
100 2 15 8 47 5 53 4 76 3 61 1 78 0 83 4 33 3 94 6 84 5 24 3 73 4 61 6 96 9 40 1 38 6 74 2 52 1 13 1 34 1 26 5 34 5 36 8 17 0 67 9 2 4 74 4 21 0 84 1 87 9 57 8 16 2 92 2 59 5 8 7 61 3 65 7 30 2 88 6 55 8 61 0 82 6 39 0 78 7 67 9 65 7 65 6 12 0 84 3 3 6 97 9 21 4 99 1 46 7 83 3 70 1 5 4 50 1 11 3 58 3 59 4 61 7 93 6 73 2 73 2 68 8 21 2 26 5 48 0 78 2 63 6 40 4 34 6 74 0 1 1 62 1 56 0 93 1 87 3 80 9 32 2 69 7 61 2 76 8 32 8 42 7 46 4 72 3 18 1 17 3 74 5 100 4 55 7 97 2 66 7 88 3 92 8 80 0 48 7 22 
100 3 6 7 91 8 80 8 50 9 88 4 57 9 55 4 84 0 31 5 21 3 51 4 35 6 99 0 83 7 72 8 35 2 12 4 73 5 54 4 23 8 93 0 93 3 4 4 18 9 40 3 32 0 82 7 24 2 10 1 27 9 86 4 10 0 31 6 24 8 92 1 54 2 6 4 68 2 25 8 41 0 1 1 55 1 77 1 15 5 84 7 37 3 84 7 69 6 58 0 14 6 14 7 15 9 14 8 29 3 25 7 73 2 41 2 1 2 57 2 43 5 91 0 41 2 14 8 70 3 89 9 36 2 17 3 8 9 44 2 74 3 55 7 13 0 14 4 28 0 96 2 36 5 48 0 71 7 15 5 8 7 37 5 79 2 24 1 4 3 37 1 53 4 9 0 59 5 76 8 53 4 68 9 7 3 85 2 89 4 61 7 77 8 51 3 86 8 7 4 80 
100 5 87 7 57 8 59 5 77 5 48 5 67 9 74 1 26 9 67 5 69 0 2 8 57 3 10 3 28 2 37 6 4 9 94 1 88 4 5 6 91 3 47 9 65 5 97 7 6 9 45 3 48 1 82 9 58 6 4 0 33 7 96 5 14 4 49 2 16 1 63 8 26 3 37 6 36 9 45 9 49 7 39 2 37 3 57 9 95 9 20 2 5 6 75 7 43 6 73 1 21 4 15 2 9 1 96 8 98 7 23 0 77 3 7 4 45 2 41 4 17 8 99 6 51 6 72 7 15 5 9 9 11 4 56 6 7 3 86 1 29 4 43 9 36 6 37 0 51 9 49 5 9 4 64 5 78 0 67 8 18 2 88 1 37 2 29 5 47 9 14 4 81 7 46 0 49 6 56 6 1 6 23 2 9 3 19 1 96 6 69 0 9 4 57 3 85 0 58 2 96 
100 5 57 1 17 7 77 6 21 1 86 0 2 5 45 7 52 5 43 0 50 7 34 7 10 8 79 4 19 3 75 7 77 5 65 7 52 1 6 5 26 3 96 9 95 8 70 3 34 9 58 7 62 2 80 3 39 4 59 4 34 1 20 3 48 7 100 5 90 0 16 9 97 9 82 3 93 9 10 7 1 3 98 6 50 9 84 9 11 0 63 6 79 4 67 9 7 6 79 7 48 3 17 9 26 1 92 0 1 6 4 3 30 5 55 2 96 5 63 4 19 2 9 9 16 3 82 5 13 6 69 7 69 2 44 9 19 5 92 8 32 1 35 7 63 4 98 4 74 0 13 0 63 7 96 0 30 6 25 1 2 6 81 7 59 8 55 6 74 6 45 6 61 3 22 2 19 9 40 4 58 8 44 8 14 4 73 5 72 5 94 5 84 4 67 1 85 9 19 1 13 
