10 10
100 1 19 2 28 3 74 5 82 5 79 5 97 1 76 9 46 0 94 0 98 0 19 2 29 0 35 7 97 8 10 8 32 3 88 6 24 4 70 2 5 4 94 7 55 1 79 7 84 2 41 8 40 1 11 8 18 3 47 8 88 2 11 1 39 7 32 6 93 7 49 7 100 7 3 3 91 6 69 7 42 4 99 8 23 3 95 0 47 5 89 4 38 5 59 4 73 0 91 7 11 2 41 8 78 9 44 7 94 0 3 3 16 7 74 0 70 4 42 2 56 2 60 4 80 7 83 0 62 6 20 8 10 0 95 7 41 7 39 6 83 2 96 8 83 5 53 2 43 6 35 7 82 4 72 9 26 6 53 0 3 5 84 8 4 7 52 3 45 2 19 8 63 0 68 7 84 1 44 5 13 2 37 3 9 3 8 4 95 9 11 0 28 3 54 0 8 4 38 7 95 
100 6 65 1 28 5 53 6 31 5 89 6 87 3 74 5 90 1 33 5 83 3 84 2 39 4 27 1 29 0 46 3 32 0 25 5 86 9 75 3 50 2 88 5 96 1 15 5 32 1 26 8 96 6 75 5 39 3 63 6 5 5 3 3 93 2 52 7 56 0 73 8 64 0 91 0 8 1 22 2 11 1 34 2 25 7 90 4 94 2 40 9 81 0 69 2 5 8 6 3 86 4 25 3 74 5 5 8 52 1 14 7 52 7 54 6 64 7 1 7 78 9 26 3 66 8 91 4 78 0 13 9 6 8 87 9 85 0 89 4 48 3 60 1 33 1 12 2 90 4 23 7 29 8 31 0 99 3 35 1 17 0 38 7 86 8 30 2 79 5 26 1 40 8 53 2 52 2 14 8 91 7 34 7 58 6 87 9 84 0 81 5 71 2 84 9 2 3 12 6 10 
100 2 100 1 2 0 72 0 12 0 13 3 25 5 96 0 62 7 18 5 40 4 42 6 96 8 3 2 79 2 7 9 23 0 35 2 52 5 58 0 20 1 33 3 87 3 39 8 57 8 44 9 59 8 52 5 85 9 17 4 8 0 11 9 59 9 70 5 94 2 32 5 63 0 90 2 28 1 93 1 93 5 95 4 86 7 93 7 68 1 29 4 42 5 91 0 48 1 54 0 59 3 31 8 40 3 13 2 84 6 52 8 28 6 55 4 54 3 42 1 73 8 63 0 80 1 90 3 80 2 32 8 27 5 5 0 54 8 38 7 48 2 89 9 94 0 91 8 73 9 23 4 99 0 72 2 74 1 86 5 15 6 55 1 94 2 50 3 50 5 71 3 96 3 43 8 52 8 14 3 38 2 98 4 69 8 58 4 98 2 84 1 62 7 65 1 41 7 100 0 49 
100 6 35 5 14 5 32 2 83 3 36 4 13 3 54 5 4 4 61 3 13 5 66 9 34 4 42 3 32 3 10 3 49 8 77 0 2 6 89 4 19 5 26 1 78 9 34 4 54 5 34 9 48 0 29 7 33 3 8 1 45 6 40 4 98 1 53 0 91 4 78 5 8 4 57 8 70 0 41 8 62 3 4 9 83 9 22 8 6 7 5 9 86 1 54 5 63 5 59 0 40 5 95 2 52 7 93 5 36 0 10 9 100 4 11 5 43 9 89 3 63 5 81 4 8 7 58 1 44 5 89 3 94 4 18 4 95 3 36 1 88 7 73 5 97 5 87 6 68 0 23 7 44 6 55 4 16 9 54 4 80 9 2 8 68 8 74 1 28 3 43 6 64 6 7 7 9 9 9 7 10 3 35 9 86 4 69 0 40 6 41 0 54 6 3 2 39 1 44 1 51 
100 3 5 4 63 3 6 3 95 0 92 0 92 6 22 8 2 3 37 1 56 2 9 8 54 6 14 7 41 9 54 4 12 9 59 5 81 1 4 0 56 8 13 0 24 0 90 1 36 2 60 9 83 0 7 4 81 6 20 7 12 3 43 4 11 0 43 4 72 4 15 6 4 9 67 8 63 3 10 3 86 8 42 0 20 9 32 6 31 9 49 8 33 7 47 9 69 2 53 8 52 3 53 8 85 7 4 2 32 6 37 5 3 9 89 6 73 8 73 5 62 6 31 4 59 3 96 0 40 6 95 8 90 9 24 1 29 3 20 2 70 5 82 6 73 5 54 3 35 4 82 0 51 3 29 2 23 0 59 0 60 8 14 3 2 5 5 3 95 8 3 7 9 6 71 2 73 1 67 5 45 6 79 8 3 2 55 2 56 1 54 2 74 9 55 1 35 5 83 9 95 
100 5 71 4 10 2 14 8 16 9 82 5 9 5 55 0 27 5 32 0 3 5 66 0 36 6 100 6 29 3 48 2 44 8 74 1 96 9 22 5 80 4 62 3 72 5 81 2 73 0 95 9 34 2 76 9 97 7 94 4 39 0 51 7 21 7 5 5 42 6 66 5 3 9 90 8 74 7 67 8 68 5 20 9 40 1 5 3 83 6 1 6 11 8 45 9 22 1 70 5 16 9 78 4 12 4 49 4 48 6 51 1 52 4 38 6 48 5 32 6 79 9 85 7 28 1 74 2 2 8 10 7 38 4 43 2 59 9 99 1 97 3 62 0 94 2 9 6 29 3 42 8 97 6 78 5 57 3 53 1 54 7 30 0 99 0 57 1 65 4 93 5 70 9 46 9 65 8 74 1 17 6 36 6 62 6 3 4 43 4 91 4 67 4 94 8 57 3 35 8 93 
100 5 51 1 42 5 56 8 64 7 37 2 29 2 36 9 57 1 7 7 14 6 61 0 71 4 23 7 9 8 33 6 30 4 78 5 70 4 89 1 91 3 36 9 21 8 52 4 93 4 59 4 9 3 19 6 8 6 56 9 9 1 59 7 92 6 80 2 68 4 70 5 93 0 74 9 31 7 59 9 13 2 81 4 22 7 40 0 80 1 35 7 39 8 73 1 59 2 26 2 34 8 83 1 56 2 49 2 8 0 1 0 55 4 93 9 92 4 27 2 15 1 63 4 31 8 1 2 99 4 30 0 98 6 49 9 19 0 24 6 99 9 83 3 21 4 53 5 16 5 78 7 71 4 83 0 79 9 51 8 74 4 88 3 74 8 65 0 82 8 77 8 31 7 86 7 8 8 90 8 67 7 40 8 50 4 21 0 8 8 11 3 33 2 75 2 91 9 47 4 90 
100 4 98 4 41 0 34 5 23 1 24 4 17 0 32 2 40 9 97 2 99 7 78 0 49 4 45 5 60 4 98 0 13 6 39 8 61 3 35 7 30 2 68 8 15 6 7 1 27 8 81 7 14 6 1 1 21 6 34 2 62 8 29 3 97 8 100 8 59 2 87 7 23 9 87 3 62 1 47 9 77 6 98 0 64 0 43 5 78 5 56 2 51 3 5 0 88 3 46 3 74 4 16 4 90 7 9 6 73 9 20 6 41 7 76 2 77 1 6 2 89 7 37 5 55 4 100 0 27 4 88 7 98 8 48 0 97 3 10 5 53 3 25 4 86 8 92 6 1 2 19 5 91 1 22 5 66 8 23 6 2 2 31 0 10 7 37 6 35 6 64 1 43 1 14 4 85 1 29 0 92 1 51 2 50 8 25 2 83 5 51 7 66 8 6 9 74 7 89 7 29 
100 5 59 5 98 0 44 3 97 8 100 1 58 4 61 0 42 7 31 0 42 6 6 9 75 4 78 3 43 6 97 5 54 2 23 2 97 9 61 9 99 6 79 7 78 4 68 3 78 2 78 9 59 6 23 6 80 1 82 6 33 5 59 2 93 1 100 5 42 2 29 3 22 2 73 8 84 1 83 2 74 9 98 0 83 8 56 6 95 2 37 5 63 3 50 9 81 3 84 5 97 5 70 4 45 5 82 8 47 9 34 7 35 8 13 5 81 5 84 6 55 3 79 5 48 9 61 4 1 5 46 7 74 5 41 6 10 5 96 0 3 1 3 0 62 5 35 9 8 3 62 8 15 2 65 2 33 3 57 4 98 7 86 8 73 9 44 3 62 9 27 0 75 7 11 7 92 5 23 8 38 7 7 0 74 9 86 2 94 5 30 7 85 3 18 3 85 4 18 9 90 
100 0 48 2 24 6 28 5 50 6 44 6 62 4 19 9 66 1 57 8 24 9 70 4 14 1 50 1 53 5 75 2 93 1 88 5 6 5 42 4 44 1 6 1 82 1 10 4 79 9 49 7 99 3 85 7 39 8 37 4 42 6 5 8 97 9 64 7 30 7 69 0 100 9 70 7 14 8 74 3 63 0 81 8 45 5 59 3 51 5 10 2 91 2 10 6 36 1 3 7 3 7 28 9 81 4 87 0 64 3 43 9 68 3 79 3 4 6 100 3 4 7 85 4 61 2 94 3 14 5 52 0 43 3 30 9 65 9 99 0 59 2 50 4 42 3 25 3 16 8 49 8 31 6 50 1 34 2 40 8 3 8 14 3 12 7 77 5 52 2 90 4 39 4 10 6 89 0 93 3 93 6 52 3 80 1 25 9 78 9 94 1 26 2 98 9 14 1 70 1 95 
