10 10
100 5 62 1 16 7 22 8 45 3 83 0 28 6 19 3 25 1 70 5 90 0 4 1 25 2 4 9 92 3 94 6 58 3 9 0 54 7 82 7 19 8 23 5 22 6 6 7 29 0 77 1 85 7 81 9 36 1 46 1 85 6 27 8 22 7 59 6 54 8 100 7 86 3 84 4 28 8 19 9 59 8 56 3 35 3 33 2 91 6 45 0 50 1 58 0 76 2 42 8 38 0 63 0 9 6 21 3 15 8 76 0 52 7 48 8 13 8 66 7 66 3 82 4 81 0 8 5 9 3 45 2 24 9 59 2 82 1 12 4 57 7 48 2 90 9 22 9 87 3 27 3 54 4 4 7 50 3 17 4 20 0 77 4 75 4 97 8 36 1 13 3 81 1 3 0 36 0 23 2 52 7 51 5 97 5 44 7 47 1 69 7 58 0 25 5 82 9 62 1 83 
100 4 79 9 75 3 3 5 34 9 40 4 47 6 70 7 75 9 39 7 27 6 89 4 20 1 26 0 94 6 11 4 15 8 99 0 75 2 16 4 49 8 96 2 94 9 40 6 99 8 96 1 27 7 4 7 12 8 33 6 80 8 19 9 21 6 28 7 22 2 33 1 44 7 32 0 27 0 75 6 39 0 26 9 96 9 41 0 1 9 76 1 47 5 87 6 31 6 92 9 1 5 97 6 37 7 25 8 4 4 20 5 11 3 56 8 62 5 90 4 47 8 88 1 62 4 66 3 19 1 98 6 45 6 88 7 68 0 49 6 85 5 59 1 97 0 21 0 82 1 96 3 1 9 38 8 2 6 45 6 87 3 28 7 35 5 55 9 92 7 66 1 14 3 34 4 2 9 9 7 94 7 9 5 91 4 1 4 30 9 22 0 43 8 78 7 100 1 64 0 45 
100 6 65 0 32 5 50 7 6 9 93 1 92 7 70 6 44 8 96 8 61 0 38 9 16 9 92 6 31 0 23 9 36 0 96 8 84 6 87 9 78 7 85 0 9 5 26 1 65 3 99 8 71 3 83 6 51 5 62 9 96 6 32 1 92 4 80 6 69 7 41 3 53 7 69 8 42 0 37 2 9 5 38 6 29 7 92 9 19 2 14 2 63 4 24 6 4 6 49 6 20 5 87 9 18 1 56 7 85 9 96 7 59 4 45 4 43 1 36 0 30 3 67 7 73 7 72 0 44 3 79 9 11 2 34 7 43 7 22 3 26 7 37 2 94 0 9 2 63 4 1 3 34 5 32 0 36 2 58 5 78 7 80 8 9 4 64 9 64 2 51 7 1 5 97 9 68 5 8 9 32 6 37 8 42 9 40 5 28 2 46 1 19 4 12 9 54 2 61 5 66 
100 9 20 9 65 1 14 0 97 4 85 9 86 5 20 2 93 2 31 7 18 6 12 7 15 6 37 0 29 5 96 0 94 6 45 2 83 2 60 9 12 7 7 3 3 4 65 2 95 7 47 7 67 2 46 9 17 3 13 5 52 9 19 7 41 7 1 4 66 4 37 6 99 6 34 1 22 9 63 8 65 2 83 1 62 6 79 9 51 5 45 8 70 7 73 4 88 6 21 8 33 0 13 1 60 7 33 0 66 9 34 8 47 4 63 4 63 3 50 3 79 1 47 1 36 3 39 6 47 8 71 6 5 3 8 8 51 1 99 8 12 8 60 0 47 6 15 4 78 6 36 1 53 9 49 2 1 3 65 2 49 0 14 2 45 9 6 6 55 6 68 3 98 9 54 3 41 2 82 8 99 2 47 2 38 3 90 7 93 4 42 9 66 0 84 9 74 4 61 0 75 
100 0 67 3 55 3 46 9 40 9 8 5 59 2 24 3 91 9 38 2 87 2 45 6 38 1 36 7 39 8 54 2 77 0 73 5 90 6 77 4 47 8 34 2 13 6 92 4 33 2 12 5 50 7 43 4 98 8 67 0 56 2 10 3 44 2 81 2 25 6 43 1 40 0 34 1 45 4 89 5 70 2 76 8 32 4 83 3 37 3 42 9 98 1 87 8 28 4 86 5 86 9 69 6 97 2 60 2 65 8 83 9 96 1 71 3 24 1 61 2 3 7 20 8 33 5 93 2 50 9 32 2 50 1 49 8 92 9 41 8 99 9 95 3 16 7 72 9 58 2 22 8 12 1 97 6 25 0 3 4 97 8 75 3 67 4 35 3 25 0 92 1 58 4 49 2 38 8 14 1 65 0 4 7 92 9 98 3 29 7 63 6 38 9 15 2 27 9 68 7 82 
100 6 70 9 100 0 10 7 16 1 19 6 23 0 20 9 80 7 84 5 50 8 19 5 56 9 53 1 64 9 98 7 67 5 26 6 97 2 88 9 23 0 25 4 30 1 60 1 95 1 98 6 4 6 100 5 90 4 48 7 69 8 15 6 22 9 22 4 30 2 42 0 9 9 22 8 88 1 35 6 18 1 45 7 85 3 71 4 52 1 82 5 23 0 88 2 63 4 99 4 82 2 33 1 35 1 94 0 27 8 45 0 51 3 53 3 59 0 49 6 9 7 33 8 24 2 68 6 98 1 16 6 82 5 59 7 25 9 96 6 27 8 39 5 27 7 1 0 72 7 40 7 94 8 60 6 85 6 62 6 22 1 24 5 93 2 98 7 93 4 37 9 36 6 29 5 74 3 14 8 53 8 88 2 76 0 66 7 9 6 47 2 80 2 56 2 48 2 99 1 37 
100 8 53 1 24 9 6 9 76 2 61 3 31 4 68 6 13 6 3 2 69 9 65 1 71 8 5 4 95 6 80 4 2 1 22 6 65 9 91 2 85 2 74 4 83 9 62 7 60 6 57 3 18 7 75 5 93 9 76 0 80 0 16 4 15 0 34 8 67 9 65 4 77 5 38 2 26 7 30 4 49 3 16 7 54 2 30 2 81 4 14 1 1 7 90 7 17 1 21 1 90 8 86 8 40 8 33 6 49 6 27 6 16 9 21 9 17 2 45 9 25 1 13 0 26 5 71 4 11 9 93 6 97 3 67 6 38 5 28 4 98 4 83 8 5 5 41 0 19 2 61 8 88 3 95 1 34 6 64 5 32 4 92 0 95 7 80 0 46 5 85 4 53 7 34 1 75 2 19 1 31 9 54 9 36 1 46 5 80 1 77 5 2 4 58 0 30 8 7 5 60 
100 9 50 8 4 4 32 3 90 0 94 3 48 6 29 2 74 2 25 5 18 8 73 0 87 8 96 2 7 4 18 7 18 3 80 7 95 4 20 0 14 9 69 7 9 0 51 8 40 3 69 9 3 5 74 1 38 3 98 5 32 4 26 9 27 2 2 3 64 2 6 1 11 3 66 2 20 3 12 7 67 5 46 3 31 1 12 6 53 9 29 0 63 6 64 4 72 8 14 3 24 7 48 8 22 8 1 4 96 0 92 6 15 1 86 6 99 6 22 6 95 1 54 3 40 0 19 2 83 6 52 3 7 1 41 9 58 8 34 2 90 5 92 0 67 5 5 6 9 1 22 1 66 3 33 3 99 7 38 3 29 6 27 8 33 0 71 3 23 7 6 1 64 8 49 5 49 0 64 0 74 7 41 0 35 7 77 2 9 7 22 2 6 6 67 7 29 8 67 6 60 
100 7 48 4 40 5 58 0 31 6 47 1 56 3 75 8 67 4 4 3 25 4 96 0 10 5 6 9 97 9 32 6 3 1 76 7 100 8 61 0 68 2 19 9 58 9 33 0 2 6 55 6 43 2 13 3 98 2 68 5 88 0 74 3 82 2 16 3 97 7 2 9 80 7 75 2 72 1 63 2 32 9 51 7 98 5 10 8 100 8 84 9 67 5 35 9 33 0 84 0 37 4 34 1 17 1 46 7 79 9 58 8 85 4 9 1 97 7 26 0 99 2 3 6 81 1 44 0 38 4 15 3 69 6 88 7 67 1 25 7 14 0 59 6 18 6 63 0 98 1 84 8 90 3 46 9 21 7 61 0 53 6 25 4 82 9 50 0 91 2 70 4 24 6 40 6 54 9 12 5 79 3 78 4 68 0 58 0 62 7 97 6 24 4 98 1 95 1 71 3 59 
100 0 13 8 25 8 29 4 39 9 52 5 76 7 18 2 16 3 40 2 19 2 42 9 58 9 84 7 92 1 68 0 55 0 47 7 54 4 71 6 12 1 47 8 87 2 75 4 40 0 12 0 19 9 45 4 42 9 74 3 71 8 34 4 93 9 36 9 98 2 9 2 21 4 64 9 94 0 4 5 46 5 40 2 87 4 91 1 61 4 5 5 25 0 48 5 32 0 29 3 47 9 85 5 84 5 100 0 36 5 40 3 83 1 75 8 47 2 64 9 94 7 98 8 61 4 45 4 56 5 31 3 93 0 68 9 68 7 71 6 93 1 61 5 88 9 11 9 35 7 78 0 39 1 96 2 65 9 83 7 83 5 42 5 77 2 10 3 12 1 31 4 21 8 23 9 53 7 34 2 88 1 90 3 12 6 11 0 29 7 89 2 38 8 25 7 14 9 33 4 27 
