10 10
100 2 29 2 43 0 82 2 20 3 32 9 13 2 68 4 46 2 60 9 74 4 8 2 67 4 23 4 76 0 22 8 60 9 61 7 80 8 58 7 38 1 38 1 70 2 89 2 40 2 50 1 46 9 44 0 7 8 43 9 10 0 3 0 60 9 33 5 86 2 21 8 95 6 89 3 61 4 41 5 19 0 41 4 12 3 89 0 79 0 8 8 71 6 45 7 69 5 82 8 22 3 93 8 89 6 76 4 91 2 44 6 62 7 69 8 81 4 1 1 64 2 48 7 27 4 41 8 100 9 59 6 85 5 1 0 11 3 25 8 100 9 61 8 48 0 91 3 29 2 88 4 5 0 98 0 20 1 55 0 9 1 80 9 71 1 81 8 63 6 93 2 55 1 93 1 70 5 85 2 62 0 52 5 48 3 94 7 93 8 46 7 92 6 72 1 79 7 47 5 97 
100 0 61 3 15 9 67 2 19 4 5 6 97 7 59 1 88 1 2 5 64 3 99 3 51 4 84 8 2 5 1 9 52 9 62 4 50 3 22 7 71 8 41 7 72 3 19 2 2 3 6 4 18 5 11 5 57 8 88 0 64 0 14 5 42 2 76 7 6 5 94 5 98 2 73 8 56 4 47 4 48 3 87 1 55 2 51 6 14 0 87 2 39 8 29 2 96 7 45 4 41 9 70 0 51 4 56 9 94 2 41 5 31 9 88 0 2 5 55 0 62 7 49 1 22 1 97 6 26 2 68 9 25 9 40 5 92 5 85 9 35 9 91 6 93 4 97 7 21 1 37 5 28 1 9 5 88 0 69 3 62 9 30 0 62 8 54 8 17 8 12 7 37 8 38 4 6 3 87 8 49 3 29 3 7 5 89 0 65 0 90 2 87 2 76 4 2 5 63 7 21 
100 7 74 3 65 6 59 7 87 0 84 7 50 6 42 4 34 4 50 8 65 3 75 8 42 4 32 3 96 5 77 3 3 5 46 4 35 0 73 7 53 5 81 8 39 0 8 1 49 5 90 1 80 1 27 8 21 1 61 8 26 3 39 9 52 4 36 4 9 4 46 1 59 0 13 0 82 4 14 0 85 7 35 4 63 0 67 1 47 4 62 3 36 0 77 6 69 2 97 9 60 1 87 4 71 9 70 3 92 6 69 8 32 3 3 7 43 7 95 0 84 1 74 4 9 0 84 6 23 4 39 2 33 8 99 0 5 9 20 7 65 8 30 7 19 0 49 7 89 8 47 9 63 7 56 7 80 4 37 1 58 6 59 9 45 7 62 1 44 3 34 7 55 6 32 3 17 3 56 1 83 9 64 5 33 1 66 0 93 5 81 3 12 1 12 4 91 8 62 4 22 
100 8 73 3 12 0 99 1 85 2 83 7 97 5 46 8 92 6 80 6 72 3 43 3 77 9 92 0 62 0 25 2 34 4 30 8 65 1 53 5 82 0 13 0 95 6 10 4 74 8 48 0 80 2 92 0 9 2 3 1 89 6 1 6 20 9 5 7 80 8 12 4 80 7 63 1 35 0 57 7 4 5 74 2 90 2 97 4 10 9 43 6 34 9 18 4 81 9 91 1 49 5 97 6 69 9 23 0 34 6 98 5 22 6 82 5 16 9 24 2 97 3 42 5 83 5 6 0 80 6 87 8 56 7 97 6 46 9 5 1 86 5 3 9 30 2 74 2 83 9 6 8 18 8 59 5 21 6 22 0 87 5 70 4 96 2 20 5 49 9 49 4 75 4 8 6 1 6 94 1 68 5 75 3 24 6 54 6 59 3 56 1 36 3 45 6 76 0 86 0 62 
100 6 12 0 34 6 12 1 65 4 92 5 54 3 33 7 31 7 10 7 56 9 57 5 98 5 38 4 45 8 41 0 95 7 83 5 62 1 72 4 82 4 98 7 1 4 38 0 81 0 80 8 79 2 29 6 91 9 1 5 56 5 76 1 64 3 82 2 31 9 37 6 16 7 23 2 30 8 50 7 33 2 56 5 66 5 80 5 63 8 55 6 63 9 23 7 96 9 47 0 42 0 99 7 5 4 86 3 57 0 62 4 4 2 66 9 7 7 95 2 3 8 28 1 65 3 79 1 70 5 60 2 88 7 24 9 49 1 19 9 87 7 78 3 58 8 60 0 49 7 71 2 49 1 25 6 57 5 60 0 93 6 61 3 50 3 95 7 31 3 21 2 33 1 57 0 55 1 91 2 15 8 67 3 57 4 9 3 34 1 71 2 16 3 90 2 12 4 55 4 95 
100 4 72 8 67 4 6 6 29 4 15 8 99 7 6 6 9 2 87 1 4 1 46 6 76 0 60 9 55 8 19 5 34 9 31 3 22 4 11 5 95 6 4 5 54 6 75 4 23 5 11 6 46 6 25 6 8 9 34 7 54 2 63 2 50 1 71 2 85 6 15 4 38 6 66 1 86 6 27 9 66 4 37 7 2 6 86 6 10 9 54 8 8 3 9 4 99 4 33 0 3 2 50 2 39 2 27 0 14 6 20 6 1 9 7 9 12 2 59 1 8 2 26 6 20 3 22 9 7 2 82 1 63 6 56 7 75 0 33 8 53 7 80 6 11 4 49 2 97 9 62 7 35 2 58 4 88 9 61 8 14 1 37 8 14 7 60 2 98 2 70 6 78 6 19 3 62 2 52 0 50 8 96 4 1 5 6 9 25 4 81 8 20 0 16 4 33 1 100 5 28 
100 9 79 1 80 6 78 1 15 4 91 0 74 4 57 3 82 2 78 1 74 1 88 6 5 2 85 9 52 7 79 2 75 6 65 5 67 8 30 9 21 9 88 3 63 4 81 9 36 3 99 5 72 9 82 6 23 6 79 4 43 4 75 4 67 1 13 3 41 1 48 4 28 3 92 4 56 5 39 5 61 0 99 6 31 6 29 8 10 1 56 5 71 6 19 6 96 3 12 8 35 8 74 1 40 7 94 8 43 4 31 6 12 0 17 6 54 0 98 7 24 4 38 7 21 4 88 6 9 4 9 1 21 9 32 1 42 9 29 9 77 5 45 1 35 8 23 5 52 1 79 6 74 6 57 5 72 6 20 7 18 6 13 7 38 5 85 0 89 3 39 8 10 7 28 6 79 4 67 6 51 9 64 5 61 8 74 7 10 9 48 2 3 0 44 8 44 9 76 0 67 
100 8 55 0 54 3 100 6 78 6 2 0 43 1 86 5 74 3 51 8 82 3 84 2 24 9 41 7 1 6 41 1 77 4 24 3 5 3 14 7 70 1 99 5 19 2 69 7 86 3 61 0 77 1 97 8 91 5 22 6 33 9 19 9 70 5 72 1 2 2 62 3 16 7 65 4 39 7 55 6 54 4 66 0 55 0 56 0 51 7 79 1 60 7 84 2 59 4 10 8 83 7 89 1 67 0 78 5 87 7 59 6 43 2 7 7 71 7 66 1 39 9 82 7 59 8 32 5 99 7 22 0 92 9 46 2 29 1 100 5 52 1 27 4 78 9 40 0 46 1 36 0 76 5 68 4 30 5 27 2 87 3 30 7 81 2 49 8 92 1 98 9 56 7 2 6 83 2 82 0 87 0 41 2 34 9 1 0 11 2 42 3 16 4 30 8 56 1 88 1 92 
100 8 17 4 96 5 34 0 96 6 58 7 97 3 39 4 4 7 97 5 25 0 85 2 31 2 51 4 55 8 4 3 18 6 44 5 27 3 8 0 5 3 99 3 7 9 24 5 8 5 56 3 29 0 36 2 97 2 86 7 86 5 19 7 89 0 91 2 62 8 46 9 35 3 16 3 68 1 1 3 83 0 17 7 25 2 15 1 30 8 89 1 8 8 58 4 36 9 89 9 75 8 98 2 18 6 56 3 38 1 66 5 48 9 87 9 44 2 66 4 2 3 89 6 28 4 99 8 49 5 73 4 92 0 13 9 28 4 11 1 68 9 7 7 11 6 51 0 45 4 55 7 94 7 42 4 19 3 42 9 77 9 21 7 99 3 53 1 78 3 99 1 76 5 33 8 21 1 68 1 89 3 90 2 98 9 41 8 73 3 24 2 95 2 9 4 86 9 25 1 16 
100 0 21 1 1 1 3 5 43 0 97 0 35 3 85 1 30 4 13 7 8 5 44 2 56 9 75 7 2 4 56 4 30 8 89 0 60 7 76 1 27 1 56 7 69 5 66 7 96 2 12 2 91 5 24 3 28 8 4 9 33 6 7 5 46 4 57 4 19 3 45 3 43 3 42 5 58 5 98 8 51 7 61 5 49 5 26 9 37 3 35 1 82 2 53 9 16 9 91 1 61 2 43 1 57 0 58 6 59 7 89 7 90 6 10 6 67 7 1 6 38 3 51 9 8 5 51 9 58 3 90 8 71 8 59 6 54 5 74 5 53 2 50 6 65 9 96 3 48 0 82 1 19 1 31 7 87 9 95 8 4 3 9 3 12 0 51 2 36 3 23 2 12 8 59 5 55 7 24 4 66 8 75 5 89 6 77 8 59 9 53 7 56 1 58 8 95 9 41 8 39 
