10 10
100 3 68 3 12 2 3 5 14 1 2 7 29 7 14 9 34 0 49 1 60 5 76 8 2 2 65 1 27 5 54 4 15 3 3 2 27 8 35 6 96 8 62 1 63 2 84 2 69 0 31 7 66 3 97 5 74 3 37 3 61 3 56 8 60 0 8 8 91 5 33 2 23 3 35 1 6 8 52 5 91 0 54 6 92 3 91 0 34 4 63 4 73 3 44 4 43 7 33 3 27 0 17 1 65 3 52 6 50 9 41 0 3 7 48 7 51 5 86 4 76 6 25 7 14 8 31 4 93 0 63 8 18 0 49 4 38 7 18 9 84 9 77 9 84 6 89 4 45 9 27 2 89 3 18 0 23 5 10 5 26 3 10 3 84 1 85 0 70 1 41 5 90 0 96 1 20 2 85 3 75 1 86 4 1 7 21 3 71 0 61 1 36 9 73 8 4 7 80 1 82 
100 4 58 0 22 6 58 1 89 6 88 8 44 1 54 4 84 3 34 8 80 8 28 2 65 1 75 0 24 2 66 7 95 5 77 3 49 0 63 9 64 1 18 0 36 0 1 8 52 7 15 4 35 0 8 9 99 3 46 8 30 3 89 5 43 1 13 7 15 9 46 2 4 8 8 1 44 6 33 0 14 8 55 9 71 5 52 2 97 3 41 9 39 9 2 3 63 8 18 7 12 9 75 0 35 7 77 3 51 8 36 0 57 4 3 0 11 3 41 2 64 2 82 4 33 6 26 9 91 5 17 7 84 6 23 3 4 2 93 0 85 8 12 7 10 6 21 5 58 8 15 0 67 5 90 7 1 3 96 8 66 8 3 3 88 5 82 3 93 2 46 3 71 1 46 0 86 7 32 2 18 8 25 3 78 8 35 1 96 7 4 4 39 6 70 0 34 7 64 3 94 
100 5 4 2 54 4 6 0 57 2 79 3 46 0 51 8 68 9 49 7 5 6 66 1 57 1 62 0 25 6 51 0 27 6 9 3 21 3 23 5 71 4 81 2 16 2 78 9 34 8 70 1 78 6 31 4 11 1 100 3 6 0 11 6 49 3 11 6 90 3 89 5 80 6 44 7 32 1 38 3 77 7 90 5 22 4 58 5 53 3 46 7 92 2 81 0 6 4 2 6 88 6 2 5 84 9 100 3 52 4 47 4 19 2 3 6 26 7 80 6 86 3 66 9 100 4 1 6 10 9 65 2 22 1 39 3 40 5 33 9 53 4 3 8 71 3 30 0 4 5 23 4 98 6 32 1 11 9 51 3 74 6 41 8 71 8 10 1 33 1 31 9 93 3 40 2 53 9 60 5 90 1 17 7 92 7 21 9 76 8 66 9 43 1 81 3 63 2 12 2 40 
100 3 87 1 33 2 41 0 2 1 22 0 98 1 63 5 13 0 1 4 77 9 75 2 29 8 68 0 79 1 92 8 55 0 16 2 32 1 67 5 41 3 51 5 85 7 79 7 65 6 71 8 72 2 56 8 92 8 68 5 1 1 31 7 54 2 23 9 15 8 29 8 60 9 16 9 15 7 23 7 8 4 30 4 90 8 13 1 60 9 27 0 60 2 79 9 93 6 14 7 11 3 56 3 100 3 8 5 33 7 43 1 10 8 58 3 38 4 62 1 58 1 44 1 87 8 42 2 24 1 24 6 5 6 20 3 93 9 98 9 30 0 22 7 42 5 90 3 48 8 87 7 41 3 82 3 71 8 9 5 14 6 60 1 95 2 11 0 37 4 58 6 39 5 91 8 70 5 45 7 22 8 12 0 7 3 64 8 87 5 38 1 19 9 19 0 48 4 87 9 32 
100 0 100 6 73 6 7 8 30 5 40 6 42 1 57 2 70 2 62 0 49 3 58 6 11 9 83 8 58 9 30 1 49 8 76 1 12 1 78 5 30 3 61 9 41 0 18 4 10 5 54 3 64 0 77 3 59 7 53 4 11 8 54 1 78 8 73 4 65 6 29 5 96 4 44 9 60 4 65 4 91 9 40 3 44 1 62 8 59 9 98 4 97 7 30 7 73 2 47 3 50 0 61 8 1 1 35 6 10 3 17 4 79 2 78 3 46 2 96 1 3 5 60 7 100 2 44 9 16 3 14 8 82 0 12 9 54 4 96 7 49 4 70 0 80 8 40 0 57 4 18 3 99 2 56 2 54 8 12 1 51 6 39 3 28 4 10 8 97 8 63 0 6 1 42 0 61 0 65 3 44 3 1 6 87 3 27 3 43 5 57 4 86 5 53 1 65 5 2 3 94 
100 4 16 5 2 2 77 9 48 0 63 0 97 2 28 2 1 6 81 2 97 5 84 5 56 4 68 2 54 5 52 4 94 8 84 6 42 7 58 1 29 2 43 4 96 3 99 0 3 9 16 9 2 0 66 5 43 9 98 6 91 7 9 9 38 8 6 5 95 5 82 8 62 8 52 9 4 0 63 3 82 3 2 7 91 9 28 5 64 4 50 2 42 6 96 6 95 7 74 3 26 6 34 8 21 0 58 8 100 4 62 8 33 3 55 7 79 3 99 7 11 4 36 9 27 4 29 2 49 6 33 4 30 4 100 2 86 2 76 3 27 1 57 1 89 7 28 1 34 1 81 9 9 5 6 6 57 9 38 9 18 2 4 9 71 6 24 4 22 9 81 6 17 0 75 7 46 6 47 9 43 8 51 1 68 0 68 9 62 2 62 8 76 8 55 8 27 8 49 2 14 
100 3 13 3 11 0 34 3 75 9 53 7 34 3 82 7 95 9 10 1 61 5 18 1 83 3 13 3 22 2 1 6 29 4 26 9 40 9 75 2 5 4 97 5 79 9 83 8 79 5 71 5 11 2 70 8 5 4 77 8 73 3 10 4 86 9 47 1 35 3 36 7 20 9 73 0 60 0 85 0 14 3 88 4 24 0 99 0 1 2 13 7 75 4 38 9 100 7 100 2 54 6 33 0 19 7 29 4 78 1 47 5 22 2 28 2 9 5 9 9 48 3 60 6 75 0 84 6 42 6 49 9 87 0 72 4 1 8 50 5 8 8 87 1 92 7 68 5 88 2 79 3 30 4 44 2 20 2 74 9 88 5 9 0 29 4 94 9 53 3 18 9 47 3 80 4 98 0 60 4 21 7 6 5 34 6 51 4 61 2 85 3 10 6 27 7 89 2 89 7 45 
100 1 34 4 36 9 36 9 53 3 100 3 85 9 13 5 3 5 63 9 16 8 54 8 41 4 81 9 90 5 14 0 67 8 72 4 4 0 62 8 8 0 54 8 21 2 63 5 76 6 96 7 12 1 2 7 38 1 85 9 57 9 10 0 68 1 70 7 36 3 27 2 64 6 50 5 13 2 58 4 31 8 74 3 96 1 65 2 73 1 57 1 63 9 37 8 77 7 77 8 55 3 18 7 62 2 81 1 56 7 62 6 14 0 16 3 31 8 68 5 70 8 97 6 82 9 53 6 92 8 45 5 65 3 40 3 73 8 79 0 7 7 53 1 22 6 84 0 87 1 85 7 89 3 83 1 78 4 65 0 1 1 97 3 87 8 15 9 82 5 72 7 16 5 44 1 60 1 77 9 76 0 80 0 29 5 67 8 24 8 4 0 88 0 2 5 53 6 28 7 88 
100 8 31 0 17 7 63 5 43 3 92 6 75 0 16 8 60 8 97 5 87 9 32 7 58 9 16 8 55 4 43 9 38 6 12 2 48 0 94 1 95 5 65 0 52 6 61 8 56 6 72 2 42 2 10 1 48 0 16 3 24 5 45 4 59 5 47 6 68 5 79 7 61 3 96 5 64 5 75 1 71 5 46 1 71 3 50 3 83 3 100 3 62 4 100 0 100 2 12 6 54 0 68 7 60 8 6 8 9 3 1 5 2 0 23 8 51 0 13 2 13 1 34 5 93 5 52 2 59 9 37 6 18 2 14 2 96 7 68 8 63 2 21 5 96 9 100 2 93 3 84 7 24 6 69 4 55 8 64 7 26 3 87 6 68 6 46 6 94 6 69 4 12 9 57 4 49 4 69 6 28 0 63 0 39 8 78 0 16 6 68 1 80 9 10 9 31 2 64 8 53 
100 5 44 5 14 1 40 3 9 7 88 9 76 9 18 7 8 1 1 5 19 0 40 3 1 8 7 6 86 4 37 1 94 9 97 5 64 8 55 1 10 7 72 2 13 1 2 2 29 4 25 6 87 2 32 3 96 8 31 7 5 5 81 9 56 1 28 9 46 2 95 5 58 9 33 2 7 5 72 1 55 1 55 9 20 9 27 8 88 8 2 8 93 6 24 7 60 1 97 3 28 7 5 4 99 1 39 2 46 5 13 9 33 3 91 9 49 3 57 7 91 8 99 0 57 3 46 8 42 5 84 8 44 9 40 0 11 6 33 2 53 3 62 1 19 4 37 7 100 1 79 8 64 7 34 7 29 4 68 8 37 4 13 0 21 8 76 7 23 5 92 1 87 8 70 7 33 9 23 0 50 5 15 3 28 7 2 3 32 3 70 9 99 0 66 2 48 3 48 2 45 
