10 10
100 4 8 0 72 3 54 3 70 9 90 6 44 1 8 6 3 8 45 9 86 3 45 8 68 9 89 2 12 5 61 3 96 1 15 4 91 9 16 1 40 6 37 8 62 0 64 6 2 6 95 2 34 7 55 1 25 6 73 5 60 8 87 4 49 8 81 7 70 5 13 6 69 3 96 4 5 4 35 2 93 5 22 2 78 6 29 9 96 0 93 7 61 4 85 8 84 8 90 7 14 9 36 5 93 9 96 4 71 5 18 4 38 6 10 1 65 0 30 1 16 7 46 3 27 3 10 4 21 1 73 3 20 3 39 5 6 0 88 8 73 1 96 7 46 6 46 8 18 0 51 3 10 1 75 9 16 6 79 2 58 5 9 2 46 5 15 8 35 5 93 0 13 9 15 7 70 7 73 4 85 3 11 5 27 0 46 5 51 8 44 0 33 7 16 2 2 1 28 9 93 
100 8 32 1 15 2 63 2 18 4 52 9 28 5 87 1 66 7 21 5 83 9 34 1 21 0 63 7 68 8 57 8 85 8 43 3 68 6 24 8 73 0 35 9 50 3 95 3 31 6 25 1 4 9 1 3 36 8 27 3 31 9 58 5 72 6 11 4 65 2 18 9 69 6 3 0 45 4 5 8 17 8 40 0 1 0 41 0 67 4 38 7 63 5 49 9 79 2 33 3 59 8 46 3 36 2 21 4 93 0 64 6 73 6 47 5 56 6 43 1 31 4 66 7 91 9 98 3 68 5 49 8 19 3 71 7 30 0 98 8 61 9 8 4 55 6 31 6 85 9 92 5 7 7 18 7 20 0 79 1 41 3 46 3 67 1 84 4 85 1 31 6 56 5 97 8 18 7 53 7 13 2 74 8 44 8 15 2 14 3 90 1 88 7 52 5 61 7 78 6 77 
100 9 25 3 6 4 2 0 54 9 72 0 96 5 88 9 50 8 69 5 6 7 35 4 63 9 71 0 78 1 69 5 15 1 26 7 55 7 17 2 46 1 10 7 89 7 76 6 21 7 65 2 56 4 67 9 40 7 82 4 7 3 71 5 6 5 82 7 26 0 21 5 3 6 60 2 29 5 90 9 58 7 10 7 65 4 98 6 26 9 43 5 22 7 22 7 66 0 1 1 47 9 69 7 20 4 7 2 59 0 48 9 47 4 100 5 35 4 100 5 27 0 19 6 44 9 3 9 29 0 57 2 53 0 61 4 5 6 82 0 80 4 95 7 23 2 18 9 15 1 85 3 15 0 88 4 59 5 48 7 29 2 10 3 5 8 52 5 75 2 27 2 79 3 81 9 51 5 31 1 16 7 28 0 91 3 89 5 59 8 96 4 23 6 16 5 81 4 95 8 31 
100 1 14 5 62 1 3 6 48 6 7 5 74 0 40 0 58 9 72 0 82 5 49 7 28 4 66 8 63 9 71 6 44 1 61 3 42 4 30 8 15 8 97 4 29 7 60 4 97 5 18 2 44 5 94 8 32 8 36 6 15 2 89 8 66 8 19 3 83 2 37 6 57 8 67 3 41 0 97 9 82 5 37 5 94 9 7 1 28 7 58 9 78 9 19 4 55 0 84 9 61 0 37 0 29 7 13 1 49 2 20 3 89 7 26 2 6 2 99 0 60 7 29 1 81 9 31 6 71 7 2 0 90 9 100 0 85 0 29 0 56 4 48 6 98 4 64 3 7 1 84 2 53 3 33 5 22 9 70 5 31 4 21 6 13 4 31 3 33 0 70 5 84 1 43 3 46 9 87 1 41 3 82 7 39 1 2 4 5 2 23 9 15 9 71 3 98 5 24 4 77 
100 1 17 8 85 0 72 2 35 4 58 8 61 9 44 6 83 5 62 2 22 8 39 4 59 8 51 5 64 7 72 3 73 4 38 9 11 2 3 0 51 5 64 9 30 4 31 9 74 7 17 7 53 8 73 7 30 6 17 4 19 3 51 8 20 1 80 4 73 0 27 8 67 9 77 5 24 4 82 9 44 0 79 6 3 9 81 1 72 8 71 7 3 7 31 2 74 0 40 5 73 1 82 1 30 8 94 8 68 5 65 9 64 3 49 5 44 1 98 6 33 4 67 4 96 4 29 4 58 0 22 6 76 1 38 3 16 0 79 4 100 2 98 6 98 5 38 9 74 6 8 5 72 3 43 3 42 5 20 3 93 8 94 2 100 5 28 4 31 6 71 6 11 8 39 5 68 2 56 6 96 1 60 1 55 1 62 0 38 8 13 0 59 3 68 5 60 9 29 1 37 
100 5 18 7 56 0 4 8 49 4 55 9 73 1 67 4 3 9 74 3 89 2 18 2 41 0 24 4 19 4 47 7 70 5 80 5 52 3 33 8 98 0 83 8 63 9 96 6 99 3 62 2 71 4 8 5 83 6 43 3 21 3 41 4 38 5 30 5 97 5 24 9 50 9 69 5 82 8 11 4 49 1 53 0 2 2 29 7 27 7 61 2 64 2 26 8 40 6 4 7 41 1 32 5 99 2 19 6 58 6 6 2 100 1 71 5 100 5 92 1 26 5 51 9 51 1 89 3 40 2 94 7 48 5 26 9 94 0 88 0 87 8 94 8 93 6 63 9 56 8 18 9 98 4 83 2 45 2 63 2 15 4 11 4 36 2 33 2 66 1 31 3 26 6 49 4 31 5 74 1 77 1 66 6 19 8 70 3 75 3 94 3 80 1 32 5 78 5 14 5 84 
100 1 23 2 61 5 100 2 51 9 58 2 47 6 35 4 23 9 21 9 30 9 94 4 93 0 31 5 17 2 20 4 5 5 59 9 13 9 11 5 94 3 63 5 47 7 46 2 57 8 38 0 51 6 99 1 62 5 7 1 44 5 57 3 14 3 84 2 78 0 6 8 69 2 100 9 9 5 5 4 77 0 30 5 84 9 59 4 90 2 40 7 70 3 92 6 75 7 30 9 16 6 65 0 53 3 23 8 23 2 49 0 43 6 84 2 37 6 59 6 39 9 65 1 15 3 67 3 41 2 69 8 73 6 35 2 89 1 36 7 91 6 92 0 95 8 60 6 57 5 88 7 75 2 38 5 4 6 84 0 20 8 87 5 82 9 82 3 15 4 6 9 46 1 10 0 45 2 14 5 73 8 48 4 9 0 78 0 50 9 28 4 23 8 88 7 75 0 60 6 2 
100 9 97 5 46 2 59 0 4 9 73 8 5 7 59 7 63 7 92 7 91 3 41 1 38 7 3 4 71 2 3 9 24 4 63 3 65 9 6 9 91 9 43 8 31 4 48 6 45 8 84 7 38 4 70 7 49 3 34 4 44 1 53 6 16 4 67 8 90 0 53 5 30 0 48 3 31 2 18 9 16 5 31 2 24 6 53 9 34 7 35 3 44 3 14 8 48 7 35 6 24 9 7 3 89 3 36 9 82 8 70 6 21 2 65 1 48 2 53 3 37 9 32 3 32 7 69 4 50 2 58 2 62 2 54 7 35 1 10 8 43 7 94 9 51 8 15 2 40 8 25 1 58 3 80 3 56 5 27 8 62 4 65 2 17 7 51 5 81 1 45 6 61 3 49 3 57 1 95 5 57 5 76 5 77 4 66 0 84 6 99 9 48 1 78 5 48 3 51 0 97 
100 7 38 3 8 1 83 2 9 0 36 8 25 7 24 2 95 3 34 2 82 7 68 7 82 3 86 0 2 5 34 5 55 7 12 8 66 4 86 8 58 4 1 2 78 7 77 2 24 4 96 4 92 5 100 3 78 9 81 4 9 2 95 9 24 3 73 9 60 3 80 7 83 3 88 6 28 5 38 5 76 7 30 0 34 0 45 9 62 0 39 8 37 4 63 3 71 7 85 6 70 7 77 8 93 4 69 0 7 6 67 4 2 1 87 4 71 9 61 3 90 1 30 4 77 3 84 1 24 1 73 2 97 7 100 6 94 4 75 1 68 7 42 4 22 1 15 8 38 4 49 0 35 5 31 0 13 2 92 0 78 6 33 5 83 9 62 6 99 6 60 7 66 4 54 2 66 3 42 6 52 8 65 6 51 8 3 1 30 6 89 4 7 5 56 4 52 7 45 0 76 
100 4 1 0 100 5 22 8 73 4 95 4 93 5 32 6 58 0 18 6 25 7 15 8 82 3 40 2 73 0 71 0 47 6 28 7 93 7 35 3 14 0 55 2 42 9 16 4 49 2 93 4 75 0 86 8 85 6 20 3 1 9 69 7 55 6 1 5 30 7 88 6 64 6 82 5 36 1 13 9 84 8 83 0 95 3 13 1 53 7 87 3 19 3 48 4 81 5 21 2 5 8 17 1 9 1 48 8 90 9 33 6 19 5 20 9 11 3 61 2 26 8 2 9 73 2 98 1 99 4 43 7 93 7 11 6 55 1 24 0 3 5 10 7 79 5 45 2 25 0 10 0 20 5 39 6 51 8 100 2 84 6 46 6 35 5 29 0 42 6 84 0 45 1 39 7 2 3 36 4 13 7 88 2 65 5 91 2 6 7 70 0 29 5 75 8 69 4 23 1 24 
