10 10
100 9 66 8 84 7 25 5 15 0 48 6 54 6 98 4 67 7 64 7 55 9 10 1 16 7 91 6 58 5 56 1 48 5 1 1 14 6 62 1 19 0 98 2 6 5 95 9 81 7 2 1 85 0 30 2 10 2 64 4 7 4 82 6 15 6 3 5 49 3 17 0 94 2 87 0 97 8 57 0 89 2 99 6 9 3 84 1 78 4 75 2 44 5 26 1 35 6 14 6 82 5 21 9 36 3 25 2 12 9 65 0 56 4 58 1 72 3 71 3 89 9 65 1 47 8 48 3 75 8 57 5 6 4 26 4 93 5 35 7 97 1 18 6 48 7 95 5 4 7 11 5 85 0 96 5 85 3 39 4 82 2 41 2 12 8 11 5 94 5 72 6 27 8 75 6 39 2 97 7 14 4 79 3 53 5 35 7 56 9 5 7 53 3 92 0 58 7 13 4 83 
100 9 4 6 24 5 43 1 55 9 76 9 27 9 30 4 74 3 4 8 37 4 40 7 2 1 89 9 54 7 30 5 56 7 40 6 11 0 78 2 42 1 27 5 45 4 72 5 33 1 23 9 80 6 73 7 23 5 80 2 20 3 18 8 42 4 20 9 52 7 8 6 69 4 55 0 20 8 96 8 79 5 85 0 74 7 18 7 86 1 37 0 59 8 16 0 38 0 55 9 36 9 54 6 20 2 39 8 45 8 93 3 61 1 94 4 35 4 15 0 89 4 82 6 52 3 93 3 51 4 89 2 6 3 46 2 59 7 90 2 95 5 28 5 13 2 94 0 18 5 61 1 40 5 76 9 90 6 72 0 20 0 25 1 98 3 41 4 96 7 34 3 60 4 29 9 29 2 18 8 86 9 70 1 8 0 86 2 88 9 4 7 20 0 82 4 35 3 11 0 9 
100 5 43 2 79 2 63 8 75 1 15 9 53 7 50 6 13 9 55 8 93 7 32 4 63 0 8 8 23 3 67 7 48 8 92 0 16 7 29 8 96 0 39 9 5 2 91 7 35 9 20 6 25 2 99 6 78 7 20 0 60 1 87 4 95 8 69 0 23 4 94 1 58 5 16 6 85 7 84 1 31 9 83 5 11 7 32 7 60 3 15 6 94 7 58 8 25 4 99 2 3 2 67 6 24 6 75 1 74 4 73 9 22 6 68 9 93 4 51 8 13 0 10 3 91 4 33 6 4 1 37 9 31 3 55 9 40 3 21 0 50 0 61 3 21 2 95 1 15 5 96 7 30 8 93 9 20 6 64 9 9 5 72 1 58 1 70 0 83 0 59 6 3 6 62 1 47 2 18 8 86 9 58 1 16 1 94 3 12 1 7 1 78 3 99 6 79 4 99 5 97 
100 5 53 2 51 2 75 6 62 1 22 9 65 2 93 2 100 6 49 4 73 6 20 9 57 3 77 1 21 0 40 6 52 6 98 8 17 5 33 0 64 6 23 9 89 2 69 0 63 8 63 2 92 2 36 3 23 1 11 7 40 5 39 7 46 4 28 2 16 4 23 1 52 9 58 9 68 9 83 1 100 5 33 3 28 0 48 5 59 3 74 5 70 4 26 9 32 8 47 9 85 8 32 9 27 1 53 6 61 1 42 4 47 3 8 8 67 7 85 9 49 7 51 0 78 8 52 3 91 6 76 6 31 7 47 4 22 6 40 9 45 4 39 5 17 4 45 5 32 1 49 6 13 7 86 8 31 8 90 2 81 3 58 9 20 8 39 0 21 8 73 7 57 6 37 3 4 8 66 1 94 0 25 6 69 9 72 3 13 3 35 4 2 7 76 0 81 8 19 3 23 
100 9 84 7 31 3 32 2 92 3 1 4 13 4 78 5 80 1 25 1 60 5 59 4 37 3 52 2 40 6 98 5 37 3 65 2 50 6 85 7 39 5 68 9 66 7 91 9 74 4 2 7 5 4 40 6 100 3 81 0 67 9 83 9 8 1 9 9 63 6 28 2 4 9 7 9 35 1 71 0 26 5 64 4 28 8 37 5 87 1 91 4 80 5 28 3 96 8 16 3 33 3 91 3 8 4 5 3 74 7 57 2 95 1 55 6 16 2 50 5 52 4 38 2 37 8 93 7 95 8 87 3 99 3 3 0 50 2 73 2 60 6 87 4 64 4 3 8 17 8 91 5 56 8 34 8 60 6 5 9 63 5 73 5 26 8 100 3 49 1 4 0 91 1 64 2 13 8 70 9 86 5 37 4 69 2 20 5 85 4 27 9 18 1 87 6 52 3 52 8 80 
100 5 91 1 59 0 80 6 75 6 85 4 86 4 78 3 3 8 62 0 24 4 72 2 40 5 64 3 76 1 45 2 62 2 32 3 81 2 69 3 57 8 48 5 47 0 44 8 37 7 64 8 38 7 5 2 50 2 71 6 29 9 75 6 47 5 57 3 38 5 51 1 87 4 75 4 17 5 20 7 40 6 84 2 86 4 66 1 27 3 34 3 25 0 46 4 84 5 32 8 86 6 87 8 14 5 4 6 54 8 11 1 26 3 60 6 71 7 83 5 34 0 84 6 86 5 43 0 48 4 43 7 12 3 48 1 63 7 20 8 9 3 29 6 70 8 12 1 18 7 61 4 35 0 22 4 40 4 83 8 55 8 79 6 16 5 93 8 50 2 37 7 11 6 50 0 59 4 58 4 71 8 65 1 61 1 50 5 18 2 61 7 39 4 61 5 26 5 42 6 51 
100 9 96 9 64 9 92 4 77 1 31 2 50 3 64 7 50 7 71 9 63 9 58 4 68 7 67 1 63 3 27 6 98 5 65 8 21 5 50 3 89 1 65 9 5 0 68 9 36 3 33 4 50 3 14 2 14 7 63 4 3 0 68 9 67 3 17 4 42 9 47 8 37 6 73 9 40 5 47 1 26 3 9 1 60 7 90 8 67 1 34 9 72 1 99 8 17 3 2 2 19 5 15 3 41 7 63 5 80 2 36 2 80 8 68 6 95 8 46 0 26 2 73 4 32 3 4 2 2 7 13 5 42 9 86 2 83 5 88 5 36 7 18 5 23 8 86 5 27 4 9 8 47 8 17 4 68 5 90 8 60 0 9 1 99 2 61 9 22 3 80 9 77 1 58 6 15 8 20 7 3 6 42 7 77 6 79 7 83 7 23 6 59 8 27 1 65 2 51 7 39 
100 1 7 4 41 5 21 8 26 6 28 3 95 4 17 8 6 3 70 7 5 9 87 3 51 9 12 1 26 8 41 5 67 5 4 3 67 0 28 2 34 6 58 1 95 4 63 7 13 2 87 9 77 7 83 3 93 4 53 2 38 4 4 6 65 9 87 8 70 9 72 1 64 5 20 8 55 9 44 1 17 8 64 2 97 3 23 2 27 4 38 6 53 1 83 9 9 6 94 9 6 3 68 9 88 5 74 7 37 0 72 2 70 5 36 9 57 1 4 4 27 9 65 8 50 5 13 9 59 4 28 5 51 4 39 7 66 3 32 5 86 2 96 7 81 9 81 5 17 3 73 3 81 3 25 7 58 1 27 9 26 9 36 1 75 6 40 6 100 8 43 8 26 7 46 5 22 4 13 6 25 7 48 5 22 3 19 3 25 1 68 9 24 0 92 9 29 6 5 6 50 
100 0 57 7 32 9 35 2 65 4 99 8 4 0 18 6 4 0 56 0 95 8 46 6 33 7 96 3 83 7 77 0 91 5 24 4 10 2 74 3 30 4 45 7 96 2 63 6 45 4 96 7 78 2 23 5 56 2 90 6 43 6 98 5 88 9 87 2 1 5 81 9 84 2 99 0 16 3 8 4 86 1 66 8 99 2 59 2 45 9 82 7 98 0 88 9 46 9 51 1 60 6 1 2 78 0 54 7 83 0 93 4 34 2 69 8 23 4 5 5 31 7 82 7 71 6 52 7 71 5 77 3 29 6 96 2 80 0 1 5 34 8 33 3 56 2 16 6 50 4 12 3 81 1 26 8 21 2 39 9 39 2 5 5 23 2 99 0 95 8 14 8 58 0 92 7 42 1 13 7 70 8 49 3 71 1 3 3 21 2 18 7 88 3 38 6 28 7 64 5 66 
100 4 81 1 67 1 1 9 82 4 35 9 37 5 52 6 64 7 27 4 22 3 56 6 36 6 99 2 69 6 20 2 21 2 64 7 43 5 5 6 52 3 11 3 82 7 55 8 79 9 63 1 51 5 91 2 91 4 15 4 45 9 21 9 68 2 56 8 34 9 80 5 58 0 63 7 87 3 84 9 32 2 13 6 86 5 90 0 47 1 55 7 74 1 1 1 14 6 74 4 45 8 7 4 68 9 36 7 28 8 60 8 76 9 8 7 27 0 34 5 44 7 15 9 67 3 51 9 3 3 60 7 4 1 65 2 75 3 68 2 69 4 54 7 83 8 19 9 69 5 34 1 50 6 78 3 83 2 71 3 76 1 50 3 18 6 99 4 69 1 30 2 75 0 32 3 58 5 81 8 12 0 71 0 78 6 48 3 25 0 24 6 86 4 44 0 34 1 86 3 89 
