10 10
100 9 1 2 73 2 80 8 17 0 39 1 9 5 90 6 23 8 77 8 94 6 68 4 23 3 40 1 86 1 14 2 93 9 57 4 27 9 41 9 1 0 92 3 38 8 93 8 14 5 100 5 87 9 96 1 36 8 16 2 7 6 99 1 51 7 77 8 24 9 61 5 52 7 54 6 6 5 88 1 99 7 95 2 99 9 75 0 92 6 5 5 69 6 54 2 13 5 1 1 22 2 62 8 63 4 4 2 26 0 29 8 27 2 21 0 5 4 70 4 43 5 98 4 17 5 83 5 80 5 68 6 80 6 46 7 67 7 6 6 28 2 54 7 15 4 98 4 30 5 80 0 52 6 53 2 24 2 25 9 49 7 77 1 12 3 6 1 30 3 73 7 6 1 19 5 75 5 47 5 48 9 18 8 6 8 10 1 93 6 77 1 79 3 23 8 89 3 89 1 23 
100 4 29 4 38 3 1 0 40 6 52 9 44 6 44 3 52 1 56 6 64 6 4 2 33 0 68 4 51 7 97 8 1 3 90 6 2 5 58 6 19 2 42 4 73 5 22 3 78 0 28 0 93 5 86 4 94 5 55 0 90 3 80 9 2 4 20 9 51 5 43 6 62 8 53 9 96 1 9 9 59 1 19 8 54 3 86 8 65 8 79 3 65 3 10 5 32 6 73 0 32 0 75 3 74 6 22 1 58 0 14 1 36 4 100 3 58 9 73 7 24 3 99 7 100 2 55 7 44 6 82 9 54 2 100 7 6 8 20 4 75 7 90 3 32 8 100 8 46 6 95 3 36 8 65 2 31 2 43 1 6 9 28 0 52 5 79 2 79 4 62 7 84 4 23 4 77 9 16 7 4 2 84 9 47 8 16 1 81 4 79 7 52 5 72 3 50 5 36 7 79 
100 5 41 5 16 1 70 5 15 7 23 8 56 5 75 6 27 8 22 8 23 9 92 1 66 9 25 4 36 5 9 1 94 2 71 5 26 7 17 1 45 5 62 8 20 2 95 1 24 3 34 1 65 7 86 2 69 0 17 0 90 4 16 8 27 6 90 4 95 9 49 9 62 6 91 5 62 7 6 0 60 2 84 8 92 2 33 1 11 3 1 1 2 2 53 7 69 9 28 5 52 4 21 4 79 9 50 5 92 4 95 9 21 2 97 4 39 1 13 7 92 1 53 9 24 7 80 7 39 5 98 4 77 7 32 1 7 5 53 7 70 4 43 6 27 3 97 7 70 8 26 1 42 9 80 6 84 0 98 9 20 0 95 7 23 0 51 6 89 8 4 5 34 6 17 0 81 5 87 1 68 6 11 8 79 1 82 6 16 6 32 4 75 7 70 0 19 5 90 3 25 
100 9 59 6 91 2 15 3 9 1 6 9 77 4 26 2 67 2 78 0 94 0 62 8 30 9 57 9 50 5 35 3 62 1 13 6 24 1 11 9 79 5 13 0 81 1 65 5 82 6 41 6 69 5 91 2 47 3 34 0 66 2 79 0 38 4 14 7 57 7 38 0 25 2 40 8 60 9 9 1 8 2 19 6 51 5 65 8 53 1 3 1 87 8 98 5 46 4 34 7 25 0 53 1 21 6 61 3 12 3 73 6 54 7 12 5 28 9 70 8 90 7 31 3 10 5 52 5 38 8 32 1 29 3 2 3 99 9 75 2 95 7 31 7 19 4 51 5 19 2 25 8 14 1 30 2 65 4 12 1 61 7 80 9 29 0 13 4 10 5 25 7 76 8 57 5 6 9 53 6 50 5 20 0 53 8 13 9 83 9 86 2 26 0 77 9 21 0 49 0 81 
100 3 35 1 19 8 16 0 50 5 52 7 10 9 13 2 14 4 62 2 1 6 34 1 4 1 22 6 16 5 56 4 82 6 26 2 70 6 48 4 14 8 32 6 97 2 30 9 39 9 20 3 33 4 9 1 52 9 19 4 24 5 63 2 99 5 8 6 56 8 87 5 68 5 76 4 52 6 79 4 90 9 91 9 99 2 45 3 57 2 51 2 71 8 32 8 94 7 72 4 92 3 2 7 30 0 3 8 57 9 94 9 82 4 57 5 65 6 25 9 11 3 4 7 12 5 23 6 53 9 11 4 26 0 68 8 4 9 17 4 26 2 30 0 11 4 19 3 66 8 55 6 74 4 100 3 64 5 76 7 95 0 57 0 70 3 56 0 75 5 20 0 26 7 14 6 55 0 13 3 70 3 36 7 98 9 24 3 47 3 81 7 68 2 62 6 56 7 15 5 44 
100 9 29 3 33 5 47 9 29 1 7 5 50 5 44 5 86 1 17 4 14 7 11 6 2 8 14 3 39 9 99 2 36 6 65 6 34 0 98 7 68 0 87 6 76 1 32 0 100 3 3 5 95 0 66 1 88 3 64 5 51 6 96 2 75 3 32 9 40 1 93 5 54 5 8 5 4 3 48 3 17 6 10 3 14 8 27 2 75 1 57 9 67 1 52 3 64 0 34 5 34 6 16 5 100 1 100 5 78 3 60 6 34 9 80 3 66 6 18 9 74 7 7 3 58 4 66 7 1 3 76 4 66 7 23 5 69 9 34 2 66 4 38 1 4 2 15 8 37 1 15 0 59 4 11 6 75 4 66 6 74 4 70 8 95 7 93 5 33 8 73 5 77 5 18 6 58 5 14 5 3 0 39 4 4 8 24 6 87 3 88 0 91 3 66 1 54 2 30 8 67 
100 0 70 9 92 7 13 5 63 4 8 1 58 0 54 6 80 6 81 0 50 1 72 7 25 1 2 4 36 9 28 7 40 8 32 9 74 7 40 3 1 5 68 5 17 0 19 0 78 3 33 0 33 8 45 6 10 8 25 3 99 6 82 0 23 7 89 5 43 7 67 0 11 8 25 8 17 9 74 8 49 4 48 8 66 5 15 8 14 6 17 1 91 9 9 3 86 9 29 6 82 9 56 3 53 5 41 8 56 5 74 1 37 0 76 6 18 3 28 3 91 7 16 9 94 5 13 6 57 9 32 2 98 2 8 2 56 7 100 0 44 3 64 0 96 1 30 9 58 6 46 9 30 6 11 7 72 9 32 6 15 3 47 2 27 4 40 6 9 1 48 5 33 9 85 6 10 4 52 8 56 4 19 2 15 7 42 0 89 8 93 5 94 8 18 5 53 5 57 0 20 
100 9 17 2 82 6 47 6 25 4 71 5 76 1 53 8 34 7 58 5 80 1 60 0 40 2 58 0 69 5 97 3 76 0 97 1 4 1 55 9 84 7 75 1 50 3 65 1 77 2 79 5 6 4 78 3 52 3 15 7 95 2 52 5 17 5 40 2 24 0 99 3 20 1 39 0 72 8 65 0 14 8 87 6 18 9 12 5 10 4 65 5 80 3 98 2 100 4 72 0 41 3 39 4 15 8 41 5 72 5 65 7 34 9 56 2 30 5 5 7 83 7 66 1 100 3 14 7 25 3 81 8 68 8 60 1 15 3 97 6 99 8 51 4 58 7 39 8 53 2 3 9 7 0 68 4 10 5 28 0 57 6 49 4 95 3 61 9 58 0 87 3 3 8 43 5 8 7 4 8 62 3 84 1 11 8 48 2 2 2 81 7 42 6 29 9 62 3 81 7 72 
100 9 13 8 56 1 89 9 94 3 100 4 82 6 84 9 14 2 75 2 71 8 29 6 22 6 39 5 22 6 37 5 21 1 48 7 15 8 58 3 1 9 66 0 55 3 55 7 46 2 97 6 63 3 45 7 56 3 30 5 56 9 45 1 19 7 43 4 3 1 50 3 42 0 33 3 21 6 48 3 60 8 79 2 90 8 97 2 17 6 56 5 87 8 42 9 12 3 52 9 30 3 31 1 23 4 74 5 42 7 42 7 22 1 78 4 5 5 9 0 99 1 30 8 43 3 93 3 33 2 71 6 54 8 44 3 92 8 37 6 89 4 27 2 95 5 27 5 61 1 63 6 33 8 44 4 70 2 55 4 25 4 93 9 33 2 24 0 49 0 11 4 27 5 16 3 51 5 28 7 38 3 84 6 57 3 62 9 41 2 70 1 80 8 95 4 72 8 41 5 51 
100 5 83 6 4 6 75 8 48 1 48 0 57 4 18 0 50 8 23 3 13 7 38 7 70 0 5 7 49 9 2 0 38 9 80 6 27 8 65 5 97 9 33 9 39 9 39 5 29 5 78 9 60 6 43 8 13 8 34 8 19 1 14 0 68 5 42 1 26 3 94 5 86 2 18 3 26 5 18 5 84 3 27 1 55 2 79 4 4 9 16 7 61 3 30 8 23 5 25 9 99 1 63 1 14 7 11 9 52 9 94 9 96 6 69 6 92 7 67 8 67 3 8 0 30 7 80 4 14 4 88 6 2 7 62 9 70 9 78 8 41 8 8 8 39 9 36 1 43 1 35 1 18 6 76 9 16 6 76 6 6 0 19 1 43 1 9 0 65 0 51 4 51 6 99 9 40 0 10 4 36 7 70 9 11 3 75 3 40 9 53 9 97 2 96 5 60 9 56 7 65 
