10 10
100 8 4 3 78 1 26 5 42 5 82 3 87 2 86 1 86 8 18 8 4 9 17 6 100 4 20 1 3 2 81 6 94 3 87 3 95 9 95 1 76 3 15 6 34 8 99 8 56 3 53 0 80 5 7 8 68 3 62 5 48 7 73 5 19 1 22 1 84 8 68 7 35 1 73 9 45 9 42 2 79 3 91 4 78 1 10 6 98 4 31 6 94 4 59 9 32 1 99 3 44 5 67 3 94 3 60 1 98 2 22 5 62 7 75 0 9 5 67 1 65 9 13 7 89 3 25 0 12 2 97 5 99 2 62 2 44 3 99 4 9 0 42 3 70 4 87 8 20 5 12 1 59 8 77 6 52 5 70 0 41 3 1 3 46 2 24 9 98 7 10 5 73 9 88 1 41 1 91 4 31 9 6 5 18 8 35 5 63 7 29 6 90 4 84 2 24 9 37 7 11 
100 1 3 5 3 4 20 8 66 6 34 7 73 7 74 9 72 2 55 5 98 9 93 7 72 8 3 9 84 0 4 9 13 2 28 6 52 9 48 4 50 6 30 1 11 9 3 7 61 5 16 7 24 7 88 4 42 9 94 2 58 4 45 9 36 6 93 5 76 1 53 4 84 3 86 4 82 0 37 3 15 0 97 6 33 9 9 1 16 8 22 3 64 3 12 0 76 1 60 0 93 3 44 7 42 6 18 3 35 1 94 5 24 6 26 1 100 8 65 4 84 4 27 7 39 1 98 5 55 2 5 1 89 2 24 5 77 5 66 1 87 4 2 4 45 6 35 5 77 2 71 0 27 3 42 8 35 7 73 7 79 2 53 5 69 8 69 8 65 1 42 4 86 5 41 7 24 8 85 4 34 6 83 6 5 2 4 1 60 4 57 6 6 7 20 4 94 6 78 3 24 
100 5 16 1 41 7 33 1 56 2 92 8 93 1 92 1 68 3 37 8 15 8 66 7 14 1 14 4 48 0 73 6 53 6 88 6 45 4 18 8 71 0 77 0 79 3 100 5 26 1 48 9 11 2 75 6 48 6 74 0 43 4 60 1 31 4 95 9 31 8 98 3 6 9 31 0 48 8 75 4 36 6 28 6 68 2 68 5 48 3 76 2 86 8 31 6 69 5 82 5 44 2 36 0 24 2 69 4 44 9 20 6 82 5 30 7 13 2 27 0 10 2 56 1 31 0 46 9 30 0 73 1 32 6 82 2 56 2 81 0 59 8 39 3 66 1 90 8 65 0 87 1 28 6 40 6 32 8 53 3 75 3 85 6 98 8 82 5 91 5 22 2 66 0 41 3 57 4 88 2 65 7 47 4 3 8 17 6 23 5 21 2 43 5 67 2 7 1 96 8 51 
100 6 15 9 68 6 59 8 12 8 46 7 95 0 20 1 74 6 66 8 59 6 57 7 31 9 51 2 6 1 30 9 63 0 12 4 1 2 2 8 93 6 61 0 85 4 13 1 87 8 47 5 95 3 83 2 61 4 57 3 64 4 1 7 16 1 66 6 28 7 19 1 84 6 4 0 54 7 97 0 66 4 1 5 23 5 58 9 70 4 33 6 53 9 76 9 72 2 18 2 98 0 85 4 93 8 39 2 41 0 80 3 84 2 43 3 33 4 59 6 60 9 59 1 41 7 57 4 11 6 29 1 84 0 51 7 83 5 9 4 88 9 83 7 25 2 32 7 30 9 23 5 29 3 45 0 65 4 68 9 24 3 38 5 71 3 66 0 69 1 43 1 83 3 47 0 95 1 49 2 68 1 47 6 74 2 73 6 54 8 18 3 81 2 28 1 64 8 41 0 89 
100 2 78 9 29 1 67 6 82 4 88 5 91 4 67 7 62 7 53 8 86 1 78 9 68 7 13 2 31 0 24 3 47 1 93 0 28 4 94 6 6 1 3 0 90 5 93 3 9 8 87 4 52 1 99 8 83 4 4 3 37 2 5 8 24 9 51 0 48 9 92 0 24 1 27 1 37 6 57 5 39 8 14 7 16 4 42 0 58 3 37 0 10 2 94 4 14 1 85 6 28 8 83 7 28 2 12 6 20 8 58 2 7 4 98 3 75 9 6 9 67 7 39 0 60 9 85 3 8 4 87 6 90 1 55 7 47 6 38 6 92 0 79 6 96 2 76 3 12 6 70 3 40 4 37 7 23 9 83 4 98 8 67 1 14 0 17 9 97 7 77 8 70 9 40 5 10 8 43 6 74 7 93 4 89 3 83 1 36 5 14 7 28 5 83 1 31 7 67 6 78 
100 3 69 2 9 5 97 6 76 0 17 2 3 7 83 7 37 3 41 3 20 4 44 2 76 8 91 8 29 6 55 8 48 6 35 2 2 0 27 1 97 7 66 5 89 2 7 5 88 7 58 1 11 7 44 3 17 0 45 6 52 9 29 6 41 6 63 5 46 9 31 0 9 4 71 0 87 8 38 8 44 8 51 3 41 7 41 7 82 8 60 7 50 2 71 8 67 2 25 4 70 2 26 3 89 5 93 7 72 6 16 2 43 7 48 0 81 7 99 0 89 5 65 9 18 9 70 6 61 4 96 6 81 7 31 7 71 3 12 9 3 8 99 8 8 0 57 3 12 9 31 7 60 7 84 5 35 0 64 4 80 0 42 4 34 2 48 7 26 6 23 8 21 7 31 0 87 0 22 3 92 0 30 2 92 8 27 1 71 9 73 5 38 1 75 9 62 1 68 7 92 
100 9 31 8 18 7 10 8 11 6 80 7 66 6 19 1 41 0 28 1 48 9 32 9 46 3 28 0 32 0 60 9 71 9 93 2 35 0 21 4 24 4 16 2 34 7 23 9 3 9 79 4 98 0 41 3 42 4 50 2 36 7 57 7 44 7 80 1 66 9 37 8 23 6 87 5 41 8 45 1 7 3 11 9 69 6 92 6 11 8 42 8 7 5 12 3 68 1 25 1 37 6 97 3 17 1 79 5 45 6 10 8 24 4 99 1 33 9 94 3 97 9 56 8 8 6 94 0 58 2 18 1 96 3 58 3 65 5 90 2 32 4 14 1 32 6 56 4 49 0 66 2 10 3 59 6 10 8 71 8 98 8 85 4 29 0 75 8 75 0 43 6 74 5 49 8 60 2 93 4 73 7 95 5 46 5 32 0 13 7 2 1 63 7 37 2 73 1 84 6 10 
100 7 46 9 75 2 31 6 78 0 86 0 65 4 14 0 100 0 25 1 47 6 8 8 2 8 82 9 32 7 50 2 52 0 61 0 71 1 23 5 40 6 31 1 6 2 67 2 42 2 50 1 10 1 53 3 51 7 29 5 50 7 5 4 65 0 30 8 31 9 31 5 54 7 97 6 55 1 2 9 32 0 72 3 89 4 64 4 34 8 32 9 38 4 7 4 12 3 13 9 53 0 100 4 30 5 38 8 77 7 98 7 78 4 48 9 52 4 57 7 69 4 8 2 11 3 20 0 44 3 60 4 22 3 60 7 41 4 79 6 18 5 25 3 82 5 22 2 25 7 66 3 21 4 52 0 23 3 17 8 60 0 52 1 6 2 41 1 80 8 98 0 70 8 96 2 7 3 76 2 24 0 37 8 88 1 12 7 87 7 21 6 58 3 13 2 16 4 30 9 51 
100 1 81 5 8 5 95 0 65 4 6 0 62 9 40 5 47 0 97 8 34 9 46 6 79 2 70 9 87 5 59 2 79 7 43 0 12 0 11 6 63 6 70 9 47 6 10 8 29 5 80 7 62 7 52 1 78 6 66 0 11 8 6 3 84 8 47 8 55 9 70 6 42 2 92 8 18 4 49 1 9 1 33 7 48 8 10 4 76 5 14 2 8 4 23 2 4 3 81 2 11 5 29 5 95 2 100 6 67 4 82 2 45 8 70 5 19 0 40 0 27 1 100 4 78 5 68 5 19 9 50 1 90 6 64 8 30 4 84 4 61 2 86 8 36 3 91 8 86 3 70 7 74 6 99 6 12 0 13 7 28 4 43 6 89 8 10 1 22 1 3 9 86 8 22 6 90 9 12 8 6 8 94 4 100 2 96 6 2 8 13 4 69 3 17 5 9 3 62 6 10 
100 2 30 8 56 1 52 5 20 9 10 0 32 9 5 7 2 0 86 8 30 8 10 8 39 7 68 7 52 8 42 6 42 8 59 7 4 9 2 7 100 1 5 5 65 7 51 5 92 9 24 5 47 8 70 5 91 2 25 2 43 9 79 2 30 6 58 5 63 1 1 0 50 6 57 4 68 3 57 1 14 0 73 7 64 4 100 4 28 7 70 7 27 0 90 6 89 3 38 8 76 6 29 5 58 0 36 2 69 9 26 1 41 1 31 9 69 1 6 6 38 5 19 8 26 8 29 6 77 5 2 8 68 8 5 0 82 5 29 7 46 9 60 2 88 6 13 1 50 9 92 9 79 9 7 0 6 6 78 1 91 9 29 6 90 1 76 5 1 7 50 3 73 5 75 9 39 5 55 4 96 2 48 9 84 8 1 7 81 8 36 4 4 5 47 6 9 3 31 1 90 
