10 10
100 9 60 1 68 4 32 5 77 1 83 9 2 9 29 7 14 6 19 5 15 7 59 9 87 0 67 3 65 2 95 5 18 7 53 1 3 3 72 8 23 5 10 8 49 3 43 1 44 5 94 2 84 8 57 2 75 4 47 1 25 5 27 7 64 2 52 5 78 7 31 9 48 4 54 4 25 6 48 0 76 7 86 5 39 1 90 3 63 1 73 7 53 8 21 9 80 2 22 2 23 1 39 8 52 0 96 9 69 6 44 6 90 8 75 3 61 9 93 2 33 1 23 9 88 6 28 9 27 5 73 4 67 2 99 2 91 2 33 7 17 8 89 5 39 3 70 3 100 3 77 0 54 2 38 0 64 3 46 0 81 2 55 3 58 5 18 7 76 9 33 0 36 3 87 2 53 7 87 8 95 9 53 6 29 1 58 5 55 0 76 0 40 5 88 2 40 1 51 7 27 
100 4 40 2 86 7 48 2 25 5 88 3 61 3 19 7 83 3 41 5 54 9 95 7 3 8 78 8 76 4 69 6 9 5 6 9 100 7 26 7 43 2 99 7 50 3 17 3 80 1 52 2 85 7 32 7 57 1 36 6 89 4 41 6 79 4 48 0 71 3 96 9 86 0 62 6 22 8 33 9 3 3 83 9 68 5 35 7 3 3 24 2 7 4 31 7 39 6 81 9 79 4 69 1 70 4 14 2 72 0 54 0 100 6 100 7 28 4 1 7 40 3 56 4 14 6 8 5 58 5 66 9 5 3 32 9 60 9 36 8 18 0 87 4 77 1 94 5 18 4 70 2 35 1 95 1 24 7 68 1 17 6 40 4 15 3 55 5 78 0 13 5 78 1 74 9 99 7 72 1 66 4 97 2 91 3 98 2 39 2 1 8 80 7 92 8 26 8 46 2 80 
100 4 100 7 41 9 92 1 9 9 74 4 92 5 49 1 1 7 76 4 83 5 3 4 27 7 44 3 42 7 67 1 2 5 15 9 74 0 83 9 82 1 44 2 79 6 78 8 78 6 30 2 1 2 26 6 25 8 77 2 1 3 26 0 63 6 2 3 76 1 82 9 77 2 28 5 78 7 8 6 93 9 14 9 2 2 41 6 24 3 27 7 29 5 2 7 86 6 99 3 83 8 31 7 25 0 4 7 72 8 63 8 88 3 45 3 14 5 97 6 32 0 80 2 45 2 17 0 62 0 6 6 86 4 27 1 31 4 73 7 65 1 67 2 78 3 25 4 59 1 88 9 31 6 65 9 96 2 3 7 68 7 65 3 66 0 45 3 71 8 93 1 69 9 2 3 55 2 72 4 41 0 79 1 68 2 16 7 90 3 23 9 66 3 97 8 24 0 6 9 8 
100 7 54 8 29 3 50 8 39 8 9 0 27 7 64 6 51 3 77 5 38 3 63 5 100 1 77 5 17 1 37 9 56 7 18 6 73 8 8 7 1 9 76 0 83 3 39 9 35 3 37 0 91 9 52 6 46 9 6 8 13 6 92 0 38 6 83 3 18 6 36 5 16 8 77 0 35 8 69 7 58 9 8 8 33 2 88 7 30 9 30 1 100 8 2 7 47 0 24 6 8 1 94 4 18 0 79 0 30 7 70 2 71 6 82 0 13 7 10 3 18 5 65 9 14 6 75 8 31 6 82 7 84 8 39 5 46 1 15 2 45 8 95 1 80 0 7 7 11 1 64 5 78 5 69 3 35 9 70 9 79 0 26 3 16 1 9 9 39 1 69 4 3 4 62 4 72 1 19 4 77 0 69 4 57 8 99 8 85 4 78 7 81 9 78 0 12 8 67 0 75 
100 6 84 5 41 6 9 0 13 6 100 1 81 8 77 5 97 7 52 4 84 0 5 4 4 1 99 0 16 0 22 1 68 3 19 6 98 7 93 9 16 8 55 5 64 4 18 4 92 2 10 1 18 4 23 3 95 2 81 1 17 8 71 2 52 1 20 5 81 3 25 7 56 2 26 7 10 4 91 2 16 7 43 3 29 5 78 4 74 4 72 6 86 4 56 1 25 5 98 2 30 5 67 8 27 8 56 6 68 8 64 0 46 9 35 4 78 0 69 8 7 3 59 7 71 8 48 5 40 0 82 9 71 1 92 7 26 7 49 5 86 5 45 3 49 3 19 3 51 0 25 1 7 1 39 1 83 8 48 5 34 9 68 3 87 2 60 0 59 4 89 5 24 3 27 6 32 6 44 1 48 4 26 4 43 6 49 7 45 9 5 7 89 5 42 0 68 4 6 8 13 
100 4 94 3 99 8 2 8 66 0 93 3 44 6 20 1 65 7 18 7 26 0 68 1 55 1 32 3 98 8 25 2 73 0 4 2 28 7 41 5 51 2 18 7 86 3 64 0 22 0 55 4 96 5 15 0 63 1 31 1 78 5 32 0 51 6 44 0 78 1 15 9 23 1 2 1 78 9 14 3 82 2 44 3 37 9 16 4 25 8 91 8 29 9 79 7 30 6 56 4 43 5 26 1 74 1 12 1 4 4 91 6 29 1 98 6 88 9 22 8 93 3 94 7 34 1 42 4 83 3 59 2 84 9 81 7 93 2 73 5 97 5 53 2 54 2 95 3 94 7 6 5 70 1 11 1 17 5 25 3 62 9 89 4 42 2 33 4 40 2 82 9 47 5 86 7 71 3 60 9 31 6 17 7 3 6 83 9 42 3 10 3 100 6 69 1 99 9 1 7 7 
100 3 80 0 69 2 78 7 40 9 15 8 4 0 96 3 62 5 57 2 60 4 33 1 42 4 17 0 51 9 34 6 37 2 52 3 19 1 81 5 98 5 16 8 55 7 70 5 25 8 86 6 52 8 83 0 58 9 100 0 21 6 75 0 51 5 57 3 36 3 65 3 2 8 72 9 81 2 64 3 62 4 30 2 23 0 6 7 86 1 39 6 42 2 60 7 80 4 9 7 53 0 26 0 33 6 55 6 19 2 12 9 77 8 77 1 61 3 53 2 31 3 50 4 84 4 35 0 81 2 97 6 95 9 43 0 38 5 70 7 83 8 45 8 90 3 2 4 12 0 89 3 56 5 8 3 65 4 19 5 22 4 83 0 46 0 97 7 47 8 1 0 68 1 75 0 32 5 91 6 8 0 75 7 71 6 20 5 88 1 61 2 21 1 83 7 15 4 90 9 66 
100 6 68 9 45 3 35 4 66 1 89 6 94 3 24 4 96 0 48 0 81 3 66 7 2 5 12 5 17 2 40 6 3 9 97 2 68 3 6 3 47 7 97 0 77 1 24 1 36 1 41 7 77 2 35 6 30 6 55 1 36 1 43 6 64 8 72 8 5 6 90 3 53 6 36 2 1 1 100 6 86 4 81 1 53 5 59 9 90 4 45 8 59 7 15 4 41 1 82 7 65 0 51 5 94 3 86 3 86 7 83 0 43 0 13 7 97 6 30 4 21 1 14 1 56 7 61 5 11 8 30 1 14 5 27 6 46 9 75 0 6 3 39 3 30 9 37 9 13 9 29 7 53 0 21 1 61 9 60 0 65 6 81 4 94 5 61 7 85 5 41 8 83 9 6 1 85 8 85 6 28 5 65 9 28 7 10 0 56 4 65 6 8 6 42 4 17 7 27 9 92 
100 6 45 1 17 3 54 7 44 4 18 6 16 2 78 1 9 0 6 2 90 5 98 9 3 9 14 0 75 4 81 2 15 8 1 3 93 6 41 8 57 5 77 8 96 1 64 3 23 4 37 4 97 3 94 6 77 1 90 4 84 6 80 6 59 8 54 8 11 0 23 5 72 1 96 2 14 9 12 5 33 8 62 2 74 5 44 0 72 1 99 8 22 2 50 3 50 0 82 8 51 1 41 9 21 3 38 3 31 5 65 3 28 1 16 5 6 2 41 2 48 3 74 0 22 8 45 8 22 4 3 1 40 0 60 0 20 4 96 0 82 0 62 3 1 7 7 1 62 6 22 3 86 8 42 8 67 8 5 5 45 1 10 9 75 7 88 4 16 7 67 1 6 3 12 3 87 7 5 9 18 7 73 7 52 0 11 2 28 2 65 8 20 4 52 5 53 9 2 2 75 
100 4 76 2 4 4 93 9 23 7 9 5 16 1 88 9 69 4 90 3 86 0 81 4 51 8 52 9 92 4 35 4 66 7 53 8 64 9 33 6 48 7 91 2 18 1 41 9 42 8 94 8 7 1 12 7 86 6 42 9 81 9 69 2 65 9 99 2 50 4 58 0 25 5 1 3 68 0 58 5 92 3 5 0 99 8 80 2 42 7 21 7 80 8 41 1 43 0 15 0 36 8 4 6 18 8 97 7 20 6 40 4 43 4 27 0 75 5 44 5 51 0 55 7 94 8 54 6 30 4 90 1 67 2 60 7 48 4 19 5 62 0 97 6 20 3 85 0 100 1 62 0 55 0 39 0 80 9 37 6 39 0 81 8 23 5 74 0 69 1 79 7 21 2 81 6 2 5 26 2 64 5 61 4 87 7 95 1 14 8 94 4 46 4 20 9 44 8 38 8 16 
