10 10
100 4 1 2 54 1 31 2 73 1 99 8 44 3 78 1 31 0 63 7 21 0 6 7 56 9 46 9 49 7 73 5 62 4 49 6 35 7 10 5 40 1 37 6 56 1 43 4 42 8 67 8 26 2 7 7 48 7 11 6 65 7 79 5 74 7 32 9 65 0 73 8 57 3 23 8 45 5 98 2 63 9 18 3 32 9 17 4 15 7 47 9 68 4 45 8 19 5 7 5 18 3 31 1 91 1 48 2 69 5 31 5 34 8 13 4 42 7 6 3 84 9 18 5 81 4 88 5 18 2 32 5 65 3 52 1 71 7 51 1 59 7 18 4 18 7 14 4 30 5 98 3 62 3 25 9 1 7 56 6 42 9 77 1 81 8 50 7 81 7 22 9 16 0 88 4 34 0 12 2 67 6 69 4 24 4 12 4 4 6 41 8 91 7 87 3 36 6 88 7 76 
100 6 94 7 91 5 77 4 79 5 44 3 97 1 20 4 49 8 59 9 58 4 18 1 60 3 2 4 48 6 72 3 14 5 13 9 95 9 5 3 77 8 36 2 81 4 22 2 9 1 78 7 14 4 64 1 60 0 71 0 20 3 6 2 11 8 74 6 21 6 54 0 10 7 75 7 81 2 80 3 41 7 100 2 77 1 81 7 34 1 39 9 18 6 56 7 45 6 61 2 1 1 89 6 85 3 53 4 51 6 57 2 1 0 58 8 78 8 99 5 69 4 63 3 74 4 40 1 22 5 27 0 88 8 61 9 22 5 18 5 3 0 82 8 92 2 37 9 30 3 70 1 5 8 64 2 36 8 11 2 74 6 54 6 8 9 7 3 95 8 79 8 4 6 39 6 98 4 75 0 94 7 45 9 41 1 74 2 54 0 90 4 4 3 91 3 4 1 86 2 83 
100 5 77 2 99 3 43 0 49 0 76 7 9 9 18 8 61 1 19 2 30 1 33 4 11 1 6 7 22 6 34 3 1 0 79 7 31 9 28 1 12 5 24 1 50 4 30 8 29 3 51 7 88 5 70 1 64 9 38 3 80 4 99 2 26 4 64 6 43 8 11 0 82 1 25 9 96 5 33 3 71 1 23 4 9 0 20 1 5 7 61 8 75 2 47 3 38 1 61 2 35 2 64 8 81 4 63 7 87 7 62 9 94 8 80 1 71 8 3 3 70 5 25 4 78 1 58 4 55 8 37 7 17 7 91 0 53 2 40 8 71 5 80 8 75 1 38 4 66 6 23 1 59 2 41 4 75 3 30 2 15 9 6 2 83 5 37 6 90 5 100 0 14 0 75 0 72 3 1 4 45 8 85 9 30 5 43 3 44 6 95 3 98 9 9 6 12 8 43 4 16 
100 1 95 7 40 5 63 1 90 3 95 0 94 9 85 3 52 5 23 3 46 7 21 2 1 2 6 3 66 1 15 5 62 1 52 2 14 5 23 6 26 9 3 2 41 2 32 8 74 0 31 7 63 4 46 3 99 6 6 2 6 1 34 0 32 2 15 2 2 6 100 1 95 8 81 2 29 3 61 2 4 7 21 3 3 7 23 5 88 7 94 9 61 2 77 1 84 1 4 7 40 9 18 5 91 6 55 5 82 0 19 9 64 0 77 1 8 4 97 7 69 4 45 6 72 5 63 7 12 4 54 4 42 9 8 8 45 1 16 7 95 4 73 1 49 2 36 9 78 0 86 3 55 5 51 9 87 7 30 7 19 6 17 9 30 1 86 9 22 5 70 0 49 4 64 4 88 1 40 4 26 5 14 3 53 6 80 3 42 6 18 4 42 9 58 3 78 8 34 2 69 
100 3 47 7 44 9 62 1 61 8 46 8 19 2 24 9 31 5 28 8 68 1 81 8 11 7 38 5 16 5 14 7 87 1 96 2 35 9 33 2 22 8 22 5 76 0 54 3 4 3 78 4 65 3 37 8 95 3 28 6 55 6 41 0 33 1 1 8 79 8 92 4 11 7 85 0 42 0 56 9 3 8 84 2 89 5 42 1 37 1 6 2 65 7 45 2 76 0 78 2 89 2 35 5 6 9 17 1 75 8 97 9 71 0 64 8 90 5 16 6 25 8 63 5 20 7 67 0 43 9 16 2 7 0 54 4 56 5 85 2 34 8 4 6 42 2 80 8 53 1 17 1 65 5 9 1 85 2 62 2 37 0 38 3 77 0 30 5 16 0 22 1 30 5 46 2 86 8 24 8 28 9 90 5 51 7 43 7 36 7 60 8 32 4 12 7 42 8 39 3 45 
100 0 58 5 48 0 50 1 13 8 30 5 57 2 66 6 11 4 96 8 6 2 6 0 81 7 56 7 77 4 39 9 81 8 21 9 51 4 50 2 36 4 7 8 11 8 72 0 18 6 79 3 30 9 15 4 1 1 32 1 22 4 36 4 13 7 86 1 28 8 38 7 94 1 42 7 14 4 61 6 98 8 98 1 44 6 55 4 23 2 40 6 66 6 5 3 12 2 87 5 46 7 14 4 71 3 87 6 40 9 50 4 27 7 65 8 65 0 23 2 30 0 71 4 59 1 50 4 63 3 61 8 46 1 27 4 20 3 71 1 61 2 83 0 67 9 30 7 53 2 94 6 19 2 26 5 86 5 53 8 16 2 32 9 40 0 32 9 41 5 100 5 34 1 63 6 85 7 12 6 65 9 19 8 45 5 13 8 78 2 87 6 73 5 28 9 15 1 98 8 75 
100 6 38 1 81 0 66 7 31 6 75 4 5 8 55 5 59 3 1 5 26 5 62 1 98 6 1 6 24 5 11 7 9 5 73 5 49 5 16 8 46 3 9 0 54 2 84 4 2 7 72 6 79 9 71 2 78 4 21 3 91 9 57 5 78 0 53 4 62 9 44 6 63 6 8 7 97 2 70 2 26 9 71 0 48 1 88 2 52 7 59 2 56 4 95 4 78 9 30 2 66 2 5 5 62 6 24 9 65 2 9 5 88 2 13 0 26 7 7 7 6 3 91 0 35 0 68 6 14 1 37 1 33 3 9 9 11 7 72 6 78 1 47 0 86 6 81 8 21 2 29 6 17 8 95 3 41 0 43 9 12 2 60 5 58 9 24 2 57 1 93 5 57 0 27 4 51 1 74 9 8 3 30 1 56 0 96 6 21 7 76 7 10 2 98 2 96 6 63 6 22 
100 6 52 8 42 4 1 8 72 0 30 2 99 2 15 9 96 7 82 6 89 8 71 5 48 4 14 6 36 1 73 0 40 2 75 2 7 0 55 4 7 5 87 9 32 5 6 9 77 4 88 4 38 7 52 7 91 7 67 5 8 7 30 4 82 8 96 5 38 2 83 7 18 7 64 3 93 1 73 6 86 8 63 7 93 9 14 0 88 3 38 3 9 5 23 6 95 2 6 3 67 1 30 6 90 1 22 2 16 6 9 6 36 6 91 1 1 9 51 6 38 3 49 7 88 7 88 9 65 5 58 5 5 1 44 1 72 6 9 9 77 5 98 6 78 1 97 5 43 3 80 7 11 9 91 8 11 9 59 2 49 9 49 2 69 0 33 1 84 9 13 9 91 2 96 6 47 3 16 3 45 4 6 1 69 4 7 2 50 1 44 8 40 8 25 9 84 3 73 0 35 
100 0 22 6 46 8 91 0 1 1 11 5 77 4 28 1 75 8 38 2 91 0 5 2 87 8 67 7 84 4 2 2 65 7 60 6 75 6 78 2 59 7 61 4 92 0 73 0 6 7 25 6 5 3 40 6 32 8 53 9 29 3 82 1 23 1 59 9 87 6 69 5 53 7 24 4 69 9 26 0 61 4 39 4 52 6 82 1 57 2 36 6 48 3 23 3 12 8 46 1 55 1 55 1 43 5 52 1 30 6 82 4 26 3 75 0 67 4 99 8 91 2 33 1 41 3 47 2 62 2 66 4 45 2 83 9 48 6 77 1 80 0 29 8 38 2 35 8 35 4 88 1 68 0 39 1 11 4 96 2 75 2 22 7 64 4 32 1 71 2 50 3 40 0 72 2 67 1 79 1 19 9 58 7 81 5 14 8 63 1 32 6 84 2 51 8 56 5 13 4 56 
100 8 29 7 54 1 74 4 2 0 5 4 73 8 44 6 97 0 92 4 93 8 11 0 89 1 68 5 62 7 36 0 36 2 78 7 97 0 3 1 8 5 58 7 25 8 90 5 46 7 30 9 72 7 77 9 80 1 1 9 28 9 75 4 49 5 9 7 55 1 40 3 89 4 57 5 7 4 74 4 15 4 22 1 79 9 11 2 32 2 38 3 65 7 34 0 41 3 18 4 95 5 100 0 17 4 37 9 28 2 14 6 54 8 67 4 83 5 95 7 1 6 40 6 99 3 49 9 70 6 53 2 73 2 10 5 22 3 40 7 93 2 53 2 54 0 100 7 46 1 31 6 32 5 31 6 92 2 93 4 23 2 68 5 40 8 8 4 72 1 82 3 53 7 91 4 27 3 7 6 67 3 28 9 5 3 79 0 87 7 78 6 68 1 64 6 30 3 64 2 25 
