10 10
100 5 19 3 24 0 60 3 52 8 22 6 28 5 39 2 18 9 100 2 35 5 33 1 17 6 86 0 70 9 31 8 5 7 45 1 29 6 79 1 98 5 36 5 71 0 8 1 61 8 3 1 4 2 78 7 8 3 12 7 83 2 37 1 49 2 77 3 60 1 63 0 88 0 100 9 85 3 98 0 44 5 72 0 56 7 7 3 92 8 7 9 39 4 73 3 16 2 85 1 92 7 12 3 7 5 21 0 43 8 93 9 26 4 94 7 99 2 89 3 7 5 26 1 41 5 4 3 65 4 41 0 30 7 100 1 70 6 29 9 1 6 81 4 49 6 57 1 31 4 29 9 68 4 17 4 74 5 3 0 74 2 35 8 72 7 33 2 95 0 97 7 85 6 50 7 55 4 15 7 35 4 66 8 37 1 83 0 43 7 59 6 71 6 75 1 60 0 95 6 81 
100 9 5 4 6 8 9 7 59 0 17 3 85 7 35 6 19 3 11 5 11 5 11 1 97 8 10 3 27 2 2 2 14 0 53 1 71 0 100 3 24 7 72 7 56 0 97 4 77 0 90 8 74 8 29 4 22 0 53 1 2 6 25 3 48 7 55 3 73 5 16 8 31 4 2 8 16 3 43 4 59 0 72 6 49 2 48 6 91 8 42 6 42 4 2 5 75 0 65 1 79 2 83 2 20 8 71 2 78 2 51 1 61 1 18 7 88 9 1 1 6 4 10 5 65 8 91 9 91 1 71 2 18 9 4 6 36 7 69 5 73 3 35 4 69 0 75 7 81 9 29 7 23 2 84 8 89 5 10 0 51 2 34 0 11 2 72 9 10 9 37 5 41 2 17 7 48 9 83 3 15 2 35 9 71 5 65 1 23 5 27 6 55 9 85 0 49 0 91 7 65 
100 9 13 8 60 4 70 3 73 3 18 4 58 7 67 8 64 9 35 3 10 3 41 2 61 1 32 0 32 2 38 2 39 8 6 2 75 1 71 6 81 3 36 4 71 0 62 9 68 4 14 9 71 8 70 5 37 0 89 6 11 1 36 7 77 9 15 4 84 7 87 4 20 4 13 1 54 2 53 6 44 7 65 4 65 7 7 3 96 2 97 1 83 2 44 2 35 4 12 4 36 3 15 4 99 1 55 7 22 7 3 6 59 3 85 1 29 9 69 6 10 7 84 3 46 2 28 2 7 4 71 1 33 3 42 2 74 7 10 5 9 5 78 6 69 5 42 7 3 4 21 0 42 3 15 5 34 3 83 7 74 9 19 5 42 9 87 4 42 6 49 0 91 9 72 1 46 6 41 1 37 6 56 5 9 0 26 5 70 5 78 3 52 3 89 1 41 2 9 2 91 
100 8 32 8 11 8 87 3 69 7 18 1 61 4 50 4 64 2 80 5 48 7 25 4 6 0 83 0 44 6 2 8 3 1 63 2 60 9 10 7 14 2 4 7 49 9 34 2 79 0 74 5 83 2 46 9 68 5 4 9 79 2 79 0 26 5 69 2 94 6 44 0 30 6 44 6 49 5 33 0 18 6 2 2 90 6 18 5 87 3 45 1 79 8 65 4 47 7 30 1 69 9 84 9 16 1 3 7 51 6 60 4 84 6 100 2 21 8 65 5 25 5 50 0 1 7 18 6 56 6 68 5 48 5 23 6 45 2 98 6 100 2 47 6 53 9 64 7 27 2 28 4 40 6 77 8 51 0 79 9 6 1 50 9 88 2 84 4 57 3 57 3 42 4 44 7 81 0 53 4 13 2 39 4 36 5 38 4 1 3 43 0 29 7 15 0 98 2 26 4 72 
100 3 85 0 11 5 41 4 99 9 35 3 82 5 36 0 92 4 23 6 33 9 67 7 15 1 52 9 55 4 99 9 37 6 62 9 23 3 65 9 88 9 67 9 61 8 87 5 85 2 39 9 58 9 5 7 15 5 96 5 63 3 86 6 78 9 92 0 10 6 89 5 2 1 6 0 47 0 1 5 97 7 69 3 44 0 65 4 48 4 56 7 82 8 23 3 84 5 26 4 16 8 70 0 22 7 75 3 95 9 29 9 60 8 28 5 56 9 47 0 27 2 28 1 99 8 28 3 12 7 82 5 78 6 2 9 5 5 44 1 68 3 91 1 6 0 67 8 85 3 49 1 44 9 96 8 85 3 2 7 63 2 43 6 45 3 39 1 9 7 85 3 44 3 52 8 74 1 56 7 96 1 8 8 100 2 50 1 66 1 84 9 90 6 30 0 95 8 69 8 97 
100 8 57 8 80 6 68 0 27 3 40 8 46 8 68 7 80 5 63 7 96 4 39 6 94 0 42 4 55 9 28 5 91 6 11 7 59 2 18 2 86 1 48 0 72 4 68 7 5 3 34 3 42 3 9 9 81 3 10 0 9 6 56 2 11 5 61 1 92 4 68 9 44 4 39 4 94 9 82 7 83 0 69 0 48 1 27 8 78 4 56 2 50 9 68 4 5 4 63 4 70 5 96 8 74 9 80 4 59 6 2 2 43 0 92 0 76 3 92 0 59 3 16 7 13 3 78 9 93 8 24 0 82 5 89 8 85 2 88 5 58 7 12 3 3 1 49 3 22 6 84 8 88 9 86 6 11 0 3 6 11 0 18 9 99 9 63 5 59 8 19 6 32 7 88 2 74 9 41 8 44 9 39 6 40 0 2 0 27 9 35 4 3 3 14 2 52 0 55 1 13 
100 3 35 1 49 2 51 2 17 6 56 0 32 8 70 6 22 4 52 2 66 1 42 3 32 5 94 6 15 5 71 1 5 3 72 3 84 1 7 0 10 8 31 7 47 1 64 1 35 5 23 0 93 7 33 1 34 5 23 2 23 1 48 8 9 6 98 2 2 9 56 1 38 2 38 6 48 1 15 1 37 9 36 1 10 9 62 1 59 0 43 0 17 8 7 0 88 5 44 9 13 1 94 3 74 8 97 1 19 1 29 6 58 5 30 7 95 4 7 7 35 0 75 4 77 0 15 7 85 3 84 0 35 9 68 0 93 6 35 5 38 5 92 3 59 6 4 4 69 2 89 2 86 4 3 1 11 2 91 8 51 3 90 9 60 5 49 3 7 9 51 2 71 5 24 8 6 1 32 7 51 2 72 5 7 6 28 0 12 0 30 9 47 6 56 6 73 6 26 2 80 
100 8 15 4 22 2 34 3 17 7 82 0 73 3 71 8 48 7 53 8 3 2 48 5 40 7 35 4 88 0 44 1 19 1 34 1 59 5 34 1 52 7 13 3 32 4 71 9 59 3 25 1 39 4 94 2 32 3 10 4 62 6 32 0 30 3 58 2 16 9 61 5 98 9 35 3 3 1 5 1 22 0 9 2 71 1 64 5 64 5 8 7 77 4 33 1 24 0 74 9 88 3 92 6 32 1 16 7 10 0 42 8 2 1 52 9 46 7 66 5 41 3 37 7 84 0 49 0 98 4 34 7 63 8 68 0 49 8 82 2 79 6 79 4 79 5 37 7 53 4 71 2 22 0 55 9 91 9 80 0 69 3 79 0 47 2 97 0 49 3 91 3 1 7 87 7 62 2 78 2 98 3 24 8 88 8 28 4 42 8 61 7 61 4 95 7 53 4 16 8 96 
100 6 62 3 67 2 24 3 11 9 4 1 65 8 27 3 1 3 95 0 56 3 52 3 84 7 41 0 76 8 94 8 60 7 30 7 89 6 31 8 66 1 88 7 4 8 2 9 90 0 43 0 35 6 40 0 60 6 74 0 79 8 59 1 52 2 99 0 19 2 25 9 96 7 46 4 88 9 28 0 17 5 2 5 83 4 18 5 76 6 61 3 48 1 32 0 82 9 35 2 66 7 68 0 100 7 93 0 51 2 64 2 48 5 16 8 33 0 90 7 88 8 19 3 66 6 35 5 55 7 96 8 38 5 21 4 44 0 45 9 38 3 35 9 72 9 91 1 94 2 31 2 54 9 47 7 1 3 83 0 91 8 98 1 42 8 69 9 68 9 93 3 86 3 84 9 40 0 53 3 69 6 29 1 33 2 97 0 18 2 80 4 80 1 27 6 44 3 58 4 56 
100 2 64 9 69 8 54 2 78 0 65 3 30 2 35 5 88 4 22 3 63 1 69 8 80 4 73 8 71 0 58 1 35 3 39 9 23 3 83 9 51 4 67 0 58 9 15 1 2 8 6 4 75 4 44 1 85 9 32 5 92 6 70 6 33 7 98 3 99 6 37 8 65 3 7 8 89 1 39 7 31 4 59 0 54 3 71 1 58 3 21 7 63 8 13 0 82 0 13 1 69 5 56 4 13 0 45 7 50 2 77 2 36 4 15 5 26 1 38 0 41 4 12 5 32 0 80 4 76 3 92 3 58 6 9 4 84 8 17 7 67 1 8 7 32 4 23 8 50 3 5 8 51 2 8 5 2 3 28 2 27 4 42 6 69 5 66 2 34 5 38 3 24 5 64 2 77 1 6 8 89 5 23 9 24 4 97 2 28 5 91 7 57 7 23 4 33 6 42 3 94 
