10 10
100 3 85 5 3 3 47 8 95 0 17 2 77 3 26 9 30 6 88 2 29 7 52 6 70 6 79 3 66 3 9 5 75 4 93 3 95 5 52 6 82 3 91 9 78 9 49 4 91 1 85 0 95 8 15 7 42 5 78 6 40 4 55 1 6 9 40 2 26 1 70 8 75 0 9 6 78 7 59 7 54 7 5 3 88 2 26 9 73 9 81 2 33 8 73 0 8 1 48 6 21 7 98 1 9 4 39 4 8 0 63 8 98 8 55 7 43 0 75 5 30 1 100 2 35 2 62 7 70 6 24 2 53 1 89 3 90 2 46 9 21 3 6 0 27 7 32 2 53 6 70 7 8 0 7 6 1 8 60 6 70 5 90 7 31 2 47 5 89 9 26 6 56 8 23 4 40 3 6 0 88 4 96 3 89 1 35 5 34 8 54 9 16 6 48 6 1 9 64 9 35 
100 0 77 3 71 9 1 8 85 7 100 9 32 8 54 6 18 2 92 2 71 4 40 1 46 3 40 8 31 5 21 4 52 3 13 7 30 3 15 6 62 8 98 4 55 7 15 7 63 8 91 8 13 9 84 4 75 6 94 4 70 9 80 9 71 6 94 5 81 8 26 8 5 0 3 7 4 8 30 8 2 6 98 7 34 0 5 9 14 6 8 0 39 4 95 4 74 4 35 2 15 4 82 3 74 3 21 8 81 7 31 7 24 0 54 8 89 7 18 5 26 5 7 4 99 6 18 2 4 9 85 4 58 7 40 3 10 7 78 1 64 2 24 3 99 8 11 1 38 5 78 1 38 2 68 2 46 9 63 3 8 4 58 1 99 2 51 7 55 5 27 0 35 6 57 0 23 4 98 5 4 0 53 9 79 4 48 6 27 5 2 4 80 1 100 7 38 6 95 2 23 
100 1 81 0 35 8 57 6 50 9 38 6 4 3 2 3 31 6 31 7 8 4 29 9 3 8 29 9 94 8 42 4 97 2 82 6 97 4 83 0 52 9 1 6 69 2 99 0 66 3 86 3 58 4 77 6 35 5 48 1 55 4 39 5 20 1 35 4 18 4 63 5 13 1 10 7 46 1 71 8 68 2 78 1 35 2 58 9 68 3 25 2 1 2 26 6 17 5 46 0 80 5 100 8 2 4 97 6 13 8 79 5 37 5 62 3 100 6 9 2 12 0 32 9 12 1 32 8 51 1 47 9 28 6 77 3 88 4 60 9 7 8 75 2 1 8 33 2 97 6 80 1 29 5 72 4 68 5 96 6 10 8 94 1 17 8 84 7 39 4 4 5 62 5 54 3 15 3 68 4 21 6 43 9 62 0 18 0 51 7 81 2 82 1 98 5 7 3 2 7 19 
100 7 50 8 2 4 62 4 96 0 29 4 18 2 35 8 55 1 7 8 26 9 99 5 96 7 17 0 77 2 90 9 59 3 14 0 30 7 78 8 27 8 18 6 23 1 39 5 92 8 31 1 49 8 52 3 20 2 71 4 22 2 45 8 88 6 36 3 12 4 41 8 54 2 61 0 25 9 32 1 17 1 91 6 67 7 81 3 49 5 36 1 3 1 77 0 86 1 88 3 11 2 26 1 26 2 77 6 53 8 65 7 13 2 80 9 95 2 27 1 64 0 75 9 22 4 80 5 2 3 37 3 93 4 46 1 53 5 48 2 36 7 67 7 63 4 76 9 90 2 93 5 14 7 55 3 92 4 97 3 100 4 90 5 56 8 7 9 57 5 10 1 82 9 86 3 95 5 84 5 12 1 71 1 29 7 38 7 37 8 3 4 15 2 43 8 52 3 45 0 92 
100 3 74 4 72 3 24 2 70 2 81 1 40 0 1 5 18 0 48 4 29 9 52 8 80 6 54 5 77 4 24 8 50 0 74 0 72 1 6 7 20 4 91 5 27 4 49 0 46 6 48 5 2 8 80 4 58 4 17 7 13 7 42 5 92 8 55 1 55 3 46 1 35 9 66 2 70 7 65 7 7 5 74 5 82 0 61 7 7 4 26 9 7 8 30 6 73 7 38 3 14 4 3 6 26 5 19 6 70 3 25 7 89 0 69 8 34 5 84 3 10 6 6 9 48 9 81 0 98 8 33 7 42 5 62 3 66 6 92 6 35 3 48 5 59 2 30 7 14 5 57 2 20 5 4 6 8 8 82 9 7 0 80 4 88 6 42 5 17 1 4 8 81 4 8 0 66 7 30 6 43 4 79 5 22 7 89 8 11 8 5 6 54 8 87 2 9 8 7 4 87 
100 5 64 0 40 1 42 4 71 1 46 4 32 5 87 2 85 4 2 5 84 3 23 7 66 2 25 8 10 2 83 2 81 9 25 9 16 8 40 8 8 3 15 8 42 6 4 0 92 0 14 9 58 3 85 6 15 1 28 1 94 3 96 1 10 5 86 7 65 4 97 5 86 0 20 5 24 3 79 6 94 6 86 6 48 4 52 4 100 9 30 7 61 7 71 2 53 1 11 8 8 4 48 0 2 8 81 9 73 8 1 7 33 3 29 0 84 0 64 0 17 7 97 3 34 2 75 9 49 1 40 0 55 3 22 6 52 7 69 6 35 4 41 5 25 7 41 7 44 3 68 9 3 4 87 8 62 9 72 5 39 0 40 5 55 7 93 9 98 0 73 3 73 5 5 8 40 9 75 1 28 7 41 8 31 3 96 3 40 2 25 8 93 1 30 8 62 2 97 1 16 
100 1 61 9 93 6 73 3 68 0 41 8 5 1 94 1 8 9 65 1 70 9 65 3 80 8 2 9 16 1 9 7 5 7 67 8 32 0 78 9 67 9 48 7 20 8 72 8 31 3 89 9 78 4 27 1 98 5 91 3 75 6 16 2 57 5 93 3 84 3 70 8 71 9 21 2 54 5 27 7 10 2 21 5 20 6 2 9 53 5 87 3 33 5 21 7 32 6 68 2 12 6 89 2 27 5 16 1 51 5 13 5 94 6 99 9 15 2 78 6 61 4 94 0 5 1 6 4 26 4 10 7 48 0 83 0 39 6 53 0 94 5 61 0 11 8 21 2 53 5 68 7 60 8 75 1 37 7 16 3 13 5 64 8 31 1 66 4 76 3 72 7 71 3 84 8 85 9 83 2 45 0 58 1 19 2 8 6 44 5 55 9 65 7 94 2 83 5 51 0 51 
100 5 17 8 41 9 60 1 10 0 82 4 7 3 74 2 92 5 79 5 10 1 56 7 91 9 14 8 15 9 67 9 17 6 60 7 93 2 21 3 93 5 95 2 45 9 42 8 74 4 69 4 68 8 90 0 11 4 11 2 46 5 34 1 56 6 74 6 30 4 93 3 79 0 53 8 45 2 89 9 91 2 13 6 85 8 19 2 88 9 50 1 88 6 37 6 51 4 79 7 62 6 95 5 63 8 80 5 19 0 91 8 80 0 81 4 56 3 96 0 10 5 58 9 3 7 82 1 96 5 6 2 45 6 79 7 95 3 52 3 1 3 81 1 24 2 44 0 60 8 12 1 85 1 36 0 31 4 82 8 52 2 31 6 74 2 92 6 90 7 87 1 38 4 80 4 20 5 57 7 71 2 22 2 31 1 30 3 78 3 79 1 20 2 67 1 60 6 29 7 3 
100 0 53 3 35 1 70 4 3 8 68 7 9 0 8 1 70 1 48 2 19 2 12 1 94 9 13 5 31 9 25 6 37 5 99 9 25 1 100 3 87 9 94 8 7 8 9 0 50 7 71 5 84 5 46 4 38 2 17 4 100 4 3 6 15 8 12 6 88 8 89 0 34 9 74 0 51 8 81 6 17 3 13 7 79 5 79 9 16 9 35 0 63 1 28 3 23 8 80 4 86 6 63 1 1 0 49 7 18 3 3 7 56 1 34 4 94 1 40 2 38 6 32 9 43 8 65 1 57 2 85 6 5 8 37 6 72 9 96 6 14 5 18 8 32 3 66 1 43 0 78 9 82 5 2 8 39 5 58 8 44 1 13 8 29 7 2 8 28 8 65 6 29 3 10 1 43 7 35 8 36 5 19 3 61 8 13 7 7 4 64 8 46 3 19 8 89 8 10 4 69 
100 9 80 3 25 8 8 1 3 1 15 1 98 6 41 8 68 5 100 6 60 4 42 1 65 1 80 5 59 5 48 0 63 4 83 1 13 3 46 8 76 5 14 6 56 9 50 5 37 0 15 1 55 3 18 1 87 1 20 5 31 7 6 7 23 9 1 3 67 1 26 0 97 2 39 1 16 9 46 7 30 8 12 6 62 4 13 4 43 2 56 0 15 3 45 7 85 8 90 2 42 5 86 4 46 2 29 3 93 8 53 2 80 9 95 3 68 4 50 5 80 4 56 9 67 6 48 3 35 6 95 1 14 3 36 5 37 8 20 0 16 4 36 4 32 6 73 6 18 8 54 3 15 9 49 5 68 3 28 9 99 2 47 4 33 9 63 7 74 6 57 9 10 9 46 1 55 6 86 8 18 4 68 7 19 9 26 1 69 2 69 9 75 7 28 8 81 8 52 3 10 
