10 10
20 4 67 0 47 1 25 6 97 0 47 9 49 7 57 5 86 7 21 4 30 4 73 8 56 7 100 3 8 7 19 4 30 2 34 2 37 9 17 5 99 
20 3 35 3 30 1 45 4 84 0 64 7 2 4 20 5 2 4 36 9 98 7 26 9 89 4 13 7 74 8 70 8 82 2 2 8 98 4 83 7 16 
20 8 39 6 52 1 53 2 56 5 44 8 9 1 1 3 35 5 98 8 77 5 57 7 50 5 33 3 53 6 58 4 6 2 100 8 24 4 59 5 41 
20 6 41 2 35 1 25 4 9 9 51 4 5 0 72 4 13 5 11 8 29 7 21 8 6 4 49 6 22 4 9 2 11 2 52 4 82 3 60 9 88 
20 3 54 6 52 3 77 1 28 0 40 2 72 5 65 9 76 2 87 3 20 2 38 6 26 7 42 4 4 2 100 5 43 8 28 2 78 6 48 1 57 
20 1 89 2 16 2 21 5 24 3 50 8 73 9 33 4 92 4 2 5 39 0 64 1 57 3 59 8 23 8 94 4 86 5 33 2 6 3 18 3 62 
20 5 75 4 58 7 33 7 16 6 99 7 5 6 10 3 30 0 19 0 41 9 17 0 26 1 83 6 97 4 78 2 24 0 67 3 74 9 56 5 12 
20 9 19 0 83 2 24 3 26 5 20 5 94 2 15 1 73 7 22 7 29 1 85 8 32 6 79 1 2 1 32 0 80 7 35 4 58 4 8 6 23 
20 7 46 0 68 5 61 0 58 4 39 2 28 3 76 4 59 7 59 0 62 4 66 6 79 6 51 4 72 0 32 3 95 5 63 7 88 0 39 0 89 
20 0 48 5 97 8 56 0 67 1 51 0 76 5 16 3 76 8 39 9 52 1 97 8 75 3 58 7 60 7 41 5 9 9 97 8 25 8 4 4 97 
