10 10
20 5 91 1 19 3 27 9 82 1 77 7 49 3 4 5 70 5 66 7 2 2 37 0 86 5 92 1 15 8 93 4 38 5 4 8 5 3 21 0 52 
20 2 84 8 92 4 91 5 44 6 98 8 21 2 50 9 32 6 57 3 78 0 76 2 99 1 3 1 45 5 29 1 23 4 65 4 6 8 4 9 77 
20 1 47 0 77 1 39 4 11 4 71 2 59 9 24 8 26 0 69 1 54 8 95 9 70 7 48 4 97 7 57 8 61 4 67 8 40 1 72 4 84 
20 3 58 7 4 9 28 0 73 8 41 3 61 4 49 5 90 6 40 2 42 7 83 0 73 8 22 3 68 5 48 0 72 3 34 4 35 9 21 6 35 
20 2 5 7 12 3 80 3 12 7 7 8 55 7 38 0 16 7 31 1 55 7 100 1 2 4 24 5 74 7 11 0 80 0 19 3 95 5 41 0 71 
20 9 41 5 48 7 16 2 59 3 48 3 56 4 16 5 2 1 87 4 19 1 17 1 3 0 26 1 33 1 29 9 64 1 81 5 61 7 44 9 91 
20 2 8 8 65 0 19 6 60 8 79 6 63 5 67 1 89 3 31 0 78 6 56 8 71 3 100 4 9 2 86 8 22 3 27 2 5 2 70 8 73 
20 3 27 3 89 1 34 5 7 1 51 1 24 7 97 4 63 0 36 9 78 7 60 6 77 2 49 4 64 8 55 4 58 3 51 0 95 9 68 9 78 
20 8 9 9 54 5 69 4 30 5 16 6 52 8 68 6 18 2 65 2 56 5 4 3 40 2 34 7 66 3 30 2 83 7 17 2 8 6 17 2 19 
20 9 47 6 58 4 28 3 37 5 53 5 90 0 65 6 32 0 16 7 51 9 65 4 84 1 2 4 13 0 64 5 19 2 72 9 24 5 11 4 76 
