10 10
20 8 64 9 15 6 17 6 65 5 78 7 74 1 14 0 80 7 68 0 9 9 73 3 21 5 91 6 79 2 64 1 66 9 19 7 45 5 80 7 68 
20 4 35 7 3 2 28 4 75 1 76 1 82 1 77 2 25 9 87 9 11 0 53 2 71 5 47 4 72 8 22 2 30 5 51 0 27 6 4 2 64 
20 2 68 2 48 3 16 6 23 1 18 1 8 7 96 1 20 6 12 3 11 3 38 2 23 1 72 0 67 9 62 0 6 1 59 6 38 8 6 7 40 
20 3 1 9 18 6 63 4 24 5 98 0 23 3 88 6 83 2 4 5 13 8 54 1 90 6 43 0 93 7 72 7 85 3 13 7 94 7 64 8 48 
20 3 57 4 7 5 26 1 45 7 35 1 99 0 90 1 22 7 88 8 70 1 74 0 79 1 6 9 87 6 53 3 65 7 42 3 79 6 18 8 67 
20 4 91 1 15 6 29 4 34 0 88 8 76 1 61 1 98 8 97 7 20 7 55 2 21 1 31 5 30 9 65 0 41 7 24 2 27 1 62 2 16 
20 5 96 8 6 2 76 8 7 8 54 2 3 5 1 5 56 7 70 5 74 2 62 8 1 9 12 2 31 2 19 7 71 6 21 4 52 7 70 0 32 
20 1 50 4 81 5 34 1 48 8 73 0 69 5 57 9 79 4 70 6 33 0 20 4 77 2 59 8 91 7 92 6 86 1 72 1 11 5 19 9 20 
20 5 49 2 78 7 36 7 69 6 13 7 98 2 36 1 86 7 28 8 86 0 52 2 55 9 72 7 3 2 28 5 97 8 94 9 69 8 7 7 70 
20 8 88 7 58 2 35 1 13 6 24 5 45 5 21 4 34 0 59 7 24 5 35 5 29 9 22 9 92 6 28 0 25 6 29 2 16 5 39 0 77 
