10 10
20 8 69 8 70 2 51 5 20 6 44 5 41 5 98 0 20 5 53 6 29 2 27 4 44 0 30 2 30 4 80 0 76 0 32 1 20 3 42 9 92 
20 7 32 7 26 7 10 3 43 9 79 8 55 7 91 1 78 9 86 7 40 2 84 7 5 1 84 4 21 1 10 5 36 2 8 5 10 0 24 2 19 
20 5 5 4 98 6 27 1 71 1 93 5 9 4 29 0 32 5 27 4 11 6 90 6 69 5 94 5 83 4 89 7 84 6 49 3 9 4 35 4 79 
20 8 33 7 42 1 32 3 65 8 43 5 75 1 46 4 69 1 88 0 17 8 49 0 77 5 65 2 82 3 92 1 54 0 48 3 71 6 44 9 72 
20 3 99 8 63 8 22 3 94 5 54 3 71 7 14 0 89 0 32 5 39 6 60 7 79 9 58 7 15 2 23 8 77 2 68 1 12 4 27 1 42 
20 1 20 7 100 1 75 3 29 1 70 3 9 3 71 4 22 1 63 1 48 3 59 6 79 5 14 4 72 8 32 9 98 1 59 7 91 9 12 3 26 
20 8 84 6 6 3 6 0 76 0 95 1 34 2 31 4 73 8 23 3 22 1 29 1 34 3 21 2 51 4 34 3 44 0 39 5 1 7 37 4 98 
20 6 49 2 25 3 60 8 63 5 45 1 22 2 67 2 94 2 39 5 37 3 41 3 43 6 22 1 57 5 19 4 5 5 76 6 100 4 72 2 7 
20 0 14 6 68 5 19 9 85 9 5 2 99 5 53 5 25 5 71 2 27 3 27 4 92 4 21 7 37 5 6 0 30 0 56 2 44 6 47 5 62 
20 5 51 6 45 3 83 3 95 6 68 7 22 9 77 0 62 8 87 5 36 4 2 7 72 2 76 2 25 1 87 2 14 3 14 9 10 3 45 7 70 
