10 10
20 6 85 5 17 5 14 7 68 9 81 6 25 0 87 2 65 0 15 8 36 0 25 3 50 0 40 9 30 4 90 3 28 3 75 1 55 4 22 4 14 
20 0 44 2 38 5 44 6 33 8 79 6 14 2 77 0 88 6 90 1 42 6 81 8 37 2 51 9 23 3 60 7 3 4 1 0 23 6 92 8 33 
20 8 39 8 94 9 72 9 84 0 20 6 40 6 78 3 63 2 33 1 69 3 19 5 84 0 60 4 53 5 59 6 36 4 38 7 83 6 62 3 15 
20 0 89 3 87 4 45 5 14 5 16 5 94 4 96 0 40 8 100 9 87 5 39 1 22 0 25 0 99 1 19 1 56 4 13 8 7 9 81 2 12 
20 9 50 2 89 7 81 0 21 0 31 9 31 6 19 8 83 0 68 0 56 1 84 0 95 3 24 7 45 5 63 3 60 5 62 2 45 9 7 3 3 
20 0 92 2 3 0 57 5 59 5 48 8 80 5 40 2 63 8 49 2 4 2 7 1 54 2 41 3 90 3 80 8 90 7 38 4 35 8 10 8 32 
20 3 92 0 5 1 8 8 89 6 98 6 46 3 36 3 25 5 9 6 15 8 61 0 86 8 99 2 32 1 28 2 30 7 74 9 62 4 42 7 56 
20 6 66 1 59 1 28 2 54 8 88 8 48 5 49 5 86 9 21 2 91 2 51 4 72 5 89 4 18 2 73 2 36 4 31 0 52 1 44 6 47 
20 9 19 1 55 3 36 8 62 0 34 7 86 8 2 7 28 7 24 9 32 2 39 7 75 9 9 4 39 0 12 8 26 5 66 6 6 1 66 6 64 
20 3 22 7 40 6 43 4 46 9 79 1 68 8 35 6 83 2 7 5 54 2 33 0 52 7 47 1 27 2 3 1 40 2 86 5 23 7 89 4 64 
