10 10
20 3 56 9 90 5 65 1 93 1 1 0 95 5 54 6 57 7 86 1 59 2 26 9 18 1 82 7 50 9 13 4 75 9 10 8 55 5 13 6 59 
20 1 3 7 43 9 88 2 43 4 92 8 38 9 18 0 32 4 95 7 5 9 8 0 89 1 49 5 12 2 16 9 10 3 26 8 96 6 64 8 87 
20 4 30 0 62 6 58 5 44 7 14 4 18 5 5 1 54 5 54 5 53 5 29 4 100 6 40 1 31 2 68 8 8 7 29 3 55 1 31 1 90 
20 3 4 5 26 8 7 1 41 4 42 7 48 6 65 4 72 8 40 4 67 3 96 5 48 9 39 9 80 7 86 1 98 3 96 8 55 2 92 2 36 
20 2 12 0 76 3 23 5 59 9 77 5 20 4 47 0 54 7 63 6 63 5 47 9 45 7 36 7 28 9 82 0 9 7 34 3 32 8 7 2 11 
20 9 64 9 65 0 91 2 11 7 99 0 47 5 77 6 12 3 43 3 59 6 18 6 83 0 30 3 88 4 29 5 49 4 59 1 20 7 77 3 87 
20 3 34 4 18 7 82 9 43 1 96 8 48 6 24 6 69 1 55 0 69 6 92 9 88 3 25 8 43 2 12 0 19 8 22 8 62 4 66 0 51 
20 1 54 6 47 5 18 2 21 0 1 0 72 7 87 5 63 6 78 4 2 8 74 6 57 0 24 6 59 5 32 1 25 9 54 0 13 4 28 0 99 
20 0 30 5 42 2 96 0 94 5 49 9 4 0 7 4 29 7 48 4 59 4 26 0 68 8 30 3 53 7 66 1 82 7 15 2 77 9 89 5 59 
20 8 51 0 23 7 39 0 24 5 58 3 7 3 98 9 77 2 37 4 22 8 27 7 90 4 6 6 58 6 53 2 1 5 55 9 6 9 73 2 40 
