10 10
20 1 92 5 32 9 53 0 92 0 65 2 74 0 14 3 25 3 60 0 4 2 57 2 57 7 52 8 12 6 11 1 55 2 19 1 21 7 7 8 48 
20 3 20 6 78 0 57 9 80 0 42 2 19 3 7 1 75 0 14 7 54 4 65 1 74 1 81 4 12 0 55 8 15 1 19 9 100 1 2 7 74 
20 5 73 6 74 0 85 3 1 1 79 9 85 1 42 2 2 5 2 7 59 7 46 6 24 5 49 5 65 6 75 2 64 6 29 0 68 9 66 9 47 
20 0 20 4 25 9 9 0 10 7 37 4 20 8 39 5 83 9 20 4 3 5 25 3 28 3 97 2 52 2 84 8 65 6 57 8 84 0 100 5 78 
20 4 78 9 11 6 62 4 16 0 56 2 45 6 22 0 4 1 88 9 15 6 56 9 6 3 42 2 72 4 70 2 85 4 21 0 27 8 99 7 16 
20 3 91 7 16 4 10 7 69 3 31 9 93 4 9 1 46 5 8 3 40 1 41 5 22 3 19 6 63 7 7 3 41 5 48 4 34 6 68 8 95 
20 5 28 0 33 2 51 3 48 9 7 5 53 5 58 7 60 8 79 6 56 4 74 7 50 3 54 3 66 3 84 4 24 1 48 2 73 7 42 3 42 
20 3 74 9 37 6 98 7 18 0 83 5 85 7 11 1 81 8 4 9 63 0 36 7 14 8 91 1 89 3 85 4 32 8 47 5 68 5 76 7 75 
20 7 36 9 93 5 68 7 13 4 63 8 5 1 37 1 24 0 21 1 47 1 47 8 34 0 68 4 85 1 19 7 11 4 93 4 99 3 49 6 8 
20 3 64 0 54 7 44 6 62 6 74 5 87 6 39 0 3 2 28 7 90 5 46 9 11 1 1 5 59 2 19 3 4 7 5 0 48 6 87 8 94 
