10 10
20 4 66 7 98 6 45 1 61 9 84 4 99 3 11 2 55 3 69 1 18 0 42 0 98 7 83 7 12 9 52 5 62 9 96 9 13 8 51 7 52 
20 5 100 7 53 3 3 5 54 8 49 3 66 4 53 9 35 6 67 4 9 3 40 3 40 1 12 4 35 0 18 7 91 2 15 4 53 4 68 0 46 
20 9 64 4 20 2 34 8 23 1 41 1 51 1 31 5 11 8 5 4 10 8 9 8 12 2 20 7 97 8 58 5 52 8 25 7 25 6 18 0 41 
20 0 64 9 28 4 46 8 56 9 80 4 5 9 51 4 18 4 70 3 49 7 20 9 42 0 40 5 57 0 80 4 7 1 70 4 29 7 35 7 32 
20 7 90 0 6 2 73 4 6 6 9 1 70 2 28 8 56 1 53 3 9 5 36 2 32 9 30 6 28 3 65 5 17 7 11 4 51 3 94 5 90 
20 9 16 0 65 6 42 8 78 3 58 3 36 6 16 8 66 2 11 9 47 6 22 7 43 4 75 5 16 2 22 7 50 0 76 0 100 3 39 5 47 
20 8 4 9 82 9 26 4 43 0 68 6 52 9 29 9 57 1 3 4 96 8 76 6 43 2 92 7 98 3 46 1 71 3 40 5 52 2 10 2 2 
20 9 45 9 77 5 89 4 26 6 88 8 3 3 12 2 57 0 4 4 30 7 79 6 38 7 69 9 65 8 92 9 70 5 40 4 91 9 52 6 65 
20 8 9 6 89 6 7 3 92 7 89 9 53 5 5 8 60 5 27 2 11 6 1 6 2 1 80 4 36 8 66 9 69 9 24 5 99 9 11 0 45 
20 7 86 8 89 3 60 9 28 8 7 1 15 2 86 5 32 4 22 9 23 6 61 6 22 6 1 1 22 7 69 0 39 8 37 7 100 9 86 8 18 
