10 10
20 7 85 2 54 0 26 7 98 2 22 3 56 8 41 2 68 7 27 3 39 1 10 8 7 5 42 9 53 6 90 4 43 3 86 6 22 8 9 0 2 
20 4 51 5 3 2 58 1 85 2 85 1 3 2 97 7 74 2 24 7 13 3 27 0 39 9 12 9 66 9 93 0 19 1 5 1 92 6 50 4 7 
20 0 62 8 76 2 79 0 34 1 76 4 30 1 40 3 28 7 20 5 41 3 26 3 4 2 74 6 22 3 66 6 14 1 89 1 42 7 1 1 49 
20 8 47 3 5 3 77 6 12 3 38 9 58 2 16 1 59 7 19 9 56 9 28 5 14 9 48 2 66 8 100 5 22 3 6 2 41 5 17 8 4 
20 5 52 2 70 4 12 4 43 2 43 5 93 9 56 5 84 1 81 2 78 0 63 3 62 5 36 6 9 8 71 8 84 8 70 5 47 4 93 1 41 
20 5 17 2 8 5 91 4 83 1 35 7 19 3 17 1 85 1 80 1 56 9 69 9 86 9 52 7 85 0 80 9 14 7 21 8 2 9 10 1 34 
20 4 79 6 50 1 67 1 46 8 72 8 9 3 44 9 34 3 79 3 65 8 28 9 60 1 24 1 42 8 39 6 23 9 75 6 54 0 45 0 64 
20 3 84 1 29 4 16 6 17 0 84 9 13 0 96 5 28 4 33 0 93 6 34 1 68 4 52 7 31 6 87 2 97 8 77 7 42 9 34 6 88 
20 2 81 4 36 8 90 6 22 5 39 8 44 0 12 2 24 0 79 9 30 1 4 1 41 2 96 1 25 3 30 7 17 4 24 1 42 1 68 1 13 
20 8 92 5 8 5 71 2 57 9 39 7 25 0 49 2 61 6 94 7 7 7 71 5 61 6 63 7 37 3 29 7 37 6 98 7 62 5 53 9 23 
