10 10
20 0 58 7 91 0 88 1 7 6 43 5 35 1 97 1 29 3 80 6 99 5 40 2 1 2 82 0 88 2 48 1 66 2 73 4 47 8 55 2 47 
20 1 75 6 77 9 71 6 72 5 29 1 62 8 21 1 72 4 72 1 67 1 44 4 81 9 25 9 32 6 39 9 56 1 62 0 100 2 74 1 74 
20 3 49 7 19 2 73 0 54 3 10 2 93 5 73 1 96 7 5 8 18 5 72 8 42 8 35 8 20 9 58 3 99 3 65 9 32 9 77 1 23 
20 6 36 8 17 2 52 7 47 6 16 9 31 8 71 9 9 7 96 5 47 6 31 1 72 6 69 1 29 4 72 7 87 6 50 2 45 8 80 2 74 
20 6 63 9 16 5 74 4 12 0 29 2 8 7 62 1 21 5 29 7 62 4 99 5 81 5 21 2 75 7 94 8 59 8 85 1 20 5 41 6 69 
20 4 81 4 14 7 51 5 89 2 71 1 62 7 69 5 21 5 45 7 39 1 24 2 28 2 63 7 86 5 51 1 92 2 74 4 39 7 3 4 14 
20 7 91 8 62 8 3 7 21 8 49 8 46 7 18 7 78 6 20 4 22 0 23 1 77 8 23 5 75 6 66 9 97 3 19 7 76 0 43 7 79 
20 7 84 2 39 9 39 8 52 5 75 9 84 7 90 0 28 7 79 9 32 3 74 7 78 4 49 9 28 2 43 2 11 3 84 2 6 9 92 3 53 
20 0 86 7 19 8 63 0 9 2 77 3 15 5 70 5 6 6 27 6 99 4 88 7 36 9 97 5 82 6 5 9 87 8 71 4 59 9 58 4 7 
20 2 39 8 26 6 37 3 26 6 12 1 48 1 95 3 99 2 64 2 88 3 68 4 84 8 10 2 52 3 78 2 56 4 53 6 75 0 12 9 25 
