10 10
20 3 41 3 42 5 92 6 74 2 80 6 49 1 79 7 10 8 50 8 17 1 5 7 59 3 16 7 71 2 85 3 78 3 42 4 51 5 10 8 86 
20 5 94 8 37 0 32 0 34 5 52 0 90 1 99 3 44 7 61 3 86 2 61 4 65 3 15 7 96 4 50 3 87 4 49 1 38 1 40 0 53 
20 5 66 0 84 6 65 7 49 6 48 2 85 0 13 1 82 5 23 7 26 9 17 0 75 6 75 5 70 6 14 2 41 5 21 4 8 1 67 3 66 
20 7 85 2 61 6 83 9 24 6 40 2 61 0 75 0 47 0 8 0 62 1 48 3 51 0 76 3 17 1 23 9 96 1 78 5 59 1 55 6 23 
20 0 98 9 21 3 77 2 51 8 90 3 5 6 7 4 9 3 20 7 69 4 67 9 73 3 2 3 82 5 43 6 39 1 53 1 71 1 89 8 98 
20 3 95 4 98 0 86 0 87 6 48 8 13 1 86 0 65 1 83 7 97 9 63 3 30 7 9 6 73 9 26 7 72 5 33 8 90 4 51 5 30 
20 1 50 6 79 0 64 8 19 8 54 6 87 9 33 1 31 6 8 8 44 2 75 0 52 8 20 7 36 7 3 1 58 3 79 0 14 2 5 8 27 
20 3 24 4 51 8 58 3 8 9 72 3 45 2 40 7 83 5 84 7 79 8 56 2 95 0 48 2 57 3 11 3 39 8 5 7 70 6 28 6 34 
20 2 42 5 64 1 76 1 50 7 20 0 79 7 67 9 7 1 31 1 49 9 51 8 7 4 58 0 52 8 13 8 48 8 70 3 86 9 40 4 50 
20 2 39 0 73 2 96 1 61 4 97 7 41 3 2 6 79 4 71 8 11 4 3 2 12 9 18 1 33 1 86 7 82 5 44 2 100 5 74 8 66 
