10 10
20 3 42 1 6 7 74 8 30 8 44 5 71 7 98 7 70 0 15 1 72 6 95 5 4 9 98 8 8 9 70 6 49 7 33 8 22 5 4 5 13 
20 9 93 5 33 3 27 5 62 8 6 8 10 2 6 2 90 6 31 1 27 9 88 1 83 1 42 4 51 6 5 2 11 8 86 3 95 2 9 5 3 
20 3 37 3 71 7 60 9 88 5 99 2 55 8 11 0 66 6 54 7 68 7 86 5 34 3 25 2 54 4 43 7 13 9 68 1 66 1 38 0 8 
20 9 35 9 15 0 12 1 29 2 48 5 30 7 30 0 100 2 23 3 15 4 46 6 53 6 54 2 2 7 14 7 33 3 11 8 53 4 18 1 74 
20 2 71 6 11 0 23 8 79 3 14 7 45 1 39 2 64 8 5 0 87 2 14 9 6 0 7 8 83 4 10 4 48 9 50 7 58 0 47 8 90 
20 8 47 9 6 8 7 4 93 8 82 2 29 0 15 1 29 9 27 1 72 2 46 6 50 1 20 7 69 5 38 7 10 5 56 9 74 1 78 8 73 
20 0 59 4 27 9 83 1 91 7 29 9 56 4 82 5 56 6 36 8 13 8 7 4 38 4 14 9 93 2 24 6 5 3 48 7 23 3 49 0 2 
20 2 29 4 43 2 84 2 34 0 59 1 48 7 40 2 45 4 40 6 91 7 74 7 83 9 52 2 6 6 34 9 49 4 57 5 72 8 3 7 14 
20 8 13 0 96 3 34 4 80 2 99 9 79 8 12 9 53 5 54 0 84 9 24 2 58 1 28 0 37 8 93 9 77 7 97 9 59 0 31 7 82 
20 5 62 7 76 8 46 5 99 3 44 7 62 3 100 2 43 7 91 2 50 1 11 4 11 2 81 0 18 5 93 6 27 9 19 4 84 3 15 1 25 
