10 10
20 4 56 8 78 0 46 9 15 6 55 5 93 1 44 8 79 9 91 9 63 9 48 8 93 5 39 7 27 0 50 4 25 3 26 9 98 3 100 3 24 
20 8 4 6 7 4 35 3 31 0 10 5 50 6 5 4 82 6 4 1 62 7 98 0 53 3 3 8 58 5 19 2 42 2 80 0 46 5 75 5 76 
20 9 91 5 100 1 12 1 20 1 60 7 13 2 69 5 2 9 55 1 78 1 58 6 34 0 9 3 54 4 48 0 90 6 24 1 59 8 94 0 46 
20 4 39 8 91 2 2 1 51 6 17 7 26 3 7 4 70 1 92 6 35 4 38 0 35 2 64 1 93 8 92 6 54 7 56 6 87 6 24 7 17 
20 1 86 6 28 4 38 2 37 1 34 4 89 8 68 3 9 7 60 8 96 8 29 1 2 9 51 9 64 6 97 1 27 7 64 0 83 6 85 5 14 
20 9 5 0 88 2 84 2 73 0 4 8 52 1 15 2 81 9 30 6 34 9 77 8 90 5 31 6 70 9 59 5 96 4 54 8 5 0 60 4 17 
20 9 30 6 65 1 40 3 87 3 63 8 91 3 29 8 10 6 80 6 31 8 80 3 97 8 22 2 17 7 59 3 30 3 19 7 95 9 98 1 49 
20 7 26 1 40 0 14 6 69 0 94 7 7 0 90 1 51 4 11 5 6 1 15 5 52 4 44 0 95 1 6 8 92 9 55 5 66 1 42 9 76 
20 3 87 8 93 0 99 1 80 6 64 9 29 9 96 1 45 7 16 3 59 6 49 8 7 2 99 7 46 8 46 8 46 1 59 3 69 4 30 9 26 
20 2 66 0 94 0 93 2 14 1 79 5 80 4 3 3 41 8 98 7 8 4 25 8 63 2 21 6 7 4 74 1 39 9 20 8 52 8 52 3 21 
