10 10
20 6 67 5 33 7 98 9 18 5 66 1 81 3 98 3 57 8 23 7 8 3 66 8 33 9 100 1 55 1 24 7 92 7 42 1 57 7 10 6 63 
20 5 42 2 63 8 100 2 44 2 22 3 79 2 11 8 30 0 91 2 34 5 52 7 81 8 66 8 19 5 38 4 16 1 6 4 19 8 4 6 69 
20 5 51 6 35 1 81 0 55 6 41 5 66 2 59 4 71 8 30 4 51 5 42 6 31 8 33 7 11 8 17 4 98 1 71 6 56 2 81 5 52 
20 9 77 7 8 2 84 0 36 8 89 1 16 7 88 7 72 4 48 7 50 1 6 6 15 9 6 2 78 8 7 0 60 9 87 6 71 3 20 2 78 
20 8 89 4 14 5 21 5 76 0 13 5 36 9 96 5 82 7 37 3 62 3 35 5 33 4 95 6 26 6 68 3 99 9 33 0 30 8 77 7 64 
20 0 26 8 94 5 47 8 50 6 7 2 5 4 49 7 35 7 84 3 80 5 96 8 98 0 23 6 23 8 44 5 87 3 17 4 56 4 62 0 40 
20 8 9 8 79 3 51 0 5 1 46 5 85 6 30 7 34 9 99 9 27 6 9 7 91 0 88 4 14 2 80 2 43 4 92 5 66 2 7 3 66 
20 9 48 0 83 8 63 7 31 8 64 5 49 8 53 8 99 6 72 4 40 6 5 1 25 8 87 0 35 6 61 0 11 1 64 2 67 9 80 6 48 
20 5 73 7 37 1 11 3 66 0 88 3 22 1 12 2 70 2 32 9 33 4 35 2 26 8 64 0 79 3 31 2 1 0 83 0 26 5 89 4 37 
20 8 1 9 14 4 44 4 60 7 80 8 4 9 85 4 98 1 73 4 34 6 67 3 27 1 72 2 90 5 31 0 32 5 97 6 94 4 21 7 88 
