10 10
20 6 76 5 43 7 43 0 90 5 94 8 79 7 67 4 65 2 74 6 98 1 43 8 79 4 68 0 1 4 33 3 3 3 48 9 63 0 31 4 17 
20 5 69 6 91 9 89 9 82 3 20 0 71 3 58 4 54 2 76 4 15 9 74 9 7 4 14 8 2 2 19 2 73 7 37 0 48 4 22 5 2 
20 8 67 4 11 9 74 2 28 0 89 9 43 7 80 5 78 5 38 8 29 3 95 6 43 7 73 3 54 4 86 2 49 3 100 7 39 0 68 5 82 
20 0 22 1 66 4 77 6 7 7 7 2 62 8 18 7 93 5 73 2 57 1 4 8 41 1 25 3 42 7 43 3 31 3 53 5 23 3 46 2 79 
20 7 49 2 52 8 93 6 36 7 42 1 31 4 39 4 91 8 71 9 84 4 4 6 26 5 84 7 41 9 4 2 73 2 69 0 76 6 39 5 50 
20 9 77 4 88 8 44 1 67 7 93 6 40 8 86 4 21 2 59 8 41 1 27 5 1 8 7 7 30 2 71 1 68 9 49 7 94 3 69 3 53 
20 1 55 3 87 7 7 8 64 4 20 6 44 6 17 4 84 6 34 6 81 3 2 7 14 8 50 4 93 9 58 1 86 2 82 3 69 0 52 6 22 
20 4 77 1 60 3 69 4 6 5 64 2 18 3 40 8 61 4 30 0 61 9 61 7 92 8 48 8 17 1 89 3 66 2 67 5 53 3 43 3 6 
20 2 49 9 68 3 5 3 95 0 1 1 54 5 55 4 63 8 63 3 74 1 22 8 47 9 21 9 67 5 96 5 1 5 60 9 81 8 69 8 22 
20 2 82 0 50 0 83 6 71 7 10 6 72 5 3 0 65 1 77 9 62 8 9 5 40 3 92 4 70 7 91 6 17 7 80 1 66 4 3 8 97 
