10 10
20 4 85 1 37 0 54 0 35 8 2 0 40 7 41 2 59 1 11 2 63 4 90 1 27 8 70 5 85 7 7 4 74 8 58 3 5 2 9 0 24 
20 5 54 2 93 8 48 3 100 3 17 8 38 4 57 6 27 8 47 6 81 7 79 5 31 0 19 8 37 5 11 7 24 4 92 6 19 2 22 0 60 
20 8 13 6 72 7 47 9 47 2 25 5 28 1 55 2 93 3 27 5 61 3 69 6 5 0 86 6 12 8 34 0 28 4 69 7 36 7 41 2 23 
20 4 29 3 96 6 53 3 63 9 50 0 62 2 39 3 57 5 5 0 61 5 56 5 53 9 93 4 100 4 94 1 55 5 21 9 70 2 26 9 55 
20 4 15 4 32 0 19 8 65 8 76 9 8 5 83 6 83 2 86 3 70 6 97 1 88 6 97 2 19 5 34 2 37 5 8 6 4 3 57 1 73 
20 5 47 1 4 3 71 2 40 8 69 9 55 9 21 2 50 6 2 0 95 8 13 4 41 7 40 3 28 7 74 6 35 7 94 0 91 2 44 2 65 
20 7 90 2 10 0 21 7 90 5 20 9 81 6 62 8 90 9 66 1 86 1 61 3 94 0 35 6 7 5 21 4 93 9 69 4 65 5 70 4 41 
20 9 79 8 91 5 73 1 8 5 63 2 1 1 47 0 11 7 99 1 39 8 81 1 53 7 71 2 82 4 38 3 54 4 50 1 58 0 93 0 31 
20 6 51 5 1 9 18 0 76 5 59 7 37 5 49 8 77 6 89 8 38 5 31 1 74 7 46 4 86 3 65 2 36 7 85 9 7 2 45 8 56 
20 1 96 1 40 7 19 0 94 0 9 0 92 4 97 6 55 6 6 6 96 6 92 1 73 4 21 1 24 8 62 5 76 9 76 8 81 4 39 7 66 
