10 10
20 2 14 1 29 4 89 4 10 3 6 5 27 1 85 4 95 2 27 7 96 0 17 0 54 2 48 7 62 2 54 6 50 3 93 5 1 7 58 7 78 
20 4 73 2 14 7 64 0 25 9 81 7 82 4 39 8 64 8 27 7 55 7 43 2 21 9 44 0 8 1 51 2 35 7 83 9 30 9 41 1 22 
20 0 32 7 92 7 4 6 85 1 23 8 24 6 94 5 50 4 74 2 25 3 60 0 90 5 95 9 90 3 99 1 100 1 94 4 83 0 88 9 52 
20 0 16 2 74 3 42 6 86 6 86 7 54 8 68 4 89 4 75 4 54 0 24 5 1 6 82 8 35 2 60 7 61 1 52 0 97 7 34 7 89 
20 7 8 7 9 5 96 8 13 7 8 6 26 0 5 8 69 1 29 1 24 9 31 2 29 9 100 8 67 2 75 3 68 9 42 3 76 6 87 5 11 
20 8 56 1 57 2 69 1 23 9 49 3 97 5 73 1 45 6 43 0 85 9 18 1 33 8 96 4 71 9 94 8 16 9 27 0 53 2 87 7 70 
20 3 77 2 1 4 11 4 58 0 67 3 5 5 86 1 73 4 19 2 80 0 6 7 96 1 30 3 16 3 73 9 35 1 27 0 57 6 55 4 39 
20 8 13 0 41 7 18 8 6 0 93 5 48 1 89 2 24 8 39 6 97 3 57 2 12 5 2 5 91 6 32 7 5 2 29 8 76 0 35 0 61 
20 6 65 2 35 8 63 0 10 3 13 8 13 7 79 4 51 6 90 2 95 3 90 0 20 1 25 9 46 6 30 0 34 2 21 4 13 9 30 2 72 
20 4 87 3 42 7 31 0 69 0 32 2 41 0 95 0 72 8 79 9 12 2 12 1 47 4 79 5 96 3 9 7 66 6 11 7 79 1 79 8 13 
