10 10
20 9 38 4 90 7 10 4 5 5 76 7 76 5 33 9 47 6 57 9 26 7 28 4 79 8 88 3 17 8 51 9 63 0 88 2 57 1 40 1 47 
20 3 62 0 46 8 84 4 10 2 13 6 39 2 75 2 86 3 10 4 91 9 2 7 12 6 19 7 73 7 92 7 5 5 62 0 19 8 90 3 29 
20 7 54 1 64 9 66 5 3 6 84 1 8 6 8 0 26 7 84 7 1 1 4 5 74 8 15 9 49 6 64 7 98 4 83 6 84 8 87 1 79 
20 1 22 9 23 2 57 9 14 8 79 9 94 7 33 6 18 5 80 0 68 6 73 1 78 7 33 2 67 9 60 1 22 9 66 8 96 2 80 8 30 
20 2 69 9 93 8 16 6 35 8 97 0 28 9 63 2 42 5 36 6 87 5 68 6 77 2 24 3 90 2 54 3 41 7 63 6 54 3 79 8 30 
20 2 71 5 84 6 71 6 48 1 85 4 34 5 30 1 36 1 32 0 45 7 39 2 8 8 99 1 46 0 64 5 57 4 53 8 14 6 35 4 49 
20 6 2 9 17 2 16 2 20 5 46 1 25 5 77 7 71 5 91 5 64 8 92 0 66 9 89 9 59 5 83 8 18 1 37 2 4 3 2 4 13 
20 4 66 7 16 7 34 4 28 7 56 2 58 9 1 0 16 9 17 0 39 9 25 5 47 8 7 1 94 7 1 3 76 0 37 4 46 7 22 8 22 
20 5 96 0 70 6 38 9 13 5 32 7 95 8 59 4 32 8 77 5 8 9 63 8 23 5 13 3 30 8 10 7 20 4 34 7 55 7 48 8 91 
20 3 46 0 3 6 86 8 61 7 69 2 52 9 43 6 33 0 79 0 74 6 94 6 87 5 83 6 61 8 3 2 51 3 89 1 63 7 78 1 23 
