10 10
20 7 18 7 59 7 100 6 66 0 21 0 57 6 63 4 81 7 50 5 29 6 81 4 6 5 99 5 89 5 81 0 21 5 36 8 49 8 39 3 96 
20 1 70 6 40 3 74 9 64 8 26 0 16 7 89 5 89 6 50 9 61 9 62 4 23 1 79 0 27 1 58 9 54 8 87 7 70 4 5 3 81 
20 8 94 9 11 8 78 5 36 0 35 7 89 0 92 5 35 3 81 8 57 8 39 3 62 8 14 2 2 4 83 5 3 5 57 4 24 4 37 2 3 
20 3 100 3 23 0 48 9 52 2 22 9 22 2 89 8 88 7 59 6 78 6 49 7 16 1 92 4 5 6 38 6 15 6 92 6 43 4 71 6 14 
20 7 11 5 96 2 1 8 65 3 49 6 76 3 16 1 82 4 15 0 91 2 94 5 83 1 87 0 83 2 30 1 63 7 56 9 76 8 61 5 83 
20 6 40 3 50 3 68 8 86 6 49 6 88 8 63 6 22 9 9 3 97 9 13 1 72 9 54 0 10 5 51 9 35 7 29 6 72 4 74 0 97 
20 2 95 5 75 1 47 7 32 6 93 3 66 4 6 6 84 2 90 7 86 0 58 6 60 5 47 8 13 7 18 6 33 4 29 3 7 8 78 1 43 
20 6 35 1 79 7 51 4 28 2 54 4 56 6 79 4 26 1 39 6 37 4 32 2 96 8 3 6 33 3 68 9 17 0 98 2 84 1 99 4 27 
20 7 67 6 8 4 50 9 21 2 93 0 17 7 35 4 45 6 68 1 7 9 25 1 44 1 99 9 33 0 45 3 33 7 24 6 77 1 85 4 52 
20 0 26 1 58 0 88 6 65 3 47 5 74 3 58 6 7 4 76 8 71 0 52 5 72 9 9 7 44 4 11 1 2 8 2 1 34 1 69 9 11 
