10 10
20 1 54 1 54 7 98 2 6 9 52 8 57 6 63 5 15 8 89 7 26 1 88 2 53 4 47 9 35 1 62 4 74 3 1 2 77 3 49 3 70 
20 9 72 5 99 8 15 2 32 1 95 8 29 7 54 6 75 3 86 2 23 2 19 8 25 9 60 8 63 3 3 0 88 8 50 7 27 7 91 3 86 
20 2 64 7 74 8 56 0 93 6 49 9 64 0 91 8 67 6 52 1 61 6 15 3 82 7 99 2 87 6 99 5 12 7 69 7 98 2 35 0 85 
20 4 34 4 98 0 78 7 18 6 24 5 76 0 86 7 3 4 11 3 71 8 80 5 65 3 3 2 92 0 46 3 3 9 18 2 5 9 98 0 77 
20 0 30 1 73 0 51 8 25 2 29 6 46 6 48 5 31 6 33 7 21 1 89 2 91 7 44 4 74 6 80 7 12 1 81 1 15 6 48 9 88 
20 1 79 2 15 4 13 5 36 2 34 7 43 9 15 4 62 3 51 1 13 3 94 5 65 5 18 9 60 3 36 1 66 0 31 7 77 3 93 5 65 
20 3 82 3 50 1 85 9 87 9 84 2 50 3 14 9 80 7 1 5 6 1 59 7 58 2 82 9 8 7 58 3 84 4 97 1 37 3 58 2 74 
20 2 96 5 21 9 10 1 96 9 73 7 22 7 37 2 22 1 28 9 99 5 24 5 68 2 57 5 54 5 94 0 47 7 48 1 96 7 39 8 3 
20 7 14 5 97 4 3 1 32 2 21 1 55 7 39 5 12 0 99 3 3 5 13 1 34 6 55 4 65 1 85 1 43 8 87 2 36 5 58 5 53 
20 4 58 5 43 1 83 8 78 1 70 3 83 2 57 2 80 7 67 7 31 3 93 1 70 8 37 5 65 5 98 4 85 9 74 9 46 3 31 1 94 
