10 10
20 0 94 1 53 8 40 7 12 2 69 2 1 7 78 7 14 5 42 2 82 7 30 7 71 0 44 9 4 4 54 5 40 7 85 4 52 7 70 4 31 
20 5 62 2 44 9 69 7 52 8 20 7 78 6 97 8 42 7 86 9 86 5 20 0 83 6 20 8 40 8 63 6 73 6 29 5 22 1 97 6 46 
20 9 57 3 16 0 25 8 34 5 8 6 8 5 85 1 39 2 57 1 95 7 28 7 29 8 23 5 100 8 39 4 61 3 8 6 90 0 85 4 100 
20 8 84 6 47 3 92 9 18 8 85 3 88 3 90 5 54 5 34 3 31 2 54 2 4 7 57 1 81 4 37 5 13 1 33 0 4 0 96 1 51 
20 4 53 8 29 8 6 9 45 0 81 1 81 3 13 4 9 5 83 5 39 5 32 9 90 9 13 9 36 1 63 4 29 2 80 3 83 9 85 4 24 
20 8 45 7 13 1 3 7 10 2 90 9 62 2 40 9 71 9 16 2 87 2 6 0 69 6 96 5 45 9 34 5 66 4 58 0 19 5 50 5 11 
20 0 51 2 23 1 55 6 98 1 58 0 97 7 45 4 53 9 99 4 57 6 97 4 35 0 83 5 3 0 66 8 29 0 89 1 3 0 3 5 15 
20 3 90 3 47 3 89 7 32 7 78 0 58 6 1 3 59 8 91 3 32 4 60 8 94 4 70 1 100 4 91 6 50 5 70 7 17 0 85 3 65 
20 9 10 9 39 8 55 2 33 9 20 9 92 4 16 5 68 6 89 4 49 8 67 8 91 2 84 7 66 8 74 3 13 2 64 3 65 3 83 2 73 
20 3 5 5 15 1 25 1 11 2 81 6 14 9 68 5 38 2 61 0 15 4 51 7 30 5 13 1 16 5 58 3 50 5 72 4 71 0 45 8 10 
