10 10
20 4 58 8 37 1 91 5 83 2 89 1 19 8 86 0 61 3 26 0 51 2 16 3 63 9 60 0 99 3 44 5 53 0 35 8 72 9 10 3 98 
20 2 89 1 39 7 34 7 96 8 51 2 16 2 91 8 95 8 80 8 57 1 52 4 81 4 73 3 34 5 86 1 23 5 25 2 84 2 77 3 28 
20 7 8 8 68 7 88 7 65 6 21 3 86 9 39 1 99 0 6 2 3 2 25 4 68 6 91 0 70 6 51 6 95 2 24 1 4 0 78 2 20 
20 7 31 1 75 1 96 0 20 9 49 9 31 0 61 3 10 7 53 6 48 3 75 3 17 9 1 8 47 5 37 7 2 6 91 9 5 3 18 3 57 
20 3 39 0 50 6 93 8 33 4 40 7 3 5 82 2 80 5 11 3 68 4 85 8 52 7 97 0 47 8 90 8 72 8 7 6 44 8 75 9 42 
20 8 7 5 30 9 23 8 31 0 50 6 20 0 42 9 78 9 6 6 24 2 66 9 17 7 61 2 64 5 12 3 81 3 55 7 25 9 6 5 62 
20 8 37 2 66 1 37 4 54 3 57 2 4 6 43 9 84 8 29 9 89 4 81 0 37 3 39 2 52 6 31 7 27 9 67 5 31 0 96 3 88 
20 4 1 1 94 0 79 5 4 3 32 9 59 0 47 5 39 3 41 4 57 0 82 9 76 6 81 5 68 0 83 3 81 6 36 5 77 2 55 1 95 
20 6 17 2 62 0 6 4 5 9 14 2 27 2 38 8 80 5 86 0 98 4 18 1 6 0 30 5 7 6 26 7 100 3 81 1 51 5 2 8 44 
20 5 37 0 39 6 34 6 98 8 42 2 31 4 47 6 68 7 10 9 58 4 42 2 71 4 50 7 56 6 99 8 7 6 6 5 33 2 27 6 6 
