10 10
20 7 98 4 52 2 99 5 81 5 14 2 95 8 10 8 8 1 76 2 61 8 72 0 22 2 6 9 23 1 62 8 44 4 1 2 5 0 73 2 20 
20 0 59 7 22 1 30 0 57 0 80 1 43 2 35 1 25 8 36 9 24 0 89 7 12 2 97 2 88 2 93 7 60 9 58 1 1 4 25 0 7 
20 4 62 3 33 8 17 1 80 7 43 5 20 0 22 7 77 4 41 9 7 7 49 3 9 3 89 2 20 0 24 3 95 6 39 9 94 6 68 2 58 
20 6 37 3 49 6 51 0 23 7 47 7 60 9 44 5 11 6 32 7 99 8 3 1 10 4 2 8 87 0 70 2 6 4 98 0 32 8 8 1 17 
20 1 97 7 60 9 84 6 30 6 42 8 67 0 95 5 1 2 42 6 30 7 79 4 68 3 89 4 22 4 100 9 38 9 60 9 84 5 28 7 31 
20 3 32 6 53 1 54 3 56 9 61 1 55 2 2 7 99 5 45 2 74 1 64 9 92 6 36 4 66 0 23 1 96 5 59 7 48 9 56 0 83 
20 5 42 0 68 1 59 0 3 9 60 0 92 4 22 8 31 0 60 5 8 5 55 7 57 0 99 2 70 9 16 6 4 2 3 4 69 4 11 1 58 
20 5 23 2 21 7 96 9 100 2 1 2 10 2 65 6 18 0 24 8 55 4 40 8 94 9 14 1 61 4 96 5 13 3 77 1 37 8 19 0 94 
20 2 13 3 16 8 72 8 60 8 81 1 58 5 94 7 87 2 35 3 55 3 70 9 100 9 91 7 30 9 45 8 81 9 53 9 74 4 8 5 50 
20 3 2 4 7 5 51 5 52 8 96 6 20 7 82 5 49 2 21 4 48 8 21 3 32 9 51 7 37 9 54 0 93 2 12 8 88 8 87 0 49 
