10 10
20 0 86 9 71 6 81 9 33 0 75 5 48 7 97 8 29 1 47 8 17 1 61 2 60 9 21 4 83 4 7 3 99 8 20 3 6 4 95 4 53 
20 5 95 7 36 0 51 0 35 9 89 2 94 1 52 9 2 7 26 4 6 9 44 6 68 4 76 7 12 9 74 4 25 7 49 6 99 5 37 4 32 
20 0 20 4 39 3 29 1 63 9 29 4 2 4 53 0 27 1 17 8 84 2 43 5 1 2 35 5 48 9 47 4 11 0 42 1 13 9 93 6 11 
20 2 28 6 85 9 73 4 74 3 25 3 44 2 32 0 94 1 18 0 100 9 69 5 32 3 39 1 50 2 59 2 47 8 78 6 29 9 64 8 55 
20 9 94 8 37 0 16 0 37 6 18 6 80 1 42 7 86 9 18 1 87 6 83 4 49 9 65 1 63 9 82 0 28 2 6 6 22 4 95 7 32 
20 8 85 1 44 1 29 9 35 2 23 3 40 8 93 3 69 8 23 7 11 1 48 9 41 8 34 2 5 2 52 0 18 4 37 4 65 8 82 1 13 
20 7 2 3 60 4 20 1 65 2 10 0 58 7 38 3 83 4 33 1 77 0 1 7 20 0 42 6 18 1 82 8 4 6 26 7 66 1 59 1 23 
20 9 76 0 60 2 90 6 19 9 97 1 4 8 49 9 59 5 14 7 12 1 96 9 67 4 19 0 69 7 63 3 27 3 69 3 90 8 27 1 90 
20 6 39 7 70 3 93 1 36 5 35 2 90 2 32 1 77 9 70 4 1 6 48 5 29 4 95 7 69 5 45 4 69 2 78 7 42 0 50 6 30 
20 8 2 4 98 1 67 1 22 7 70 7 98 1 5 8 29 4 36 6 88 5 56 5 81 8 18 9 99 6 51 3 93 9 75 6 62 0 80 8 53 
