10 10
20 4 60 4 48 1 50 4 64 0 76 6 5 3 90 3 88 4 55 6 97 9 89 5 16 3 39 7 74 7 14 3 43 4 94 7 26 8 74 5 62 
20 7 56 8 45 8 46 6 86 9 72 9 79 4 49 9 75 6 81 2 36 6 69 0 66 2 58 1 14 2 50 0 49 4 88 5 86 9 98 1 88 
20 3 64 9 92 0 63 1 52 8 29 6 94 1 45 7 37 0 3 1 80 8 13 0 50 3 92 8 2 7 99 6 96 8 87 4 54 4 68 8 27 
20 3 19 1 74 7 53 2 39 1 82 2 74 4 11 9 8 0 63 6 7 2 80 4 37 4 47 0 29 6 50 3 75 1 83 4 15 8 30 7 47 
20 2 59 6 59 6 93 8 96 8 91 4 75 8 46 2 12 0 79 7 58 0 11 4 76 0 78 0 59 0 37 6 91 8 24 2 72 8 54 5 42 
20 1 62 2 99 8 42 9 76 6 35 0 37 1 40 4 56 2 98 3 37 3 66 6 66 7 57 2 70 1 98 9 54 2 22 5 38 8 77 1 59 
20 0 34 4 89 6 18 7 93 1 54 7 67 3 97 9 81 9 67 8 73 8 33 9 2 1 38 2 29 9 90 8 69 9 63 7 38 7 44 7 67 
20 7 86 9 66 7 30 7 98 3 73 0 59 8 83 3 80 8 66 0 79 6 68 0 9 9 44 8 72 2 14 6 23 9 85 9 2 0 92 3 74 
20 1 45 2 48 2 54 8 27 3 52 4 33 7 44 1 6 2 61 4 75 3 49 2 81 9 80 8 17 0 75 3 53 3 27 5 39 5 17 8 22 
20 7 72 3 72 7 64 7 51 8 49 7 90 4 75 8 4 4 29 8 58 7 12 3 3 5 27 8 8 7 47 7 52 6 43 7 89 1 35 9 27 
