10 10
20 2 22 5 25 0 100 6 29 4 4 5 18 1 89 3 10 4 90 6 28 7 45 7 1 4 30 4 42 1 14 9 2 3 7 2 21 4 70 6 26 
20 6 72 7 28 3 24 2 75 3 67 7 61 6 35 1 54 9 53 6 87 6 32 5 28 8 31 1 97 2 68 2 86 7 6 0 74 0 42 1 70 
20 6 49 9 90 9 62 3 36 6 86 0 90 5 50 2 77 5 98 5 51 7 5 6 41 0 73 2 88 7 55 1 87 2 93 3 76 7 79 1 71 
20 2 78 0 68 9 2 7 28 4 43 9 90 5 76 3 66 8 39 1 48 5 32 1 53 6 72 9 78 8 2 4 91 8 36 9 60 5 18 8 86 
20 6 84 8 66 6 47 8 3 4 44 5 46 5 75 0 42 8 26 3 25 8 1 7 13 6 92 7 1 7 19 4 84 9 29 8 85 6 76 3 57 
20 0 68 3 24 5 2 4 33 2 13 1 44 0 34 4 34 1 79 9 59 6 19 5 29 5 50 4 48 8 56 4 35 6 81 3 94 6 67 0 18 
20 2 36 0 1 5 37 8 87 3 77 4 11 5 54 2 10 7 82 2 86 5 67 0 39 2 63 3 93 5 71 2 61 7 25 6 26 9 28 2 45 
20 0 29 1 23 9 98 3 23 9 15 2 80 2 33 7 30 3 48 6 92 1 12 4 95 8 50 7 33 0 64 5 50 6 49 0 53 2 55 5 5 
20 0 100 3 33 4 96 5 97 5 49 3 60 4 78 0 69 6 35 7 66 5 87 1 30 6 96 9 92 6 94 9 57 6 76 6 100 8 45 1 86 
20 0 66 5 49 1 2 8 35 3 86 6 88 9 57 6 31 0 8 6 28 8 82 5 84 5 95 6 53 5 67 6 23 2 97 9 69 4 11 8 22 
