10 10
20 5 77 2 77 5 80 5 9 2 74 8 74 1 44 9 86 1 46 4 54 3 99 4 2 5 13 2 27 9 70 2 66 1 1 5 15 7 53 9 10 
20 8 37 0 42 0 25 2 40 1 32 7 83 8 94 7 66 2 53 0 62 6 54 6 41 3 28 7 1 2 80 1 97 8 14 7 7 9 23 5 28 
20 5 65 4 47 8 82 8 71 0 29 4 72 1 44 5 45 3 91 5 94 3 60 6 3 3 79 4 23 3 57 8 64 9 86 1 58 2 23 9 54 
20 4 30 4 20 7 54 8 53 0 72 0 53 9 78 1 85 5 9 6 30 2 87 1 7 3 86 6 35 6 37 1 24 6 82 4 65 0 29 6 46 
20 2 92 4 40 3 39 4 68 0 87 8 14 0 38 5 99 9 21 0 13 3 29 4 10 1 24 6 32 2 89 4 22 2 36 0 95 4 23 8 16 
20 1 58 9 10 5 66 7 28 7 39 6 65 0 94 3 36 6 3 4 72 1 95 3 71 4 42 2 21 3 62 3 27 0 37 8 97 2 15 2 76 
20 2 96 6 10 2 17 5 2 1 10 0 78 1 64 8 9 9 33 2 79 3 46 8 8 7 46 6 35 9 49 0 52 7 41 6 92 5 14 2 20 
20 3 8 4 94 3 54 6 92 2 77 4 27 1 17 3 21 5 28 3 90 2 99 0 72 1 87 5 68 6 18 1 55 9 70 2 64 5 96 6 52 
20 7 49 9 42 8 2 5 42 3 10 5 6 8 21 0 45 2 34 3 74 1 56 8 42 4 59 2 30 5 97 6 67 4 77 2 5 2 63 2 13 
20 5 41 9 82 7 27 4 50 3 8 5 46 9 87 3 89 8 38 1 75 2 63 6 9 2 20 2 56 4 40 3 78 5 14 8 26 2 54 1 65 
