10 10
20 7 72 8 68 9 3 7 33 6 49 5 47 7 20 9 33 1 19 6 86 4 12 9 45 1 24 4 31 0 91 9 90 9 77 3 1 2 38 0 64 
20 2 82 2 22 1 82 5 11 1 99 2 93 9 32 0 69 9 85 1 58 4 17 4 56 2 18 5 41 3 3 9 65 0 100 4 69 0 39 0 9 
20 1 4 4 92 7 68 7 93 4 40 8 26 2 87 4 89 1 82 6 11 4 43 8 23 3 18 1 93 6 78 6 36 7 7 9 55 9 38 1 71 
20 6 99 8 77 1 40 3 11 4 64 2 94 5 3 9 30 7 93 8 7 8 41 6 67 3 63 7 41 9 35 2 2 8 70 7 7 8 84 9 92 
20 6 15 7 58 7 34 3 72 9 4 7 76 1 45 2 99 4 64 7 17 5 39 3 32 7 46 4 67 0 60 1 60 1 1 3 70 9 61 3 80 
20 5 84 2 52 8 54 8 13 9 74 4 24 5 5 8 18 0 32 5 7 0 98 5 17 2 60 4 35 4 62 9 31 5 20 4 40 6 28 1 86 
20 9 17 6 21 8 52 3 75 0 83 4 42 6 71 6 76 8 81 1 9 7 91 6 12 2 70 4 17 2 100 6 1 2 10 1 40 4 45 6 46 
20 7 33 4 46 7 60 5 90 1 61 8 11 8 96 4 72 4 21 0 56 8 2 7 54 0 65 0 9 1 21 1 91 6 93 4 81 8 90 2 54 
20 7 70 2 41 1 51 7 49 4 90 6 5 6 9 6 21 1 65 1 63 1 68 6 79 5 90 2 59 9 76 1 2 0 8 8 98 6 9 6 49 
20 2 67 0 79 1 67 7 59 2 67 8 4 6 64 1 34 3 14 9 4 8 81 4 18 0 2 0 63 3 59 6 33 1 79 7 18 8 22 7 30 
