10 10
20 8 74 1 57 5 52 9 30 0 77 7 13 5 16 6 79 0 91 3 24 0 50 2 6 8 47 9 21 0 58 3 15 7 31 3 21 4 39 1 17 
20 1 42 3 70 8 99 0 97 9 14 0 36 3 59 0 63 7 15 8 24 4 91 8 54 0 84 5 13 4 11 3 51 6 89 5 31 5 87 0 53 
20 7 10 3 88 8 16 8 78 3 42 2 73 6 58 0 55 0 22 7 50 8 22 8 28 5 29 4 82 2 53 5 88 7 97 1 68 6 57 7 97 
20 2 52 6 72 4 84 0 19 5 89 1 18 8 76 0 14 9 68 0 71 0 16 9 33 3 55 2 34 2 18 3 40 5 29 5 16 5 1 9 66 
20 8 74 7 99 6 65 4 91 9 48 1 40 3 59 1 62 2 23 3 47 7 83 1 36 8 23 1 83 5 18 8 29 2 97 8 7 4 43 0 95 
20 0 24 2 2 0 46 2 87 1 9 8 9 8 97 0 41 4 47 0 4 6 12 2 72 7 44 9 8 1 20 2 84 9 57 1 22 1 33 7 14 
20 3 1 4 83 0 50 5 35 0 71 4 87 9 85 3 27 7 75 6 33 5 41 9 13 6 81 7 10 8 12 3 68 9 68 0 70 2 61 7 12 
20 2 17 8 54 8 84 0 95 6 87 8 81 7 87 9 36 0 78 8 70 2 33 6 48 7 78 5 89 7 12 1 40 7 43 2 87 1 13 3 11 
20 3 84 5 18 0 37 5 23 8 83 5 40 6 35 6 46 3 46 4 59 9 42 4 86 7 84 4 7 6 93 9 4 5 17 3 89 1 15 7 79 
20 9 29 7 69 8 78 4 85 1 44 8 51 6 84 2 93 4 11 3 32 4 62 8 87 2 30 2 28 2 79 5 1 4 55 0 67 6 91 4 60 
