10 10
20 5 31 1 53 3 33 1 48 9 71 7 47 9 56 3 91 3 39 0 16 3 11 6 66 0 18 5 88 3 17 3 95 3 40 3 74 2 10 3 86 
20 8 74 2 9 7 59 1 25 4 72 0 34 4 37 2 22 9 67 7 56 2 76 5 78 8 59 0 68 8 33 5 32 4 9 4 4 8 14 9 69 
20 3 37 6 85 6 34 0 91 0 11 2 76 9 91 4 34 1 24 8 33 9 7 4 32 4 22 3 18 7 1 2 28 4 29 6 15 6 59 2 51 
20 1 46 0 67 2 96 1 6 0 16 1 43 9 21 9 74 7 25 8 57 4 57 4 20 9 45 8 40 5 37 1 83 8 17 2 10 7 76 6 7 
20 7 59 0 44 2 45 2 99 9 43 5 50 9 41 0 25 1 87 1 69 4 72 4 35 0 92 5 29 3 61 9 79 2 9 2 59 3 68 8 72 
20 7 92 1 33 0 60 1 55 0 31 6 38 9 55 8 15 4 56 9 17 6 34 4 34 9 24 0 54 4 40 3 37 4 71 5 87 9 8 7 28 
20 4 66 0 84 6 49 4 82 6 7 9 13 9 91 3 19 2 60 6 34 1 21 1 26 9 20 4 4 1 70 6 49 3 58 9 82 1 31 7 68 
20 2 43 8 27 8 22 5 86 0 42 4 77 0 40 2 29 3 36 0 42 9 11 8 49 5 99 3 37 6 34 9 54 4 28 6 26 4 70 1 4 
20 6 67 0 23 3 72 1 98 2 59 4 18 6 88 7 71 1 91 4 54 9 40 2 31 4 77 1 19 5 4 2 66 9 20 3 74 1 62 4 87 
20 4 27 9 3 2 83 2 80 2 5 8 81 5 92 9 33 1 23 1 3 3 91 9 16 0 79 8 91 9 43 3 56 2 85 6 33 7 76 2 98 
