10 10
20 4 25 7 99 3 82 5 63 0 84 7 98 5 72 1 72 5 56 3 12 7 97 1 29 4 82 9 98 2 97 1 31 2 40 2 92 7 78 9 27 
20 6 20 0 47 7 83 0 71 1 84 5 75 4 20 8 40 3 3 1 83 4 38 8 98 7 31 3 71 4 40 5 41 3 67 4 9 2 5 0 10 
20 2 11 5 29 1 60 8 7 9 66 8 22 6 20 7 38 3 39 7 7 7 22 1 68 9 10 8 37 1 78 4 93 7 96 7 70 4 36 7 87 
20 7 78 3 93 1 96 3 72 6 57 7 57 3 8 9 21 6 59 2 84 8 16 5 24 3 78 2 72 1 27 5 94 9 37 5 69 3 27 1 57 
20 0 80 8 27 3 25 0 14 9 77 1 92 9 34 7 90 5 96 3 74 5 74 4 41 3 14 6 14 9 39 3 90 3 8 7 71 0 17 3 85 
20 7 50 0 69 1 38 0 68 3 78 0 69 8 31 7 80 7 51 8 100 7 90 1 34 4 49 8 54 2 87 4 53 0 58 3 39 3 40 7 31 
20 3 3 1 31 8 56 9 7 6 14 1 31 8 89 7 56 1 94 0 15 4 7 9 83 3 15 3 52 8 1 9 7 2 41 6 55 9 85 7 81 
20 0 74 7 91 2 97 6 77 2 75 3 21 0 55 2 75 4 66 6 39 0 85 2 38 3 34 4 95 5 69 6 2 3 65 6 71 9 27 8 99 
20 7 50 4 28 6 89 9 21 8 25 7 84 7 38 1 79 3 10 1 33 7 56 1 11 7 96 7 90 0 52 6 69 7 81 4 96 5 67 2 88 
20 0 71 7 18 3 2 0 28 3 27 9 72 1 25 6 43 3 84 7 11 7 60 3 55 6 64 3 3 7 34 8 26 7 4 6 75 2 42 5 7 
