10 10
20 2 43 6 26 6 16 5 48 6 45 3 41 8 2 0 51 3 37 9 27 9 58 7 87 2 4 8 33 8 51 4 99 4 50 9 35 7 14 6 89 
20 6 79 5 52 7 50 4 34 2 86 6 92 5 50 9 28 0 44 4 66 8 1 8 64 5 92 7 25 3 39 4 98 4 89 4 85 7 82 8 69 
20 5 28 3 8 2 78 0 10 1 75 2 16 4 25 0 91 4 13 3 30 5 71 7 46 4 81 1 26 3 8 5 24 8 13 7 64 5 36 8 91 
20 5 24 6 90 8 40 5 87 1 47 2 56 1 56 2 32 7 83 3 28 1 99 4 46 5 57 5 2 4 44 4 48 1 40 5 55 9 7 9 11 
20 3 87 7 92 8 67 8 98 6 44 6 14 4 20 2 80 6 26 9 29 7 20 3 39 5 98 3 6 5 17 4 12 2 92 1 19 8 35 6 70 
20 1 36 7 73 5 88 2 71 3 14 3 10 6 82 4 51 5 48 8 29 4 12 9 47 8 74 6 52 4 83 1 84 1 87 8 42 7 17 6 11 
20 5 66 3 86 3 73 2 70 2 38 6 36 7 30 6 8 0 22 6 5 0 4 4 12 2 83 3 79 4 97 1 3 6 49 1 34 8 81 7 25 
20 9 68 8 20 6 98 3 57 0 25 4 63 1 13 3 29 4 87 7 50 4 96 4 24 2 59 1 75 0 63 7 28 7 99 3 85 6 27 3 83 
20 8 1 8 40 4 65 3 45 1 47 7 39 0 82 0 78 7 10 3 11 9 9 8 68 3 65 5 8 7 57 5 50 9 67 1 54 8 37 2 1 
20 6 19 5 46 7 60 9 45 8 66 6 95 7 62 9 66 8 40 9 30 8 43 8 8 4 44 4 64 3 11 4 33 1 13 9 84 7 45 6 11 
