10 10
20 9 11 5 36 3 19 8 86 7 38 7 1 2 2 6 72 2 12 4 48 7 100 3 10 6 15 0 90 0 63 2 27 1 58 6 7 2 8 4 96 
20 2 30 4 46 2 47 8 30 9 21 3 53 5 70 9 36 9 74 9 97 1 52 6 100 7 12 3 11 2 17 8 30 3 21 5 78 2 16 8 75 
20 9 83 3 84 5 21 8 15 3 89 4 25 1 35 6 9 2 44 5 31 4 84 3 75 9 76 4 19 2 40 8 60 8 64 4 74 6 98 9 55 
20 8 80 2 30 8 56 1 61 7 89 0 1 3 83 5 83 7 20 5 34 8 74 6 62 0 62 5 42 9 56 0 44 7 54 2 100 3 68 7 51 
20 1 38 6 65 0 28 7 65 1 76 6 25 4 62 3 98 6 49 8 20 4 2 3 61 5 85 2 45 9 77 6 65 2 58 9 40 0 47 9 53 
20 3 93 0 95 1 54 8 44 9 13 8 22 9 3 3 46 7 71 7 67 7 10 6 58 8 26 3 15 7 90 9 33 3 47 1 73 2 28 4 29 
20 2 37 2 62 5 21 3 8 5 95 3 65 8 70 6 99 3 71 4 34 2 20 0 77 5 76 2 83 6 38 7 89 2 25 1 13 0 62 8 6 
20 9 36 4 70 4 47 7 67 8 10 4 74 5 10 7 57 9 59 6 13 7 75 5 38 8 47 6 51 8 16 1 98 7 96 2 91 8 58 0 16 
20 5 36 3 12 1 73 8 75 7 14 8 80 9 5 0 36 7 28 4 72 8 44 2 27 8 61 5 67 6 69 0 22 1 75 3 99 4 31 1 60 
20 8 28 5 4 0 78 8 45 0 32 1 97 6 89 7 20 1 90 5 69 3 92 2 48 8 25 9 50 1 79 7 30 6 55 2 94 9 32 0 23 
