10 10
20 4 78 4 36 4 66 2 59 3 47 4 48 2 73 1 100 4 91 4 44 2 5 3 33 8 20 2 66 0 23 2 30 7 40 0 95 1 39 8 73 
20 6 58 8 51 8 26 9 13 6 98 8 72 5 27 1 65 8 97 5 67 0 42 8 71 2 25 5 92 3 61 2 12 0 83 8 19 7 79 2 15 
20 9 36 0 51 3 36 4 23 3 59 0 29 9 51 1 53 8 14 8 30 0 45 2 78 3 81 8 45 8 32 4 61 7 39 2 11 5 77 8 88 
20 5 58 0 13 1 99 4 9 3 68 5 88 1 13 4 89 6 89 4 38 1 82 9 34 0 38 3 72 6 49 6 20 1 67 8 92 2 19 8 10 
20 2 38 1 80 6 98 4 78 1 24 8 65 9 97 7 82 5 43 2 96 0 56 3 60 0 100 1 65 2 61 8 49 1 67 1 86 5 97 5 48 
20 8 81 3 71 1 65 7 53 8 23 1 31 6 100 3 36 6 47 5 43 4 48 5 52 7 48 7 61 1 98 3 68 1 2 9 9 7 81 6 66 
20 2 55 2 94 6 23 8 24 8 63 2 59 3 84 1 83 9 12 2 58 0 97 2 95 1 47 9 13 1 91 7 42 7 54 9 47 3 50 3 45 
20 0 50 0 62 0 55 2 57 0 32 3 86 2 99 8 39 3 66 4 54 0 63 9 38 4 29 2 37 6 94 7 46 5 47 9 53 2 12 8 32 
20 6 36 7 97 3 29 5 40 6 58 1 39 0 32 1 12 1 44 7 22 0 21 9 1 9 60 3 26 8 90 2 23 5 41 5 49 6 98 7 34 
20 8 56 7 38 6 41 9 82 2 48 2 67 2 60 5 93 9 55 1 19 7 55 6 71 4 78 9 47 8 54 8 12 7 32 2 54 0 11 4 99 
