10 10
20 0 50 8 7 9 44 6 96 7 33 8 78 0 49 9 25 9 64 3 95 6 97 4 58 1 79 2 59 6 97 9 79 3 70 7 81 8 43 6 89 
20 3 80 7 46 0 23 7 31 4 19 0 80 6 70 7 29 3 46 0 25 3 57 8 10 4 54 0 88 8 100 8 95 5 73 9 37 2 40 7 27 
20 7 24 1 98 5 4 9 50 2 9 3 82 0 65 3 59 1 28 4 34 9 77 5 31 0 1 3 9 0 70 3 100 6 71 1 6 7 56 4 73 
20 5 22 1 20 8 76 9 49 5 84 2 98 1 93 3 74 3 31 8 50 5 83 7 48 0 20 4 72 4 12 2 93 1 46 6 8 6 86 7 37 
20 3 23 7 60 4 12 4 28 8 31 9 52 2 26 9 34 3 67 3 10 1 33 3 62 0 85 9 90 9 3 7 89 4 78 8 60 9 35 9 76 
20 5 75 9 31 3 15 2 25 3 6 3 23 8 58 0 29 4 50 9 12 0 6 8 13 1 20 9 1 3 68 2 69 7 7 0 33 8 64 6 93 
20 9 17 6 43 1 97 7 77 2 90 8 89 6 32 2 86 4 67 1 38 2 12 3 83 3 99 6 42 7 61 8 76 2 47 9 6 9 93 7 8 
20 9 47 4 17 9 30 4 97 3 8 4 32 2 42 1 28 8 65 7 63 1 39 9 10 2 95 3 98 7 39 7 92 8 34 8 6 3 4 4 79 
20 2 48 5 70 9 42 9 63 7 40 8 3 6 25 0 99 6 13 5 60 7 37 9 71 2 15 6 14 9 95 6 13 8 23 4 72 7 6 8 83 
20 1 61 9 96 1 79 4 58 2 25 9 41 4 70 2 6 6 76 2 100 5 70 3 76 7 17 1 96 3 51 9 91 8 44 3 9 9 40 0 52 
