10 10
20 3 33 4 55 2 30 9 30 3 67 6 29 1 21 7 24 2 26 2 3 2 52 4 31 8 97 1 52 6 56 5 57 9 19 4 22 9 30 9 92 
20 2 60 5 31 3 16 6 24 3 40 9 98 7 92 5 49 2 12 5 93 7 70 0 66 8 15 3 68 5 13 6 23 9 21 3 19 0 9 8 43 
20 0 62 4 20 7 64 7 84 0 18 7 4 1 15 7 92 5 58 9 57 9 21 1 28 7 85 7 39 9 95 0 83 7 31 3 72 3 75 3 88 
20 2 82 5 53 1 47 1 3 5 85 8 74 9 19 7 17 4 6 7 46 6 82 5 92 9 57 6 67 3 75 6 17 8 26 8 77 5 98 8 94 
20 2 61 3 28 1 82 3 31 7 99 8 27 4 29 4 13 4 27 8 5 3 69 0 62 1 98 8 37 3 83 2 8 3 59 9 100 1 95 0 91 
20 3 37 4 65 0 30 5 76 4 75 0 22 1 16 9 11 2 63 8 25 9 15 6 82 5 42 4 37 6 51 2 32 9 69 2 85 5 62 5 73 
20 1 50 9 75 4 100 2 28 4 34 5 16 6 29 5 74 7 36 3 46 1 93 4 67 9 12 6 40 1 99 9 63 8 53 0 39 1 94 1 77 
20 3 56 9 71 3 5 1 52 7 94 8 54 6 15 6 43 6 79 7 90 9 52 1 18 0 25 9 75 6 96 9 28 3 6 0 64 6 70 1 7 
20 4 56 3 96 5 45 0 17 5 56 2 58 2 17 9 9 2 84 5 48 8 32 1 81 2 43 7 34 8 9 9 80 2 84 5 50 8 100 2 66 
20 4 80 8 51 2 83 6 9 7 32 9 77 6 50 2 85 8 47 7 10 2 30 4 99 6 71 5 38 6 93 8 83 5 56 7 62 2 99 0 38 
