10 10
20 1 86 1 27 4 72 2 10 0 91 8 30 1 28 2 57 1 35 6 56 9 24 3 21 6 22 4 50 6 51 3 96 5 89 9 81 6 27 0 88 
20 0 97 5 69 3 55 9 73 4 19 3 87 0 57 8 67 1 2 0 7 0 47 4 90 8 16 8 73 5 65 1 18 4 7 6 59 0 79 9 87 
20 4 71 6 86 7 53 1 22 7 91 2 33 5 85 5 34 0 36 2 81 7 65 4 35 9 71 5 69 7 3 7 37 3 94 5 52 2 5 3 49 
20 7 73 6 47 1 6 8 92 2 15 7 21 0 27 8 72 6 13 8 56 3 2 8 34 7 73 4 84 1 1 4 38 7 68 6 9 2 13 3 64 
20 2 2 8 93 0 33 3 45 0 90 1 18 7 49 8 44 7 6 6 39 3 76 9 75 4 79 2 5 3 16 5 4 2 21 0 42 7 30 2 45 
20 1 16 7 23 2 48 7 99 2 11 8 60 9 79 9 54 7 57 2 63 4 74 3 37 4 13 7 58 3 100 5 86 3 82 8 88 2 16 8 83 
20 5 33 4 37 5 88 1 65 2 49 8 72 9 48 8 19 1 61 8 63 9 30 5 64 2 87 4 32 4 29 9 1 1 99 3 24 6 8 4 88 
20 7 98 4 49 7 21 1 66 6 79 5 78 0 68 8 8 1 4 7 60 6 70 7 44 4 37 1 94 3 75 1 19 3 55 7 84 6 1 6 98 
20 0 44 2 55 7 54 0 80 1 35 9 54 0 57 5 69 0 88 5 69 7 56 2 71 1 79 7 54 5 27 0 85 6 1 5 37 6 94 7 45 
20 8 72 3 17 8 73 1 50 8 60 4 10 3 49 1 41 7 21 7 32 2 7 8 83 1 17 7 16 3 49 4 63 2 73 8 26 8 48 7 62 
