10 10
20 3 92 8 51 4 39 4 47 9 74 7 53 4 87 3 33 1 49 3 28 1 20 8 32 8 39 8 31 2 20 9 91 0 8 8 58 5 30 0 4 
20 6 60 3 69 5 31 8 15 5 36 0 66 3 50 5 57 9 7 9 76 2 98 2 93 7 13 8 54 8 54 7 41 4 95 7 79 8 57 8 98 
20 1 5 1 1 5 53 8 15 3 82 2 3 1 72 0 41 0 31 2 67 5 34 8 59 6 50 5 56 4 26 7 18 5 15 2 53 8 28 9 44 
20 1 53 0 10 3 49 8 82 6 1 1 71 2 44 7 81 9 24 3 19 1 98 1 72 5 46 2 50 6 46 0 85 9 70 0 36 6 19 5 46 
20 6 99 9 55 0 74 5 13 7 53 5 96 3 60 3 33 1 70 4 84 5 75 8 35 8 40 1 53 0 100 5 71 7 51 0 42 1 29 3 11 
20 1 51 9 56 8 96 6 1 5 45 0 72 0 42 3 83 1 9 3 54 5 99 6 26 7 49 7 5 9 54 6 29 2 55 1 97 0 84 8 90 
20 0 10 4 29 4 71 5 9 1 1 8 92 8 94 9 18 3 1 9 58 6 28 0 30 5 100 8 27 8 11 7 96 4 39 5 13 1 6 6 69 
20 7 5 5 85 1 97 0 93 0 97 4 8 8 60 9 79 2 14 0 83 4 3 4 24 6 34 3 5 9 16 7 67 2 87 6 64 7 44 0 22 
20 8 10 7 27 9 33 4 27 0 82 6 76 3 51 1 40 4 21 1 67 3 97 2 49 1 6 8 90 1 84 6 92 6 93 7 17 5 85 3 53 
20 6 26 7 88 4 55 7 95 6 31 8 49 4 52 4 67 0 85 1 87 0 19 1 13 4 98 3 11 0 89 1 85 2 59 2 83 2 24 5 10 
