10 10
20 7 65 8 27 7 52 9 23 0 44 5 29 9 68 0 74 2 15 3 26 9 8 1 14 4 83 4 77 7 92 4 86 1 71 1 29 6 73 0 66 
20 0 88 8 22 2 33 4 11 3 82 2 10 6 3 6 67 1 12 8 94 5 76 5 21 0 55 7 100 6 33 3 96 8 94 1 41 4 18 2 50 
20 6 98 9 22 4 99 0 6 6 11 4 98 3 63 3 94 0 63 3 53 5 34 3 56 8 18 3 28 6 31 3 67 4 62 0 13 8 98 5 78 
20 9 60 2 33 5 2 0 3 5 53 1 83 5 90 9 16 1 79 1 42 6 58 1 12 9 66 8 19 6 28 7 87 4 41 0 23 9 70 2 33 
20 3 9 1 87 9 31 6 57 6 67 5 7 0 39 6 85 8 24 4 18 4 20 5 55 3 77 4 73 3 15 6 46 2 65 7 81 8 100 1 1 
20 2 97 1 94 6 42 3 1 8 33 4 39 7 47 9 33 9 70 6 77 6 17 8 30 2 49 8 28 5 20 0 79 8 35 3 14 7 21 5 23 
20 0 84 0 73 1 2 9 21 2 1 7 11 9 50 0 45 0 94 6 61 4 69 9 35 6 37 0 7 1 95 2 79 3 82 7 94 5 79 1 54 
20 8 25 9 19 5 51 5 69 7 27 5 95 8 5 7 18 4 17 6 64 4 4 9 43 2 48 0 51 8 83 9 36 4 80 8 96 1 6 1 58 
20 4 4 9 33 6 35 3 20 8 47 9 1 2 65 1 74 8 60 7 36 1 75 1 52 3 60 8 31 2 90 1 43 4 98 1 47 4 58 5 41 
20 1 3 1 78 7 15 2 94 6 70 4 33 9 25 3 69 3 58 8 62 3 54 2 11 8 72 9 73 1 76 3 10 3 94 2 78 0 75 5 2 
