10 10
20 5 76 3 34 1 46 2 91 0 39 9 90 5 35 8 40 0 96 4 86 7 94 5 36 5 100 9 61 3 58 7 21 2 38 5 71 1 46 2 74 
20 1 43 4 66 4 25 6 36 3 29 2 58 6 18 9 20 6 84 9 56 7 38 4 23 7 72 5 96 3 49 4 74 2 78 6 10 9 53 3 9 
20 9 46 8 43 7 1 7 38 9 56 0 87 1 45 7 68 4 41 7 12 7 84 3 57 8 51 4 92 3 11 4 28 5 11 7 24 6 32 4 25 
20 8 40 3 99 9 97 5 29 9 23 8 49 9 27 0 77 7 67 6 2 7 80 7 8 2 56 1 38 5 42 1 63 7 14 4 21 7 70 5 14 
20 0 55 2 73 2 3 1 89 9 33 9 37 3 97 3 21 2 66 4 14 7 47 2 75 6 70 9 57 1 73 4 1 8 11 8 72 4 42 4 58 
20 7 20 4 18 1 36 6 58 7 4 5 1 5 18 5 88 8 6 9 52 0 67 9 88 5 44 3 36 3 67 2 70 4 78 7 62 3 8 7 7 
20 5 96 9 34 0 85 9 21 9 14 3 98 3 74 5 72 6 1 1 72 8 62 9 89 1 99 9 38 1 20 6 86 7 38 4 20 6 23 4 89 
20 7 98 1 55 6 27 7 12 0 11 2 51 8 15 6 57 8 74 8 68 9 77 1 60 3 44 7 34 7 29 7 93 2 9 8 85 5 4 4 51 
20 2 47 8 38 1 19 3 81 8 35 7 31 2 18 7 22 0 12 7 9 7 15 1 27 6 28 6 52 5 63 8 22 1 89 3 28 7 13 6 11 
20 7 31 0 82 6 66 4 72 1 96 2 81 9 57 4 18 9 3 7 51 3 41 8 66 4 86 2 66 7 52 0 81 2 36 8 6 9 33 0 74 
