10 10
20 1 43 2 15 1 57 1 87 6 63 2 64 9 100 9 28 4 85 8 33 9 9 0 61 1 23 8 17 5 41 9 25 6 42 5 64 9 60 9 86 
20 8 91 0 48 1 27 4 29 6 22 4 17 7 67 5 5 7 67 1 97 6 58 7 11 8 34 4 84 8 6 2 35 2 60 5 4 8 26 3 75 
20 9 65 2 65 4 93 5 75 8 4 6 4 0 26 9 76 1 93 2 79 0 35 3 32 5 27 1 23 0 5 0 2 3 86 3 52 4 24 6 71 
20 1 8 7 50 5 25 9 10 7 93 6 62 9 19 0 6 1 77 4 1 3 100 9 85 7 90 5 75 4 98 4 26 8 14 7 84 3 96 0 67 
20 0 63 4 4 5 11 7 89 9 66 0 75 8 92 4 9 1 28 0 41 2 37 4 63 6 29 2 13 1 30 4 25 4 61 1 67 8 9 5 85 
20 9 44 4 68 7 88 6 33 4 72 0 65 6 75 3 35 7 54 8 36 9 22 8 54 2 84 8 83 0 27 5 79 2 80 9 31 3 46 1 88 
20 1 43 4 26 8 91 1 57 1 81 0 69 0 56 7 81 9 83 9 79 1 25 8 75 7 85 2 67 6 100 4 25 4 13 8 75 7 55 0 25 
20 6 75 0 89 4 95 0 42 1 13 0 48 0 12 7 46 0 56 9 36 1 81 4 36 1 61 0 5 8 8 3 92 0 48 9 97 2 33 8 25 
20 8 37 6 17 2 54 8 62 6 89 1 73 6 48 1 77 8 5 5 6 3 97 4 28 6 12 8 42 9 52 8 19 9 50 5 60 2 41 9 48 
20 2 37 5 92 6 38 5 38 5 52 3 60 0 92 2 1 4 46 3 25 3 24 2 97 8 95 3 2 7 31 3 4 8 36 7 99 1 23 3 23 
