10 10
20 9 43 5 20 6 95 8 79 2 72 8 93 0 96 7 64 6 3 6 59 5 15 1 25 3 32 8 16 1 2 5 77 0 6 0 17 8 43 7 45 
20 2 33 4 94 0 15 5 69 6 21 3 74 2 6 7 23 9 15 9 92 3 7 0 46 3 29 7 46 3 27 1 18 2 94 4 17 1 50 9 45 
20 6 47 6 36 4 89 3 87 7 55 9 7 7 23 3 90 2 37 8 63 2 29 5 4 7 71 4 93 2 30 3 52 8 8 5 25 5 36 4 12 
20 0 45 0 27 4 40 4 72 8 89 3 75 1 93 9 88 8 87 7 46 1 4 0 66 1 100 0 25 5 98 8 96 5 39 6 9 2 90 3 90 
20 5 28 0 45 6 2 1 9 8 85 4 26 7 86 7 38 1 21 1 3 0 53 7 54 1 11 0 17 1 61 3 97 7 2 7 40 2 52 5 78 
20 8 23 8 90 0 79 0 34 6 87 6 37 9 51 7 51 1 46 6 20 5 75 4 72 7 84 9 63 3 67 8 100 6 63 4 42 1 85 9 21 
20 6 89 8 84 8 3 4 27 7 10 1 45 8 57 1 9 5 46 6 25 2 79 3 15 7 62 2 59 1 62 8 43 0 59 6 31 1 52 2 31 
20 2 78 7 26 2 83 3 49 7 92 5 97 4 86 3 67 3 91 9 99 4 66 4 57 3 42 7 55 7 95 3 33 3 4 0 75 3 3 8 76 
20 7 44 0 76 8 82 0 90 5 64 9 90 7 86 2 5 9 1 2 66 8 21 5 64 2 98 4 56 6 35 1 22 2 59 8 40 7 19 9 23 
20 9 95 4 100 7 65 9 37 1 25 8 62 8 47 4 33 8 49 9 27 4 19 2 21 2 97 3 57 7 29 8 87 8 15 4 61 3 64 3 91 
