10 10
20 1 72 5 3 8 89 0 51 3 78 4 16 7 80 1 23 6 72 4 78 4 47 5 2 5 48 5 81 5 61 9 48 4 12 1 81 0 53 9 27 
20 9 70 8 25 5 67 3 81 5 41 2 79 9 48 1 8 0 57 1 22 2 3 9 63 7 59 4 23 3 14 1 55 6 28 6 16 9 13 9 36 
20 3 82 4 7 6 91 4 17 5 48 6 23 1 86 9 44 3 7 1 100 1 100 1 62 9 19 8 39 6 66 8 61 4 97 3 36 4 24 1 82 
20 7 9 2 99 2 40 6 79 8 34 3 56 0 41 1 46 1 69 5 17 2 34 7 18 5 8 3 10 0 13 0 37 0 5 7 36 0 89 5 83 
20 8 41 0 42 1 59 5 8 1 91 6 90 9 57 4 74 5 19 6 94 0 57 0 22 6 94 6 63 1 46 2 2 2 91 1 60 0 26 6 35 
20 8 84 7 33 9 8 9 45 0 13 3 11 7 49 8 83 5 30 1 50 4 96 8 20 9 79 6 44 0 85 3 62 6 95 3 33 5 16 9 23 
20 7 98 5 34 1 75 9 39 4 92 3 77 1 51 4 9 8 99 8 47 1 26 3 91 0 5 8 22 3 13 6 2 1 19 5 100 4 4 2 14 
20 7 13 6 11 6 38 8 27 5 38 7 7 2 92 9 65 2 93 0 4 1 7 9 13 0 88 5 44 2 4 8 60 4 71 8 60 0 45 5 5 
20 5 59 4 74 6 45 8 8 6 66 2 77 5 66 2 23 8 52 1 68 1 53 9 25 8 62 4 25 5 40 1 16 4 69 6 98 3 17 3 7 
20 6 52 7 95 8 39 7 22 0 64 7 48 5 40 3 66 7 69 0 18 0 65 8 29 8 18 8 93 8 20 8 100 5 86 1 6 6 37 8 14 
