10 10
20 6 68 1 29 6 35 9 34 1 75 9 17 4 55 7 30 8 33 5 91 0 23 4 10 1 47 1 42 0 66 5 15 2 17 0 47 0 74 4 97 
20 0 93 7 71 9 15 1 24 7 13 2 4 8 33 8 47 2 36 3 56 2 96 3 39 5 85 3 13 5 28 6 97 8 93 3 23 4 88 6 84 
20 2 64 1 27 3 59 6 47 2 30 7 56 6 92 8 27 6 1 4 91 6 6 0 23 4 62 3 93 4 43 7 1 1 13 1 81 4 57 8 47 
20 7 4 2 81 1 81 0 63 4 23 7 80 2 90 5 61 4 48 9 28 9 100 0 66 4 26 4 61 8 52 9 63 4 9 5 50 7 74 9 50 
20 3 24 5 1 3 38 7 47 3 88 3 50 7 67 6 63 3 57 8 90 1 2 0 55 2 32 2 53 1 58 1 42 5 98 1 54 6 99 6 8 
20 7 71 1 8 6 38 0 84 4 31 4 97 5 91 6 90 5 91 3 25 5 4 4 97 1 79 2 77 8 12 8 7 8 60 8 17 5 28 9 87 
20 5 7 7 42 9 18 3 67 7 18 9 46 6 20 3 52 1 79 8 19 5 79 1 51 6 39 9 94 5 73 6 37 2 29 1 68 9 97 2 97 
20 7 11 9 93 5 39 8 21 5 57 2 88 2 1 6 95 0 100 3 7 3 55 6 85 9 32 7 28 6 27 8 67 5 21 8 68 4 37 0 73 
20 4 100 4 3 4 50 4 92 5 49 0 23 5 55 2 64 6 12 4 63 9 59 9 93 1 62 5 40 3 77 2 94 4 4 5 31 0 78 5 64 
20 2 97 1 60 1 35 0 99 2 22 6 74 8 100 9 75 4 52 9 95 7 88 5 13 4 26 1 76 2 90 7 28 0 9 3 25 2 7 5 76 
