10 10
20 2 6 9 19 5 93 9 1 1 98 2 38 0 45 5 8 7 45 7 96 9 81 2 25 2 79 9 67 9 53 4 71 7 29 1 66 8 59 1 32 
20 2 31 7 37 1 88 2 66 3 87 0 7 3 54 3 42 0 39 2 28 4 6 3 46 6 95 6 36 1 24 6 57 0 30 0 14 4 84 0 32 
20 7 54 7 36 8 79 5 94 1 49 4 56 4 24 0 88 1 56 9 75 7 36 4 7 4 44 1 44 5 75 7 100 5 71 8 14 9 73 7 64 
20 1 34 5 44 0 93 3 12 2 10 8 60 7 18 2 97 2 31 8 3 4 51 6 65 1 34 8 39 9 72 0 78 1 65 9 50 4 6 5 18 
20 2 70 6 52 5 25 2 44 5 7 8 75 6 84 8 49 8 18 9 54 1 81 4 92 5 55 5 14 1 56 7 51 3 79 9 72 3 12 1 17 
20 8 65 0 79 4 11 0 63 3 86 4 12 6 15 6 3 1 57 3 91 5 76 9 46 4 64 2 58 0 85 4 9 5 73 6 88 3 10 1 94 
20 2 79 7 49 8 7 6 56 2 96 9 9 0 4 6 64 2 72 9 89 0 29 6 68 8 4 4 74 7 82 7 9 7 54 7 17 0 14 4 71 
20 9 17 6 98 5 43 0 24 7 90 5 81 6 38 8 70 6 87 7 53 7 80 5 41 1 89 6 11 5 61 0 63 6 78 4 95 8 75 2 42 
20 3 19 3 36 7 61 0 64 8 11 5 27 8 79 2 87 5 63 7 45 2 25 4 41 4 4 5 5 3 42 2 75 3 90 2 39 2 91 8 18 
20 1 11 8 93 7 18 5 2 4 41 0 62 7 50 0 13 7 63 6 40 2 61 9 78 6 37 8 30 3 20 6 94 9 32 1 14 9 19 1 19 
