10 10
20 7 36 2 88 9 58 5 13 5 95 2 18 0 46 3 13 8 74 7 43 3 96 5 46 2 56 3 26 7 89 2 70 6 64 4 14 8 1 4 97 
20 1 44 5 16 0 25 5 34 7 48 3 40 1 68 6 88 1 84 1 7 5 59 3 36 5 99 5 15 9 84 2 7 7 31 4 34 1 12 8 22 
20 7 18 3 35 4 94 7 33 4 7 7 55 5 36 9 88 9 2 4 17 6 11 0 17 5 49 6 34 9 33 0 4 2 61 0 2 6 42 2 66 
20 1 71 4 82 6 9 2 53 3 47 2 40 6 4 2 92 0 4 4 70 8 10 6 69 9 1 4 65 3 51 6 51 2 20 0 39 1 7 0 30 
20 1 22 1 23 8 79 6 9 8 100 1 26 9 85 2 87 7 1 8 91 1 39 1 32 0 22 3 90 7 56 4 80 0 82 7 10 8 45 2 58 
20 6 7 0 33 4 53 9 9 4 88 5 34 3 31 5 69 8 96 3 31 5 89 5 8 2 72 4 16 3 64 6 36 9 24 3 6 2 20 1 70 
20 9 34 8 30 1 50 0 50 4 9 6 61 8 35 0 81 2 84 1 40 1 20 0 44 0 74 7 59 5 93 4 28 7 59 9 76 1 60 4 69 
20 0 52 4 95 2 86 6 91 0 41 7 4 8 5 9 11 1 14 3 60 6 5 1 40 7 59 7 12 6 4 4 7 8 56 5 34 9 92 1 99 
20 4 90 1 12 0 30 4 66 6 48 0 19 1 72 4 65 6 78 8 28 4 93 9 49 4 69 2 65 6 48 0 35 7 59 1 37 9 27 1 58 
20 2 54 4 96 0 59 5 85 1 1 5 78 5 13 6 14 4 47 1 74 0 97 3 25 4 39 8 13 0 97 6 93 2 57 1 50 1 4 7 17 
