10 10
20 6 96 9 64 3 44 6 21 6 27 0 56 8 15 4 56 0 97 2 31 1 32 9 62 1 33 7 29 1 69 2 96 2 70 7 43 2 68 4 98 
20 4 67 8 13 6 88 1 35 2 38 7 100 5 45 1 41 4 53 9 54 0 3 7 69 8 20 3 25 0 64 1 40 4 91 1 90 8 99 6 34 
20 1 86 1 35 5 23 5 77 5 29 3 73 5 34 3 78 6 90 2 100 1 72 7 70 4 19 6 53 9 20 8 66 7 69 7 57 5 53 9 90 
20 0 84 2 69 2 37 4 40 7 83 0 18 9 7 8 16 6 79 9 1 2 63 0 15 5 17 0 56 5 27 8 60 6 82 1 85 3 17 5 41 
20 3 21 6 30 7 57 6 95 1 9 3 44 7 53 0 51 7 84 0 76 5 64 8 32 5 85 2 91 7 81 5 100 2 64 4 46 8 27 1 64 
20 9 68 8 77 9 96 3 50 0 65 6 62 1 18 9 71 2 77 1 27 3 8 5 65 0 14 4 52 5 28 5 50 9 85 8 20 1 77 5 86 
20 1 77 5 82 1 96 0 49 8 52 8 73 9 99 9 43 3 31 3 95 7 46 3 60 9 46 3 58 2 74 9 1 2 45 7 30 7 65 6 24 
20 0 19 2 36 9 92 9 63 7 41 6 95 5 62 1 78 6 36 5 64 6 47 8 36 0 19 6 61 8 60 0 27 3 62 1 26 7 73 3 30 
20 2 66 4 58 7 69 0 30 8 75 9 57 0 65 2 4 6 54 5 8 4 63 7 2 7 8 1 49 4 51 0 44 6 36 4 13 4 13 0 55 
20 7 98 7 70 3 10 5 44 6 91 0 39 5 86 9 11 4 61 3 79 5 40 5 17 7 99 7 29 9 19 6 6 8 84 9 78 8 59 2 13 
