10 10
20 3 36 7 50 9 79 0 95 7 26 9 1 6 94 0 98 4 4 9 32 2 52 4 41 2 10 1 26 5 50 8 84 3 24 3 33 9 12 1 82 
20 9 85 5 41 1 43 7 15 0 39 0 85 6 1 6 70 8 34 6 93 3 92 3 80 1 100 8 46 8 16 0 80 5 11 4 6 8 84 5 83 
20 4 99 2 30 2 96 2 37 1 83 3 29 4 41 8 5 4 95 0 99 6 54 2 15 3 51 6 14 0 6 3 61 3 2 7 18 4 35 8 79 
20 5 35 0 95 0 24 4 88 9 66 1 2 6 8 4 52 6 37 2 61 2 18 4 64 4 1 5 5 5 46 8 52 4 1 3 15 1 41 5 96 
20 1 37 3 88 3 83 6 95 5 37 7 99 0 60 1 16 6 79 2 88 2 29 2 95 2 35 4 64 1 79 2 96 3 2 7 6 3 15 6 27 
20 1 1 8 39 3 40 9 31 7 57 7 22 8 85 5 64 0 59 7 79 9 70 1 76 6 78 7 22 2 76 6 63 3 56 6 16 2 1 2 77 
20 5 74 1 24 5 64 8 80 8 31 5 87 4 88 1 23 2 84 8 66 1 89 0 64 7 84 9 47 9 100 1 30 0 4 9 86 7 78 7 95 
20 5 88 7 97 1 56 6 94 6 77 6 13 5 50 1 28 8 75 5 94 4 25 6 14 9 4 2 89 5 21 7 95 5 25 3 100 6 89 3 57 
20 1 36 5 6 1 57 8 81 7 25 6 12 7 53 1 50 0 89 4 49 9 16 3 56 5 80 7 58 1 16 0 78 9 54 2 13 7 77 2 76 
20 5 29 6 14 1 41 2 74 6 92 3 77 3 36 3 74 2 67 3 58 2 89 6 1 3 40 5 20 8 88 5 11 9 83 8 83 2 42 9 50 
