10 10
20 8 96 4 88 4 25 3 71 7 46 5 63 7 16 3 28 5 18 5 21 0 55 6 12 2 96 0 69 3 59 9 61 2 69 1 83 7 35 3 22 
20 6 44 1 32 5 5 8 76 1 29 9 96 5 24 0 11 2 71 1 70 5 29 9 11 0 41 0 97 0 82 0 57 6 11 9 28 4 2 9 8 
20 5 91 9 33 1 70 9 10 7 6 0 69 4 47 7 45 6 79 8 86 6 93 9 38 7 64 7 60 3 83 5 75 0 75 9 10 7 48 2 99 
20 6 53 2 73 4 22 0 61 1 76 1 98 8 71 6 48 8 33 4 58 8 18 6 31 3 90 6 52 2 20 8 21 7 35 8 1 9 97 7 49 
20 0 98 1 26 7 83 2 24 4 70 3 91 9 53 2 17 1 25 4 58 1 25 9 18 4 52 5 3 8 95 8 6 1 73 1 69 2 4 5 69 
20 8 75 4 48 6 59 4 44 9 22 2 11 8 25 3 68 0 95 5 81 3 41 1 56 2 40 8 90 2 97 6 65 5 51 5 20 4 46 4 91 
20 1 1 4 22 6 54 8 82 5 71 6 20 3 18 3 61 1 92 2 11 3 26 1 71 5 53 4 98 8 3 3 85 9 35 2 83 7 4 8 64 
20 0 73 1 23 0 48 8 2 1 19 1 68 3 9 7 37 1 41 4 74 6 43 9 93 9 25 3 62 4 19 7 35 5 92 9 36 7 37 8 90 
20 0 86 4 20 5 70 1 37 9 91 9 94 2 77 4 6 6 47 9 51 0 52 3 33 6 88 0 78 4 59 8 60 4 19 0 28 1 69 1 27 
20 6 6 7 50 4 57 8 22 9 6 3 27 2 53 8 73 9 80 4 37 0 66 1 66 3 78 1 78 2 18 3 91 1 80 5 10 9 13 1 52 
