10 10
20 5 40 5 65 8 34 6 61 3 76 5 6 9 46 0 69 3 44 7 28 7 29 0 44 9 89 2 59 7 57 9 25 2 87 1 72 1 94 1 80 
20 6 87 5 44 0 9 8 54 0 1 2 53 3 21 1 35 0 37 3 5 3 70 0 29 6 41 0 69 6 85 1 65 4 40 6 99 4 54 4 47 
20 8 12 1 96 1 53 0 76 6 92 4 66 7 4 7 88 4 78 3 13 2 93 2 69 9 5 3 1 1 75 7 13 6 66 5 99 8 32 3 48 
20 8 58 8 24 7 33 5 49 0 65 9 96 9 12 8 58 2 65 7 63 5 95 3 66 9 42 5 51 1 64 0 88 8 14 0 30 8 36 1 49 
20 1 98 9 65 1 81 4 14 1 14 6 60 9 61 9 52 8 22 1 78 0 99 5 31 2 67 1 21 5 6 4 88 5 23 4 89 9 59 6 17 
20 5 39 2 19 2 72 1 52 1 31 6 70 2 43 9 58 3 88 8 77 0 99 7 66 1 70 5 32 4 38 6 37 0 11 3 91 0 13 2 25 
20 7 11 0 75 1 26 4 23 5 65 0 36 6 39 2 6 6 72 5 14 8 25 4 26 6 52 5 16 6 69 9 65 3 34 5 97 3 26 9 87 
20 8 76 2 37 5 19 5 65 9 25 2 35 9 26 9 49 1 23 8 83 5 52 5 68 2 3 2 67 7 22 2 92 3 84 7 65 1 9 1 96 
20 9 36 5 11 5 80 1 94 4 45 8 76 3 89 0 56 6 37 2 77 4 58 3 29 3 51 6 55 3 7 9 60 1 1 8 14 2 74 5 18 
20 5 38 1 89 1 7 4 61 0 93 3 50 8 9 3 42 0 42 8 86 9 23 7 84 6 10 3 89 2 3 5 1 8 56 0 11 2 61 3 80 
