10 10
50 0 90 0 46 9 30 1 61 5 68 2 4 0 31 3 16 5 49 2 74 7 25 0 64 7 67 1 45 1 24 9 9 2 95 3 25 7 44 5 40 6 89 3 77 2 80 0 15 7 76 3 71 7 50 9 90 2 93 8 77 9 3 3 73 8 17 8 16 8 23 6 91 0 61 2 65 8 9 8 60 3 96 1 55 7 20 2 55 7 43 9 89 1 60 2 32 6 76 2 25 
50 2 39 8 31 5 12 2 96 6 62 4 2 5 91 4 39 0 50 0 1 5 21 6 5 2 85 5 24 0 71 7 45 1 70 7 42 0 36 1 63 9 62 9 49 6 34 2 75 5 48 8 72 2 25 7 80 7 83 9 35 9 70 8 28 3 95 6 52 9 30 3 63 4 100 1 48 8 48 5 5 6 4 1 74 3 61 9 1 1 15 6 75 3 69 7 67 7 74 2 4 
50 0 15 6 70 2 71 2 4 2 73 9 42 8 31 8 17 8 30 7 90 9 6 1 98 9 5 7 80 3 73 1 71 9 13 9 15 1 1 1 28 4 93 6 98 4 98 0 48 7 52 4 14 6 49 4 21 4 27 7 81 6 14 3 51 8 97 5 53 6 27 2 43 2 99 6 24 4 87 5 98 9 51 1 53 3 79 9 18 8 53 8 95 3 40 7 78 0 71 0 55 
50 2 96 5 58 5 54 3 79 6 97 9 10 1 46 3 33 0 27 1 85 0 2 3 88 3 20 0 82 4 48 9 91 2 10 2 19 4 5 3 47 8 53 2 82 1 16 3 72 6 68 7 17 7 69 4 2 5 56 1 41 3 14 3 79 8 26 5 39 8 42 8 81 2 55 1 24 7 74 9 21 6 13 6 88 7 37 9 86 4 93 4 92 9 11 9 94 4 39 4 28 
50 9 51 4 23 0 39 8 16 6 29 8 58 0 39 2 4 7 13 1 8 4 40 7 100 7 83 6 92 5 77 9 78 0 31 2 67 2 14 8 53 3 48 6 2 9 59 5 45 4 35 7 47 0 95 6 19 6 2 5 58 4 83 1 90 6 96 3 71 3 79 1 23 5 7 7 52 8 94 1 17 2 23 4 17 3 39 0 44 9 37 0 86 6 29 1 87 0 3 3 18 
50 5 79 9 83 1 14 8 46 4 70 7 71 6 47 4 50 3 95 8 5 2 57 6 54 4 39 2 99 1 69 5 71 0 78 5 32 5 70 0 93 6 59 7 9 1 24 3 4 3 20 4 77 3 79 4 53 3 84 3 89 4 64 3 59 5 4 2 9 8 28 6 11 8 63 0 62 7 80 1 35 3 78 6 29 4 44 1 17 4 95 4 65 9 70 0 35 3 98 9 80 
50 1 32 9 79 3 36 2 28 2 55 5 11 6 87 8 82 1 3 3 88 2 8 5 41 6 18 3 29 7 56 4 88 4 28 8 56 7 99 5 3 4 62 5 36 1 89 8 92 2 85 7 22 2 39 3 71 8 12 1 48 5 66 2 84 9 92 0 1 1 68 5 32 6 74 1 32 3 2 8 97 3 100 3 86 0 31 7 71 1 11 1 29 7 23 9 31 0 74 6 56 
50 8 18 2 28 3 56 3 36 2 12 9 100 7 48 0 85 0 41 7 83 5 68 5 79 5 1 2 68 2 75 0 92 1 38 3 77 3 84 1 76 6 80 5 91 0 95 3 20 3 3 8 100 0 96 1 81 3 94 6 73 2 50 5 57 1 90 9 93 5 57 5 85 5 68 4 78 0 16 2 61 3 75 4 85 2 72 5 5 8 89 1 33 0 64 3 3 4 6 2 72 
50 2 39 6 14 2 51 9 41 1 5 8 85 2 92 4 62 9 74 4 29 2 66 9 54 6 42 5 41 5 57 7 20 3 12 1 1 5 61 0 54 9 59 9 37 2 78 9 14 8 43 4 50 3 3 6 78 3 52 0 15 0 34 3 53 8 24 0 7 0 76 8 44 8 42 8 18 5 50 7 82 8 94 7 86 1 10 1 73 8 36 0 58 0 9 4 56 0 98 1 54 
50 7 95 8 28 3 81 9 83 5 76 3 83 2 88 1 38 2 21 3 42 7 24 6 28 3 48 5 89 2 48 2 50 2 80 4 62 1 80 6 11 9 46 6 16 7 66 4 80 7 55 1 39 3 98 0 37 6 89 0 68 4 64 1 88 8 51 0 90 2 72 0 64 7 56 4 61 3 62 3 46 8 30 4 14 2 33 1 39 9 81 9 24 8 82 6 66 4 62 4 47 
