10 10
50 6 93 0 75 6 16 5 6 2 72 1 19 1 27 3 37 9 97 6 82 6 76 7 40 7 67 1 71 0 13 0 68 2 5 4 34 6 31 0 98 8 62 1 23 6 40 1 81 3 92 5 10 5 22 8 75 6 89 9 46 3 80 0 40 3 25 0 35 8 78 6 54 0 92 2 98 4 65 5 19 0 29 7 32 8 89 8 89 9 34 3 100 9 67 8 13 9 89 5 84 
50 0 53 4 5 3 24 5 88 0 98 4 61 7 42 8 17 3 3 1 16 2 93 4 73 9 45 4 72 5 59 9 32 2 87 8 43 5 84 5 36 3 98 2 76 2 2 7 62 2 72 5 9 2 43 6 70 5 11 5 75 7 15 2 34 3 3 6 79 5 99 4 57 5 23 8 50 8 59 5 79 2 44 4 33 7 31 5 87 7 19 1 3 2 11 9 68 5 72 0 38 
50 3 68 6 87 7 50 9 16 7 35 5 38 7 81 0 96 4 54 9 66 7 53 3 84 3 78 1 8 0 19 5 97 1 40 8 29 4 72 1 79 1 4 8 59 6 57 6 22 3 98 6 67 7 39 6 89 7 99 9 62 1 74 8 83 6 35 3 51 9 96 6 16 5 2 7 44 9 25 4 43 9 38 7 14 8 32 3 93 7 1 7 22 3 35 6 29 6 4 1 2 
50 9 21 9 54 7 17 2 18 1 60 5 91 2 97 3 29 6 29 8 42 5 8 7 60 8 33 7 100 7 72 4 7 1 13 9 63 7 68 3 26 3 67 1 76 3 85 4 46 1 89 9 96 9 27 8 92 2 37 0 18 8 25 4 84 1 31 8 4 3 28 3 52 9 97 7 98 5 90 6 71 7 52 9 24 3 40 7 38 6 66 8 26 8 61 2 97 5 63 9 45 
50 1 94 5 1 3 17 6 97 0 42 2 19 3 75 2 41 3 15 4 85 1 59 4 15 4 41 3 63 3 42 9 47 9 38 2 88 2 10 8 92 9 71 6 79 0 26 3 54 6 27 6 87 1 23 8 7 6 10 9 59 4 76 9 56 9 45 0 69 3 75 1 44 8 7 0 59 3 1 8 79 2 56 1 98 3 79 0 43 4 85 0 69 8 86 2 17 3 93 1 66 
50 9 11 3 30 0 14 7 78 7 40 3 73 5 12 5 41 9 28 8 73 2 67 6 26 4 10 3 94 0 36 6 36 6 30 4 15 5 10 1 39 4 37 8 67 9 78 1 84 4 22 2 1 9 11 1 82 7 46 7 51 8 97 9 87 7 96 5 58 2 98 4 57 5 1 3 66 9 47 1 16 2 43 8 28 0 83 8 78 0 2 6 22 2 3 6 39 8 21 0 52 
50 8 35 1 64 0 100 6 13 6 46 6 17 6 22 7 28 1 70 1 72 0 7 4 15 7 36 7 7 4 77 2 87 4 99 4 77 6 67 3 72 5 50 1 5 6 9 0 75 0 94 8 92 9 66 0 100 5 51 7 82 1 38 4 66 6 94 1 38 9 42 4 95 6 18 0 92 8 27 8 22 0 46 3 8 5 31 9 10 9 56 1 32 7 32 5 66 6 16 0 40 
50 9 71 3 2 5 13 8 16 3 52 3 26 5 40 9 46 9 7 9 37 3 8 9 38 8 16 5 17 8 91 5 78 6 77 9 13 7 47 9 8 5 85 0 91 8 58 0 89 7 41 6 2 2 9 8 89 0 91 0 99 6 59 2 45 5 17 8 81 9 77 2 98 2 83 6 7 8 40 5 24 0 31 9 43 3 58 0 74 6 97 5 71 3 23 8 55 9 17 4 64 
50 6 85 6 79 3 53 6 44 1 89 1 81 0 70 6 5 8 39 5 94 7 34 0 66 2 89 7 98 0 30 6 26 6 86 4 89 1 22 3 47 9 15 5 60 8 78 5 69 8 49 8 97 4 20 3 48 4 93 7 79 9 74 6 40 2 51 0 61 8 62 5 84 9 31 6 52 5 81 1 71 1 45 2 92 8 39 4 80 8 61 7 35 5 60 3 28 1 25 6 10 
50 3 10 1 3 4 26 0 52 8 93 5 73 5 20 3 68 2 35 1 9 5 54 3 88 4 99 4 46 6 90 1 88 5 29 4 46 9 66 0 92 3 29 4 84 4 27 1 97 2 43 5 95 7 18 8 41 5 58 3 55 8 45 3 85 2 43 8 49 8 85 5 91 7 94 3 73 5 49 6 22 9 47 5 61 3 53 4 34 8 39 5 1 2 41 8 22 9 54 7 36 
