10 10
50 0 34 4 20 0 46 8 39 4 31 6 24 2 7 5 20 4 15 3 1 4 38 8 5 4 10 1 32 2 69 5 66 8 78 4 11 2 41 2 34 9 9 2 29 0 61 5 95 9 47 6 97 8 35 8 36 3 56 6 7 1 2 7 33 7 35 0 4 4 80 6 47 0 80 7 82 5 41 8 18 9 16 5 26 5 19 9 57 8 27 6 62 2 71 7 5 1 85 0 98 
50 7 97 1 40 3 53 9 49 0 94 2 74 2 91 6 80 2 75 8 95 6 81 8 64 7 85 7 74 0 50 0 32 8 33 0 99 3 49 2 68 9 99 9 7 1 44 7 54 4 57 6 56 9 47 5 20 2 92 5 85 6 76 1 11 2 31 2 69 9 44 9 82 4 39 2 85 3 38 0 98 6 96 5 28 6 22 6 70 0 38 2 83 9 28 4 60 2 8 2 69 
50 6 31 7 64 6 84 6 44 6 8 8 5 2 97 3 52 0 64 2 29 1 75 1 60 6 8 1 56 0 5 9 60 1 13 2 42 4 64 9 77 6 20 2 28 8 56 9 16 4 56 9 74 1 82 6 68 9 91 0 49 6 79 7 27 7 15 8 8 3 89 0 16 5 51 6 96 4 18 9 100 9 43 9 84 1 100 1 15 0 16 7 94 1 9 7 78 3 47 9 9 
50 3 37 2 63 4 74 5 39 2 13 5 71 8 52 4 53 1 21 1 98 5 10 9 57 2 83 5 18 5 4 5 51 3 23 8 74 7 76 9 89 9 90 0 48 4 74 3 9 4 78 0 85 1 74 7 1 8 66 5 39 7 30 6 72 4 99 1 89 0 9 7 7 0 6 7 7 2 82 3 27 8 3 0 88 9 80 0 97 9 69 3 48 5 32 8 46 7 80 9 61 
50 7 32 7 1 7 1 4 53 0 67 2 82 2 36 0 70 5 99 2 66 1 96 3 82 5 51 2 27 6 32 7 46 2 60 4 97 3 40 6 63 9 16 5 84 2 96 5 37 7 14 4 87 8 76 6 28 8 27 2 11 2 23 6 21 8 67 7 87 6 22 0 54 1 51 7 52 5 24 3 88 0 30 6 23 2 28 8 16 8 89 2 29 0 32 2 21 0 42 2 57 
50 5 9 0 32 9 83 6 50 8 6 6 17 0 15 4 44 8 39 6 47 2 33 8 14 0 9 3 18 3 4 1 55 7 70 1 82 2 98 4 78 6 69 1 75 1 12 2 46 1 77 0 84 0 34 6 84 9 58 8 24 2 91 6 43 5 52 6 91 8 40 7 56 7 68 6 24 2 32 5 49 9 47 5 80 7 59 0 7 3 48 1 11 6 63 3 91 6 100 1 48 
50 1 53 4 32 7 20 8 50 0 83 8 35 8 18 7 30 5 48 4 95 3 18 8 94 5 83 6 93 4 67 2 88 0 82 8 10 0 63 0 59 4 4 8 36 1 1 4 8 5 74 4 85 6 81 9 68 1 75 0 56 4 84 8 43 1 64 9 50 9 80 2 31 7 60 3 24 3 85 1 40 3 87 2 35 5 42 4 39 0 92 4 22 4 43 8 4 3 5 8 56 
50 5 59 6 75 1 12 1 62 9 38 7 79 2 73 1 56 2 99 7 61 1 53 7 54 3 84 1 81 8 23 6 97 9 29 1 75 2 98 3 10 3 39 3 100 0 96 4 78 0 19 1 45 0 63 9 70 1 62 8 40 4 27 8 73 4 51 9 63 1 72 3 24 8 96 4 11 6 94 2 52 2 85 7 4 9 67 7 66 6 77 3 71 0 97 4 73 6 86 5 6 
50 5 46 6 24 8 32 8 75 1 49 0 72 7 63 1 13 7 98 7 38 4 49 1 52 6 41 7 29 6 69 7 86 8 97 1 49 9 12 6 27 3 6 5 95 9 7 1 92 8 59 9 51 9 26 7 82 9 94 6 36 2 2 2 30 1 56 4 57 6 74 2 54 1 67 8 40 3 1 0 52 5 99 9 9 9 12 5 43 0 68 4 46 3 30 2 7 1 71 7 73 
50 7 4 9 36 8 67 9 63 5 23 2 95 8 42 7 96 9 24 1 91 7 5 2 88 3 56 5 24 0 35 4 56 1 3 2 32 9 79 5 79 3 55 5 62 2 15 1 14 3 32 6 43 0 82 5 17 0 76 3 6 3 97 5 96 0 71 5 84 9 54 6 95 0 32 3 43 6 98 7 30 2 94 4 36 2 64 0 56 3 68 0 78 1 96 8 72 3 75 2 32 
