10 10
50 0 3 0 84 0 19 7 24 1 84 1 16 1 52 1 77 6 20 0 86 7 83 3 40 4 63 8 46 7 82 9 54 7 53 6 56 7 28 4 67 1 59 8 66 2 60 3 51 1 75 0 28 6 63 7 37 1 60 5 41 2 57 3 52 5 19 9 90 0 77 7 51 4 81 6 14 5 80 2 7 2 93 1 38 1 70 3 92 1 23 7 29 2 63 7 82 7 12 0 83 
50 8 94 3 20 4 6 1 21 9 74 5 44 2 50 7 76 4 6 6 52 3 95 4 41 8 47 8 96 5 88 3 68 8 91 5 64 6 74 7 67 5 7 4 31 1 57 6 9 7 12 6 96 9 73 2 88 3 48 3 69 0 9 3 57 2 83 0 46 5 24 8 69 5 27 7 54 4 18 0 54 3 70 6 58 1 90 0 96 7 77 9 61 1 29 0 18 4 37 4 47 
50 7 38 3 79 1 82 3 75 4 68 6 92 2 49 8 63 0 21 4 41 1 91 6 17 5 100 7 23 6 60 4 48 8 77 1 14 5 31 2 99 3 88 3 32 6 24 4 88 7 58 0 57 7 92 4 83 1 71 5 22 0 53 8 48 3 92 9 5 0 44 9 92 3 15 0 26 8 89 0 70 4 14 2 93 1 28 3 14 9 10 7 11 5 61 5 84 3 81 0 2 
50 4 9 4 92 7 35 5 4 5 72 7 3 5 41 4 12 9 12 9 8 2 43 9 65 1 98 1 44 8 11 0 71 8 32 2 89 4 50 7 60 3 54 8 96 9 58 7 19 3 25 9 98 9 95 1 95 5 49 9 25 9 90 0 10 7 26 0 94 6 69 2 72 4 74 9 55 0 85 2 66 2 69 6 75 5 95 6 5 4 75 9 7 7 90 2 5 1 19 3 26 
50 8 36 3 41 7 3 5 1 7 59 9 56 7 4 6 59 7 85 3 81 8 44 6 56 8 95 0 3 1 38 7 53 5 96 2 67 4 60 0 66 3 66 8 62 3 14 9 75 0 11 1 10 1 25 6 15 4 99 9 6 4 91 5 5 0 79 8 80 8 5 6 99 7 95 1 8 8 59 8 12 6 39 1 26 5 92 1 9 3 56 2 95 0 45 0 44 0 3 8 100 
50 3 100 9 98 5 14 8 87 0 5 8 43 7 77 7 70 1 68 3 76 2 85 1 60 6 28 0 46 3 88 2 18 2 88 6 27 2 41 7 48 1 29 6 63 6 73 3 57 6 48 3 45 4 11 9 45 5 5 7 55 6 15 3 52 5 17 9 81 2 78 4 88 4 10 7 79 6 10 7 98 0 31 1 25 7 5 2 61 1 69 6 64 5 30 7 90 5 34 8 75 
50 2 72 3 43 1 14 3 66 2 56 4 67 0 87 3 40 8 7 0 23 8 33 2 34 7 27 8 29 9 84 7 98 7 16 3 69 1 3 2 56 4 30 4 64 2 51 7 76 3 48 0 7 9 85 7 61 5 26 6 68 2 3 7 68 5 65 3 2 5 86 0 35 2 90 9 55 7 13 7 55 9 9 7 62 0 22 8 68 2 82 3 31 8 7 5 43 5 54 9 22 
50 6 73 9 83 4 63 1 29 8 52 8 88 6 32 3 24 6 10 7 22 1 63 3 79 8 81 7 94 7 70 9 86 4 61 8 25 4 77 4 56 6 92 7 80 9 5 0 57 2 77 6 66 3 42 8 83 7 16 6 37 0 41 9 26 5 62 9 96 0 29 8 4 8 42 6 19 8 3 7 65 4 68 0 99 4 55 1 72 2 17 9 1 6 75 4 12 3 38 8 90 
50 3 81 3 28 2 83 0 75 6 26 2 75 3 15 5 64 4 70 4 38 4 38 8 49 6 89 0 2 7 64 1 26 1 68 9 92 6 33 2 51 2 11 2 56 2 20 9 81 5 94 0 98 8 56 3 24 6 89 1 37 1 34 6 53 5 15 7 47 4 96 8 42 7 79 9 69 3 34 2 7 1 1 3 31 4 4 3 58 3 74 8 88 4 35 6 30 0 60 9 42 
50 7 92 9 30 8 37 0 41 8 93 9 57 6 18 7 71 2 39 7 21 3 15 6 68 8 55 7 22 2 20 4 50 0 80 8 59 4 2 2 90 7 23 7 35 4 42 5 54 9 75 9 34 2 32 2 76 3 79 5 26 8 44 0 53 6 11 6 91 8 67 5 3 8 55 4 8 9 50 8 75 2 68 6 59 0 99 7 39 4 23 9 3 1 22 7 97 6 32 3 39 
