10 10
50 0 17 4 39 6 44 1 34 3 49 5 59 9 87 0 13 3 42 9 84 9 37 8 84 3 88 8 6 5 7 4 21 8 50 6 99 3 30 3 59 2 23 6 88 9 34 9 9 9 47 8 51 4 44 2 33 7 67 5 8 6 89 0 95 6 47 5 42 9 1 4 39 4 52 1 22 6 96 1 57 4 59 8 30 9 38 3 3 7 7 8 3 9 11 6 31 0 19 0 50 
50 0 60 2 30 8 34 1 1 5 2 6 82 6 53 3 64 4 2 5 3 0 55 2 42 5 26 2 25 1 46 9 21 5 36 4 91 4 99 2 10 2 87 1 20 0 66 7 37 6 84 6 9 3 32 7 47 2 9 7 11 3 15 1 37 3 26 0 48 4 45 0 98 7 82 0 54 7 72 4 6 2 66 1 96 5 47 1 14 4 17 7 24 1 9 4 41 5 21 6 57 
50 4 62 5 43 3 100 9 67 1 4 3 67 0 50 3 16 2 53 0 63 0 14 8 16 4 41 5 86 8 33 9 55 9 7 1 86 8 49 4 96 3 81 3 1 8 19 3 14 0 84 6 55 5 54 1 57 7 81 1 59 5 90 2 71 5 38 8 86 3 20 1 94 1 90 0 64 4 13 1 83 8 51 7 100 4 47 1 25 0 9 6 36 0 74 1 62 7 95 2 2 
50 0 30 9 59 5 81 0 84 7 100 9 35 8 43 6 22 4 43 7 75 1 47 7 19 2 41 8 60 0 19 6 92 7 73 1 24 2 20 8 61 5 70 4 60 8 39 6 27 1 75 5 2 5 4 8 87 7 36 4 24 7 44 0 74 2 94 9 87 4 81 8 44 5 98 0 41 4 90 8 90 9 73 8 4 6 14 6 59 7 33 6 2 3 32 8 59 1 82 3 95 
50 7 38 1 5 2 86 8 51 6 43 3 20 7 17 7 91 3 41 0 27 6 48 1 62 1 44 9 96 3 64 7 90 4 92 8 71 7 98 0 29 1 90 4 85 4 99 2 28 4 36 6 90 1 12 8 90 1 42 5 36 6 11 3 91 7 39 4 73 6 26 5 5 0 79 0 11 4 25 4 16 6 73 2 8 2 78 5 10 0 54 0 13 6 6 2 35 4 95 6 37 
50 1 2 9 8 5 16 6 3 5 30 0 20 8 11 2 44 1 91 4 27 1 58 1 73 3 7 1 100 9 47 8 60 4 20 4 93 9 53 0 51 9 19 8 39 8 44 8 87 8 69 7 23 7 70 1 73 3 94 8 78 7 43 4 36 9 5 4 30 7 78 7 38 4 90 0 54 9 17 2 25 4 2 1 47 4 89 5 41 4 89 7 75 2 16 4 24 4 77 1 18 
50 7 65 4 54 1 74 9 47 1 98 9 70 1 49 9 86 2 98 2 86 1 19 1 93 3 48 2 36 0 83 1 27 4 74 2 66 0 82 0 62 8 43 3 32 8 74 4 92 5 91 3 67 0 77 0 6 4 91 2 77 1 77 8 8 9 39 6 4 5 63 5 51 8 19 2 45 2 62 2 35 1 22 7 51 4 91 8 93 0 73 2 88 5 92 3 71 0 54 1 74 
50 0 95 5 88 5 10 6 94 0 38 0 76 6 91 7 41 0 78 4 2 3 13 1 28 6 16 9 42 1 20 2 40 3 97 7 49 0 84 2 16 0 97 7 8 5 40 9 66 9 76 4 45 1 94 1 58 1 29 6 3 6 70 5 46 1 91 7 57 4 61 5 27 6 3 4 91 4 15 8 100 3 84 4 42 6 87 8 20 7 33 3 46 1 41 4 88 2 26 0 91 
50 5 18 4 92 2 39 6 98 8 10 4 83 0 88 9 67 9 89 4 36 0 58 7 5 7 4 5 13 3 66 6 10 7 29 1 1 4 79 0 26 8 9 7 44 1 46 9 38 7 6 3 5 9 57 7 90 9 98 3 9 5 99 0 43 8 5 2 57 4 59 4 13 5 23 1 9 0 64 9 76 1 4 2 1 4 24 3 56 4 20 1 33 2 25 0 27 8 2 6 51 
50 4 8 8 89 3 92 6 95 4 97 3 27 1 77 7 29 9 4 1 78 5 58 8 61 7 37 8 78 8 21 0 19 5 53 9 18 1 16 8 4 1 70 5 21 8 53 0 15 8 98 2 46 7 31 1 97 3 17 8 44 9 87 8 61 8 35 9 4 6 9 8 99 1 13 4 26 4 69 2 89 2 24 1 63 2 61 4 67 5 25 8 81 6 45 3 95 5 73 9 84 
