10 10
50 0 68 3 96 0 11 0 51 2 38 8 72 2 3 8 40 9 77 3 73 3 77 0 9 1 9 1 14 0 80 3 40 9 100 7 21 5 21 7 91 7 13 2 10 8 90 3 61 7 81 4 83 6 92 9 85 7 79 6 2 1 16 2 49 9 3 9 46 9 18 5 93 0 11 5 45 2 97 6 40 4 88 3 63 9 65 4 5 3 76 6 23 5 57 1 93 0 64 2 31 
50 7 99 2 54 2 97 5 14 6 56 1 14 1 60 3 46 8 51 0 56 5 23 3 12 7 45 7 93 7 55 9 97 1 31 2 100 9 18 4 3 4 51 9 59 6 2 8 29 0 93 4 84 8 37 5 90 4 47 8 7 9 50 8 56 6 100 0 65 0 84 5 1 0 81 0 94 0 78 0 66 5 36 3 73 1 31 3 21 7 3 1 39 8 93 3 53 2 8 4 24 
50 4 53 1 34 5 64 9 80 6 38 4 34 7 91 3 90 5 56 1 71 6 39 7 43 1 43 8 49 3 99 8 89 2 54 5 60 2 58 7 62 0 28 6 44 8 1 0 67 7 93 8 77 4 15 9 34 5 86 8 51 1 2 7 30 9 34 2 1 1 91 7 32 3 42 7 15 2 32 6 98 9 24 0 53 4 96 6 69 1 65 3 77 1 77 0 7 0 54 3 71 
50 9 26 0 7 0 45 3 12 3 41 9 100 2 64 4 24 0 13 6 39 5 20 7 41 1 57 8 76 2 20 0 37 7 24 5 73 3 100 9 61 3 83 2 82 0 51 2 83 4 88 4 60 2 60 1 51 3 18 3 56 6 2 3 23 0 79 3 80 4 9 1 16 2 68 8 15 2 21 0 53 4 6 7 71 0 66 6 17 7 38 1 41 6 95 1 88 7 48 8 24 
50 3 33 9 58 7 1 0 34 9 30 7 24 2 14 4 19 7 15 6 59 8 12 1 88 2 55 4 66 6 99 3 56 3 8 3 71 1 50 1 36 1 44 6 25 9 71 5 89 4 17 2 81 7 95 4 74 5 90 2 34 9 48 4 37 9 91 9 19 4 81 4 74 5 17 4 68 2 44 9 53 3 8 5 85 3 47 1 42 4 72 3 85 6 42 9 83 7 91 6 35 
50 7 16 2 82 7 22 6 74 5 95 6 29 7 84 8 31 7 51 0 68 0 84 2 49 6 65 3 45 2 97 6 1 3 43 0 71 7 84 7 83 8 99 0 36 8 87 8 74 7 86 4 44 2 8 3 1 8 97 2 36 3 9 0 14 9 51 5 28 5 34 0 11 7 39 6 90 2 59 0 47 4 38 7 47 0 49 0 50 0 1 5 86 3 41 3 85 5 66 5 14 
50 7 27 7 22 8 41 8 87 5 46 8 14 6 38 7 39 2 82 5 97 0 67 4 51 0 41 4 49 3 42 4 59 8 8 9 96 0 10 6 21 6 71 1 27 6 27 3 48 7 43 4 9 7 5 1 20 4 93 8 86 1 78 0 91 4 41 9 27 3 13 9 49 2 76 2 14 8 26 3 69 2 61 6 29 1 95 4 85 0 47 4 97 6 34 0 85 5 58 0 72 
50 0 42 7 81 8 15 4 23 1 29 5 13 6 32 0 46 9 56 4 95 3 28 5 4 7 62 1 26 3 16 7 23 1 50 6 57 5 7 9 78 6 56 4 88 0 72 8 4 5 72 1 78 4 57 3 48 6 91 5 60 3 64 2 41 9 80 7 36 6 8 5 3 8 46 1 31 1 61 7 74 2 45 6 72 5 87 8 24 3 65 1 98 2 59 5 61 6 12 4 60 
50 8 68 5 86 8 51 4 43 7 98 4 69 2 23 6 36 1 5 3 54 6 76 8 1 3 19 8 37 3 94 0 63 4 40 8 58 2 39 3 80 6 8 8 55 6 46 6 20 3 46 2 70 5 94 4 73 5 79 6 18 0 2 1 22 4 14 4 2 2 72 2 78 7 23 1 16 2 57 8 24 0 5 2 19 7 85 7 93 5 36 2 41 9 62 9 50 3 33 9 20 
50 2 97 4 87 3 5 6 30 9 9 1 100 4 50 0 38 6 54 4 48 3 71 7 48 3 40 1 85 5 37 2 78 1 96 2 36 1 41 1 36 6 22 3 57 9 58 6 28 8 65 9 24 0 46 1 27 7 84 3 50 0 10 0 14 7 85 1 20 7 79 9 30 4 11 0 7 6 87 9 84 0 7 1 45 1 75 3 56 7 61 2 91 0 59 5 44 8 37 2 24 
