10 10
50 3 32 8 32 7 15 1 8 6 20 5 6 7 44 6 76 9 94 3 90 5 55 5 68 8 99 1 49 2 73 6 41 9 52 2 62 1 84 5 74 1 2 0 84 5 51 2 38 0 75 0 23 2 4 0 8 9 81 6 28 1 86 8 27 7 85 3 60 7 40 1 90 7 83 0 99 1 65 8 52 8 92 8 36 6 7 7 40 8 85 5 54 5 87 4 22 9 34 2 63 
50 0 42 8 83 9 16 8 100 2 86 1 30 0 52 9 8 8 37 1 5 2 81 5 53 1 42 4 30 5 44 9 21 4 85 9 45 2 68 6 75 0 28 9 30 6 81 3 83 3 99 0 92 5 58 5 65 5 83 7 26 1 93 7 29 1 36 8 20 9 20 8 76 1 54 9 16 9 92 7 34 1 80 1 57 7 92 7 44 9 19 5 46 9 24 6 20 6 61 9 89 
50 8 86 3 13 8 4 5 53 4 50 7 51 2 62 9 72 0 8 6 79 8 61 8 32 8 27 6 29 3 24 4 16 3 49 1 32 3 35 9 12 4 21 3 22 8 63 8 32 5 58 8 49 6 23 4 40 3 25 8 83 9 53 9 22 1 87 2 7 4 36 2 12 8 83 9 57 1 61 1 33 8 89 7 83 5 21 2 85 1 25 0 40 5 91 8 52 3 73 9 75 
50 4 29 3 12 9 34 3 1 1 32 7 56 2 86 4 30 2 48 1 77 9 78 2 55 5 65 5 59 7 70 5 84 1 16 2 42 0 99 6 75 3 19 1 13 9 63 9 57 5 31 9 10 6 59 6 88 9 98 5 70 0 39 0 50 5 58 2 56 3 54 5 12 3 66 7 13 7 6 6 64 9 68 9 44 0 41 1 9 5 27 9 6 0 62 4 75 9 28 6 85 
50 4 37 2 10 3 31 0 73 2 49 5 38 9 61 4 33 8 95 3 56 9 92 5 7 0 36 6 54 0 34 1 92 9 31 7 76 1 61 5 52 7 53 2 79 9 62 1 64 2 70 5 42 8 4 2 93 4 93 3 28 6 48 8 99 3 43 8 30 9 77 2 29 7 39 2 37 0 38 0 51 2 77 4 45 3 1 2 44 9 42 1 4 9 15 0 17 3 37 0 75 
50 5 68 1 100 3 59 3 9 3 21 7 38 2 98 0 88 2 63 0 21 5 26 1 94 8 91 1 62 9 4 8 85 7 28 6 52 6 15 3 31 5 71 4 7 9 74 4 53 8 40 6 74 8 74 2 66 2 31 0 9 1 67 4 5 4 1 6 56 0 49 0 17 1 13 6 49 4 25 6 18 9 82 8 52 0 23 6 53 7 26 1 68 3 96 6 49 2 29 9 41 
50 8 50 2 25 8 94 1 33 8 48 7 58 3 92 0 88 2 35 4 75 0 44 5 13 8 22 8 5 8 41 8 62 3 1 0 24 4 42 0 2 4 90 8 57 8 84 7 51 6 70 9 23 0 81 1 93 8 86 2 42 9 33 5 43 0 9 7 89 8 17 2 12 3 23 1 92 6 26 7 44 6 100 5 71 1 80 6 26 8 60 3 72 1 48 9 40 9 4 1 54 
50 5 89 8 85 6 8 0 99 8 88 3 63 8 93 0 53 1 34 0 39 9 5 5 6 2 91 5 1 1 88 3 62 3 71 9 13 2 7 2 69 5 11 4 11 4 3 1 55 2 59 1 94 7 26 0 69 8 63 7 78 0 76 9 41 0 43 3 78 2 63 3 74 6 19 1 25 7 71 3 19 2 40 5 28 8 79 4 100 6 43 8 34 9 24 5 41 3 5 3 52 
50 7 85 5 37 5 94 6 13 8 53 2 65 1 86 9 55 7 90 4 85 3 44 2 100 7 28 6 41 3 33 3 76 4 82 9 84 7 31 2 20 1 72 2 43 0 27 0 62 9 70 9 96 2 51 1 22 9 93 9 28 2 38 0 50 8 45 4 38 3 88 1 50 8 93 9 87 7 77 5 23 2 77 6 17 2 30 9 61 4 3 9 10 1 64 5 17 6 45 4 89 
50 1 57 8 74 0 79 3 6 5 35 2 2 5 23 3 88 7 77 6 90 8 84 8 30 5 75 7 53 4 88 9 33 1 49 7 27 4 2 9 40 2 54 2 91 4 75 6 86 1 36 0 25 7 23 3 36 7 21 3 21 4 69 7 98 0 91 5 82 6 99 6 71 3 83 6 26 9 40 8 33 4 64 4 95 6 19 3 71 2 17 3 64 3 96 0 51 9 64 0 99 
