10 10
50 4 41 4 42 1 37 6 94 8 88 8 78 0 84 2 59 7 66 3 7 0 35 0 39 4 7 6 54 5 72 6 95 4 92 2 96 2 22 2 67 6 69 4 33 9 52 3 2 7 100 0 96 7 40 3 75 2 97 8 1 6 94 9 25 6 61 4 99 1 94 2 92 1 91 9 95 5 28 9 68 2 90 1 33 2 58 4 56 5 69 9 18 7 31 1 73 1 84 2 49 
50 6 79 5 12 8 52 2 48 2 89 0 55 0 65 9 5 1 43 5 33 6 27 9 51 9 8 3 76 8 75 3 62 7 24 3 98 0 8 1 50 8 1 2 35 8 49 1 81 4 53 5 14 6 52 5 61 2 3 1 52 8 14 7 6 9 12 2 62 4 50 6 89 8 43 7 53 9 55 8 80 0 39 5 97 1 38 3 13 9 36 6 33 8 60 8 45 3 95 0 74 
50 3 23 7 100 4 95 4 84 6 91 2 3 3 79 9 73 4 90 9 52 0 92 9 53 3 5 8 50 9 14 8 46 8 59 0 24 4 43 6 58 8 18 2 52 8 89 1 80 6 58 9 71 3 37 7 18 8 2 2 84 6 44 1 64 2 69 5 2 3 23 6 57 0 28 7 97 2 8 2 59 4 25 2 23 6 16 7 83 6 45 0 16 2 48 0 75 2 37 0 24 
50 9 92 7 65 2 2 4 89 3 67 8 4 2 21 6 12 4 12 2 46 8 23 6 30 5 100 8 23 3 62 7 91 7 60 1 67 6 6 9 34 1 100 7 79 7 98 6 51 2 44 5 43 6 41 6 6 0 33 9 85 4 51 4 15 1 10 1 96 7 85 8 92 5 96 7 85 5 50 5 76 5 21 7 99 8 94 0 24 1 57 2 6 1 82 2 25 5 34 1 69 
50 1 9 3 35 7 37 1 74 7 78 1 54 4 7 2 78 5 60 5 99 3 24 3 33 2 8 2 16 1 19 5 36 8 27 6 63 1 63 0 51 0 30 3 67 7 56 4 88 9 99 3 10 6 15 5 9 9 47 0 32 2 7 9 9 0 61 6 9 4 34 1 45 2 85 1 90 8 18 8 73 7 47 2 69 1 54 7 3 7 53 3 37 2 33 1 57 6 78 4 35 
50 7 82 5 38 4 52 8 6 1 8 3 7 0 30 2 34 4 61 6 4 9 41 1 73 4 50 1 30 8 83 2 47 9 47 0 67 2 53 7 99 6 66 6 92 5 55 2 95 4 38 7 40 3 62 4 18 9 51 2 20 4 2 3 75 3 64 8 30 3 58 5 58 5 94 8 50 8 22 2 38 4 55 8 45 6 82 1 97 7 52 6 28 9 20 6 33 0 100 5 45 
50 6 4 5 16 1 43 1 39 4 63 1 24 6 13 5 57 9 89 5 79 9 89 9 97 8 75 9 67 5 56 1 52 0 59 1 15 0 16 8 15 9 47 0 45 9 69 9 80 9 2 1 79 7 22 2 4 5 55 1 71 0 52 2 74 9 56 7 87 0 87 0 14 3 70 7 68 7 34 7 75 9 46 6 81 8 30 3 30 0 99 7 45 9 5 6 70 2 40 3 39 
50 4 9 1 5 3 74 4 30 7 23 9 93 7 57 4 48 9 79 7 66 6 75 2 52 8 39 2 45 7 55 3 90 9 41 8 5 4 21 7 41 3 94 0 66 8 85 0 53 2 15 9 64 2 19 1 80 0 91 4 78 0 61 1 66 5 28 7 63 8 79 0 66 7 52 1 26 4 48 7 50 4 84 0 75 2 31 8 45 0 46 6 3 9 82 2 80 2 5 5 78 
50 4 95 3 68 3 97 8 54 0 98 1 48 8 7 4 35 1 16 6 92 9 79 4 76 2 36 7 88 5 2 8 88 4 70 8 20 4 50 8 24 9 12 0 61 7 1 8 10 0 99 0 37 7 54 9 46 1 56 3 77 2 48 5 100 4 26 2 57 8 76 6 83 7 81 2 63 3 39 8 5 5 64 4 21 1 94 7 70 0 99 3 70 8 89 4 61 0 40 4 74 
50 6 77 3 100 9 16 5 29 3 26 5 21 7 32 3 79 7 13 3 80 0 52 9 62 0 85 8 11 9 47 0 54 7 50 8 94 3 29 7 71 1 64 1 10 8 77 7 89 6 56 1 56 0 22 4 66 7 56 6 97 3 66 5 81 5 61 5 50 1 61 2 92 2 15 8 85 4 14 6 45 2 59 4 76 3 85 9 19 6 37 8 19 8 61 4 44 6 53 1 99 
