10 10
50 4 40 3 22 0 28 8 14 8 54 2 28 5 93 3 14 6 18 9 19 3 9 4 53 8 18 2 9 7 6 7 7 3 79 3 75 9 88 6 11 9 44 5 32 1 59 0 95 0 63 9 31 3 54 5 98 1 32 8 77 1 59 1 4 3 64 9 15 5 95 5 90 8 100 6 68 0 87 1 56 2 90 0 79 4 99 3 49 6 66 2 2 3 15 0 3 4 2 8 34 
50 0 12 6 75 9 75 4 74 8 63 9 74 6 25 8 21 2 94 5 81 5 23 7 69 3 44 3 91 1 92 6 62 4 12 6 10 7 4 7 33 4 2 4 74 6 50 1 19 2 78 1 52 6 91 6 55 5 33 0 10 6 31 7 53 6 11 8 62 3 34 3 50 0 7 0 78 4 45 3 27 0 22 0 90 7 54 4 28 1 44 1 99 0 40 6 95 5 74 2 41 
50 7 31 9 35 5 72 4 59 2 69 7 12 8 70 5 17 1 96 0 67 3 12 9 58 8 51 4 2 8 99 5 87 8 33 5 4 4 74 4 77 6 55 5 84 5 64 4 63 6 84 4 2 1 96 6 98 0 70 4 18 3 43 2 55 0 89 1 40 3 51 8 80 1 19 5 13 1 97 9 23 7 46 7 13 7 95 1 87 1 46 7 7 6 83 4 54 2 59 1 74 
50 2 92 0 12 4 34 1 79 7 4 9 61 4 68 3 15 8 65 7 39 5 61 2 92 9 58 6 74 3 17 5 54 8 87 7 74 4 79 5 55 6 56 4 88 4 91 5 36 0 29 9 81 1 69 3 27 6 57 6 47 3 48 2 55 6 14 4 97 1 92 1 51 8 67 1 67 1 52 9 56 2 65 9 58 3 40 1 66 1 93 6 64 5 81 1 17 6 96 3 8 
50 0 81 5 59 4 10 2 7 5 84 6 73 1 23 1 48 8 44 7 63 3 89 2 100 1 81 4 24 7 96 7 50 4 64 9 11 9 77 6 14 7 92 8 63 5 7 8 57 9 85 6 71 4 75 1 51 6 35 2 12 4 85 2 69 5 83 7 88 9 55 7 70 3 76 5 22 1 51 8 95 9 53 0 89 8 10 9 68 8 8 1 72 1 77 4 20 0 100 1 22 
50 3 42 4 72 3 54 9 86 4 43 1 34 6 99 6 90 6 52 8 44 7 92 9 17 5 85 0 64 4 31 7 1 1 60 2 57 9 52 0 20 3 56 5 71 2 49 4 84 9 26 7 43 4 55 1 27 5 81 9 86 0 11 1 20 8 11 6 24 9 25 1 25 6 94 9 57 4 31 9 89 3 92 3 31 9 96 9 34 2 40 2 2 1 88 5 10 9 21 3 69 
50 3 92 3 98 8 31 6 15 7 43 0 9 0 40 0 12 8 14 6 72 1 7 3 40 3 74 0 49 9 14 8 46 6 72 7 93 2 85 9 71 7 92 1 17 8 88 5 43 3 31 1 52 4 3 0 92 6 87 6 87 8 22 5 83 3 66 5 97 0 85 0 59 5 65 3 73 8 49 9 78 8 37 2 92 3 16 0 89 7 58 4 64 2 79 8 43 3 89 5 94 
50 7 29 9 58 2 58 0 63 5 88 8 4 4 66 7 21 9 30 8 98 8 89 1 39 9 55 6 93 2 58 7 22 3 62 3 41 8 74 3 51 3 89 5 33 1 90 1 78 2 83 6 60 6 10 3 29 5 25 2 12 4 74 2 22 0 5 4 95 4 94 8 67 2 70 1 44 0 64 9 13 1 15 2 32 2 47 0 11 9 48 0 82 4 5 4 29 1 43 7 29 
50 8 13 6 9 7 41 3 71 8 3 1 10 8 10 5 37 1 38 5 76 1 69 6 16 3 63 7 29 1 3 9 86 0 46 9 18 4 42 3 9 9 64 4 97 2 75 1 3 5 88 7 85 5 70 5 52 3 42 6 89 9 31 3 50 9 98 8 17 6 55 7 21 0 6 9 21 9 20 3 25 3 27 0 94 8 94 5 94 6 44 5 24 1 83 0 76 5 89 1 67 
50 4 1 9 73 8 69 2 12 2 81 5 20 4 52 0 2 7 90 6 71 6 43 4 28 0 88 9 3 3 67 2 91 3 90 7 35 0 59 1 79 1 9 2 4 9 85 1 29 0 25 2 45 3 69 0 53 9 57 9 75 1 11 9 28 8 99 8 73 9 44 9 69 3 100 4 26 8 47 2 93 8 19 4 16 7 83 2 18 7 44 0 93 8 90 3 19 9 22 3 35 
