10 10
50 1 18 2 63 2 68 9 100 6 77 3 45 9 43 1 48 8 25 4 10 1 27 3 9 3 38 7 1 8 55 2 13 9 64 7 51 1 78 7 27 8 15 4 68 5 66 3 88 0 67 3 98 8 34 2 70 2 9 3 83 2 70 2 51 1 96 4 39 7 99 2 34 8 15 2 73 7 18 1 98 3 88 8 84 4 44 9 82 5 67 8 26 4 72 1 75 1 55 6 25 
50 7 91 6 75 3 64 6 58 8 37 7 55 8 36 1 60 8 55 6 54 3 30 7 63 4 86 3 7 8 89 7 96 7 8 7 35 6 50 6 64 8 77 9 36 4 31 2 48 9 14 2 16 4 69 2 67 8 78 7 76 7 21 2 65 1 6 1 21 9 65 4 49 8 89 7 53 5 63 7 95 4 45 5 7 9 59 1 96 4 81 1 98 1 89 1 61 0 82 8 10 
50 3 88 1 48 4 39 4 55 6 76 8 95 6 27 2 82 9 82 9 26 4 34 2 68 0 21 2 44 8 91 8 2 9 30 8 72 2 20 9 91 4 97 7 99 6 82 2 37 4 96 5 15 3 60 1 15 9 53 3 55 0 71 3 61 4 91 2 36 0 13 7 66 1 35 1 17 8 74 9 29 7 80 2 30 6 90 5 65 1 42 0 51 5 87 6 57 2 100 6 80 
50 0 52 4 43 3 25 1 33 8 31 6 26 7 95 3 72 7 85 0 4 4 40 2 90 9 70 5 8 8 47 3 83 4 40 3 4 0 36 5 53 9 56 9 73 6 15 5 16 2 56 2 87 9 14 1 91 4 51 8 41 8 21 8 17 6 44 7 92 9 25 0 42 7 40 7 39 1 2 7 3 8 2 9 51 9 3 9 71 8 57 4 38 3 15 2 19 2 18 6 45 
50 7 97 4 62 1 5 7 8 1 77 1 6 5 48 7 15 5 86 0 29 3 76 5 90 6 29 1 7 8 70 2 5 6 8 6 52 2 57 8 37 3 52 7 46 5 13 6 18 4 89 9 6 2 9 7 51 8 39 7 59 6 35 8 37 8 7 8 21 9 91 9 20 0 85 5 51 1 59 7 32 2 33 2 62 3 11 6 5 7 58 7 45 8 56 8 5 2 79 8 22 
50 1 60 4 58 4 13 0 56 6 59 2 7 0 96 8 58 4 14 2 66 1 6 0 47 7 12 1 89 9 99 8 96 5 67 2 86 7 44 3 22 1 73 8 54 9 13 9 7 6 39 0 24 0 75 6 72 4 26 8 75 9 67 0 16 7 53 3 60 2 2 2 3 1 87 3 60 1 77 2 56 3 47 2 69 0 88 1 3 4 12 4 24 9 52 1 40 6 34 5 35 
50 0 14 8 33 8 87 2 7 4 28 5 43 4 89 6 68 7 8 2 60 6 30 5 98 2 53 0 66 4 89 6 90 5 59 1 60 4 61 1 79 9 75 2 73 6 88 5 25 7 31 3 40 3 3 3 36 6 1 8 71 4 60 1 82 1 98 8 37 2 66 9 32 9 98 7 90 1 37 6 55 0 76 6 31 2 18 4 46 5 77 5 44 7 4 8 43 0 10 7 71 
50 1 25 1 17 7 17 4 40 9 85 2 16 2 52 4 67 8 10 3 13 1 22 6 54 9 5 0 18 5 71 2 13 0 23 1 45 3 87 1 77 2 36 0 97 1 71 3 16 9 66 5 94 3 60 3 44 9 81 3 99 1 58 5 81 0 38 7 50 6 59 9 70 5 97 7 68 5 5 1 47 3 9 2 69 4 53 3 10 4 46 2 22 8 17 9 50 4 48 3 60 
50 3 70 3 20 5 97 4 93 1 41 4 11 4 62 9 81 5 11 3 7 2 41 1 35 9 43 7 9 3 29 3 96 6 67 8 91 5 52 5 71 4 53 2 39 9 38 1 46 9 74 3 74 7 43 6 83 8 100 7 72 2 14 9 53 9 1 7 78 6 58 0 15 1 66 2 39 6 43 4 71 2 22 0 24 9 36 1 90 7 5 1 6 2 4 9 92 0 7 2 24 
50 2 53 6 74 6 19 3 2 9 32 1 98 7 66 5 30 2 67 6 18 7 76 4 38 6 44 0 31 1 26 4 83 3 23 9 12 1 11 7 11 6 93 4 26 4 99 8 54 6 10 2 17 9 98 0 48 4 77 9 24 5 66 8 90 2 86 4 94 5 60 3 2 9 47 5 62 5 33 3 23 8 40 0 20 0 53 3 39 7 74 8 92 9 99 6 90 0 10 6 27 
