10 10
50 5 25 9 53 6 19 5 40 0 5 7 64 8 91 9 38 6 28 1 9 0 98 9 26 9 100 5 79 9 94 7 43 0 12 5 16 8 68 9 49 1 3 4 42 3 66 3 93 8 93 1 71 3 70 3 1 5 70 8 10 1 99 1 11 5 29 2 95 9 5 1 20 0 84 2 49 3 88 9 41 5 67 0 80 5 87 1 25 8 88 1 96 5 69 3 28 2 84 6 40 
50 5 100 9 10 6 88 4 25 4 81 1 34 9 100 9 69 2 43 6 63 8 53 6 85 3 71 8 31 3 50 7 30 1 71 9 94 9 80 4 18 0 37 5 74 4 93 6 40 4 91 1 48 1 20 5 25 7 75 3 65 2 97 5 89 1 62 0 16 5 49 5 88 1 72 1 86 1 36 3 88 7 28 6 52 4 5 2 70 5 75 9 8 9 41 6 4 9 100 6 78 
50 1 78 7 1 6 22 1 64 1 53 6 9 2 92 3 60 2 44 1 14 9 64 5 25 1 59 6 40 3 53 5 6 9 81 6 94 1 100 7 86 7 37 6 21 8 58 6 48 8 1 2 99 9 45 1 90 9 11 4 12 2 6 4 76 7 50 4 2 3 80 9 60 2 17 0 93 1 84 8 10 0 44 5 46 4 9 4 97 8 96 2 62 3 35 9 48 4 43 5 67 
50 9 23 6 27 5 81 7 45 8 78 8 67 6 98 9 24 1 64 0 89 5 80 0 54 1 31 4 68 5 71 7 51 1 36 8 65 3 75 7 21 0 65 7 13 8 19 5 6 3 9 0 38 4 99 3 74 3 39 5 4 8 38 0 65 7 14 7 79 9 48 9 36 2 48 6 5 1 53 2 64 6 78 9 1 5 99 0 7 3 18 2 65 8 78 7 32 7 78 9 79 
50 6 97 1 95 7 89 1 42 5 48 9 94 0 61 5 91 9 5 0 63 6 37 1 59 1 87 3 89 9 63 7 30 8 86 7 13 5 22 2 83 4 67 6 61 9 19 7 21 3 91 4 90 7 46 2 82 4 90 1 62 7 93 6 53 2 7 8 100 1 18 2 33 8 80 3 34 5 85 5 3 9 30 8 58 1 76 4 17 1 100 6 61 6 40 3 17 3 39 7 74 
50 5 22 0 18 6 62 8 47 6 83 6 15 6 37 9 27 7 76 8 91 3 54 6 48 1 30 2 55 8 50 7 37 1 88 7 42 8 65 8 3 2 99 7 61 3 13 3 72 5 43 4 1 9 33 2 10 5 19 1 65 2 61 3 49 4 32 1 77 5 65 3 35 8 100 4 94 1 15 8 4 4 79 6 1 1 5 8 27 8 44 6 96 4 9 1 15 6 41 2 5 
50 6 27 6 27 3 7 4 63 8 22 2 30 1 54 5 51 0 22 8 7 1 58 3 18 6 57 8 48 5 17 6 92 9 93 1 32 1 62 0 78 9 14 4 42 3 41 6 19 5 94 0 73 2 10 8 83 1 42 4 6 1 61 4 98 0 67 1 39 6 43 2 67 6 89 9 22 9 86 3 50 9 20 1 15 4 68 8 23 9 71 4 26 9 46 4 49 3 89 5 78 
50 9 47 3 94 7 12 4 86 4 22 8 77 0 26 7 16 7 59 6 69 8 57 2 10 3 62 8 5 9 50 4 75 9 77 1 10 6 20 6 53 1 33 3 5 5 37 3 18 1 97 0 66 7 14 4 33 3 40 4 29 9 73 8 58 6 55 1 34 3 72 5 20 5 48 8 56 6 46 2 44 7 22 3 98 8 76 3 36 7 9 5 46 1 49 2 80 8 40 8 27 
50 0 28 5 33 1 55 9 50 3 75 0 76 3 76 1 96 8 91 1 10 4 85 3 7 2 8 6 84 7 44 0 85 1 97 2 54 7 33 8 89 3 18 8 50 3 64 3 59 4 51 4 72 7 93 4 79 9 78 8 37 2 79 3 67 1 64 4 67 2 41 7 9 4 27 6 90 4 54 8 50 2 46 8 30 1 30 4 90 9 2 9 27 6 11 2 39 1 85 5 18 
50 0 22 2 53 4 35 1 98 7 71 0 34 6 22 6 75 7 78 4 85 8 16 9 1 2 54 8 52 9 41 1 73 0 88 6 8 1 66 8 1 9 3 4 65 5 20 9 86 1 61 6 58 5 35 3 24 7 88 0 19 6 22 3 31 6 23 1 13 8 25 1 18 2 19 9 50 6 12 1 57 1 9 0 35 3 32 9 74 9 79 9 73 2 18 5 67 0 26 3 18 
