10 10
50 3 49 7 65 2 16 4 100 7 82 0 52 2 75 8 66 0 23 5 68 5 56 6 30 5 4 4 22 1 42 0 87 7 49 1 5 8 30 7 72 4 27 3 44 0 86 6 36 9 69 5 48 1 16 9 14 6 86 9 18 2 86 2 18 5 87 0 72 5 19 2 76 6 43 3 10 2 59 0 53 3 24 5 61 0 44 5 5 2 65 8 29 3 52 4 11 0 96 8 46 
50 3 51 9 69 0 52 5 28 0 98 5 3 7 69 1 29 3 8 4 71 3 98 3 27 2 42 4 9 9 80 8 23 1 22 1 2 0 30 4 94 1 51 8 39 1 49 7 26 8 56 5 22 1 92 8 45 7 74 2 93 7 34 0 22 6 99 9 19 1 96 9 44 0 15 6 58 9 41 5 27 0 13 1 18 0 81 7 31 8 79 8 45 7 68 8 35 8 1 5 33 
50 0 19 0 9 1 55 6 90 2 7 0 69 2 75 7 68 2 51 8 77 0 73 0 28 7 75 2 2 9 68 8 34 6 30 3 63 8 23 2 67 8 80 1 29 6 61 6 23 2 39 1 2 7 58 0 27 3 4 3 70 7 67 9 73 4 31 7 28 1 38 5 75 4 31 9 58 4 95 8 63 6 67 6 4 9 69 0 65 6 88 5 67 6 44 7 68 2 70 4 76 
50 0 90 0 21 3 8 0 28 1 24 1 37 1 88 8 100 7 95 8 10 5 99 2 59 9 62 0 33 5 84 7 78 5 18 9 55 0 56 5 10 7 26 4 22 7 100 0 25 6 99 9 55 4 86 5 83 2 78 0 21 8 43 3 22 8 7 1 46 9 6 7 13 5 42 2 49 5 49 9 27 6 55 8 2 0 31 2 77 6 8 0 83 9 90 6 64 3 10 9 12 
50 9 74 8 13 7 3 7 33 6 27 7 40 6 36 5 3 7 90 8 55 1 74 2 51 9 17 9 6 6 99 5 21 4 29 0 57 6 81 9 55 4 51 4 63 1 89 7 38 9 99 8 36 2 42 5 95 8 84 7 94 1 19 8 76 3 80 7 18 2 22 0 64 2 9 0 69 3 61 2 26 2 6 8 54 1 71 8 56 5 47 0 78 5 38 9 90 1 65 5 80 
50 0 24 4 14 4 6 2 24 1 99 6 72 3 73 7 85 7 34 8 82 5 50 0 36 0 52 3 64 2 7 4 87 2 3 6 47 6 79 2 72 6 71 7 59 2 46 9 74 0 17 2 14 1 67 8 94 4 12 4 23 0 46 9 30 3 100 5 22 7 72 8 12 8 40 7 55 3 72 1 95 4 24 7 99 5 27 1 41 2 36 3 95 8 16 2 56 4 51 4 27 
50 9 95 2 16 1 36 6 81 9 100 3 39 4 67 7 48 0 27 9 22 6 100 4 73 5 97 3 43 2 91 0 86 6 59 0 35 8 83 2 15 9 37 0 56 0 40 3 44 2 79 2 61 2 45 8 94 7 74 4 81 4 38 5 15 2 25 7 41 3 29 3 58 3 47 0 36 6 36 0 100 6 81 7 21 3 47 8 53 4 69 9 63 1 91 0 32 3 14 4 18 
50 6 60 0 100 0 40 4 23 6 79 2 34 3 21 8 90 6 79 7 46 3 1 9 35 3 4 1 37 9 97 7 41 1 39 8 19 5 9 8 95 7 76 8 8 1 51 8 56 3 50 7 9 9 78 9 52 9 55 0 70 5 96 0 70 9 39 3 19 7 15 4 22 2 11 2 83 7 78 4 20 8 98 2 33 3 89 0 87 5 6 3 83 5 7 8 29 2 50 8 14 
50 1 37 9 76 8 83 1 25 0 45 5 6 0 76 4 82 0 44 6 27 3 47 4 14 7 4 9 32 4 50 8 23 7 41 5 23 7 85 8 48 4 46 8 58 6 84 6 83 3 32 0 58 4 5 1 23 3 97 5 85 2 18 0 97 8 29 6 40 7 16 0 3 1 38 6 37 4 9 7 44 2 20 3 29 0 94 9 20 5 19 1 22 3 43 9 62 9 2 6 26 
50 5 14 3 81 1 69 2 49 8 10 7 72 4 66 7 90 0 59 8 63 5 84 5 19 8 77 4 99 7 7 0 100 8 96 7 51 8 88 5 91 6 72 9 74 3 43 9 89 4 38 0 9 5 30 2 39 7 10 2 29 3 76 1 21 5 100 5 14 0 59 6 39 3 25 3 66 3 49 1 57 7 43 7 75 2 72 5 22 8 47 4 17 7 16 0 91 1 47 3 11 
