10 10
50 8 9 3 65 6 89 1 87 2 67 9 22 0 87 9 65 6 74 7 52 1 60 0 77 0 64 3 89 7 11 3 77 7 23 8 26 3 80 6 1 6 95 1 71 2 82 7 20 1 13 4 3 7 70 2 18 9 15 8 36 8 46 4 62 8 84 5 95 3 78 4 90 7 30 8 11 7 68 8 48 9 44 1 56 1 6 3 55 3 86 5 89 7 14 8 95 3 14 3 2 
50 6 61 3 55 5 90 2 52 0 94 5 44 3 43 1 29 2 22 8 54 3 81 4 29 1 74 4 27 9 27 3 79 2 30 7 92 9 10 9 59 6 8 4 88 5 62 5 49 3 49 4 97 2 95 7 51 1 42 0 43 1 97 6 87 0 10 9 35 9 55 3 100 9 33 3 38 3 49 7 96 9 91 9 23 4 42 0 65 0 18 2 95 0 75 3 80 7 59 5 85 
50 0 2 1 86 6 21 7 74 2 41 3 2 2 95 9 15 2 70 4 36 6 22 1 53 3 85 6 69 1 69 8 4 5 97 4 81 2 85 0 16 6 75 6 7 6 33 6 86 3 4 5 21 0 48 7 52 6 59 1 43 4 89 6 58 0 5 6 62 3 85 6 77 3 35 3 81 9 69 2 6 6 69 1 57 9 28 3 47 0 17 0 7 4 21 8 82 5 27 1 80 
50 5 12 4 51 5 98 3 55 0 6 9 39 3 2 2 40 0 92 1 80 8 4 6 10 2 96 6 29 0 2 9 64 2 16 1 20 4 18 0 20 2 97 1 58 5 14 9 79 5 5 6 86 7 8 2 56 5 49 5 28 2 84 1 6 1 66 1 72 7 9 6 8 6 99 5 37 2 44 8 98 8 70 1 27 3 75 5 75 8 11 5 6 2 77 4 42 7 14 2 14 
50 4 29 9 33 9 96 6 94 9 39 0 23 3 95 8 29 5 42 6 64 0 26 1 47 9 53 6 93 5 11 8 53 4 85 4 6 2 48 2 39 3 87 2 33 3 44 5 21 7 85 9 8 2 11 0 6 7 46 2 37 7 87 3 72 1 43 9 53 0 9 3 65 8 96 5 39 8 68 9 19 0 70 5 76 9 86 7 53 6 3 5 15 6 50 0 61 9 89 0 47 
50 9 58 3 86 0 98 1 18 5 29 4 2 8 99 7 46 7 28 5 73 1 82 7 41 7 66 2 34 5 92 4 24 7 64 2 13 8 40 9 63 8 61 6 7 7 36 3 73 2 89 5 34 4 15 6 48 4 12 9 61 0 38 3 26 2 11 4 39 2 53 5 38 3 56 6 73 3 74 3 84 4 48 4 18 9 97 2 46 0 2 9 73 6 59 7 11 6 84 0 85 
50 6 25 1 57 5 65 3 57 5 44 1 58 1 41 8 41 2 50 0 81 4 58 4 66 7 4 4 60 8 81 0 41 8 92 2 82 3 10 7 31 0 75 4 51 5 46 2 8 7 97 7 65 2 32 5 34 8 12 3 2 7 100 8 37 6 54 2 21 3 21 8 89 7 31 8 64 9 19 5 28 5 33 0 6 4 64 0 53 1 97 5 70 7 79 7 79 0 15 3 53 
50 5 15 4 50 7 38 7 75 4 50 4 34 4 55 4 12 5 51 9 74 2 66 0 40 2 66 2 44 7 21 2 49 9 82 1 42 0 17 3 21 2 90 3 71 6 16 7 85 7 67 4 66 5 71 8 73 8 37 3 74 8 30 3 63 4 50 7 29 8 70 1 23 7 91 0 54 4 70 4 72 8 63 2 54 3 94 0 76 9 72 7 47 1 57 4 53 3 31 8 28 
50 5 25 3 71 8 89 1 47 0 50 1 23 1 69 6 20 0 11 2 42 0 100 5 52 5 61 2 32 6 40 5 14 1 86 5 60 9 43 7 40 0 16 1 79 3 87 4 79 0 4 6 12 9 89 5 17 4 40 8 71 2 47 2 97 8 25 9 84 2 80 8 75 0 2 9 58 0 24 6 90 9 8 1 15 9 13 8 7 9 13 5 51 2 78 9 20 8 27 4 85 
50 1 53 7 13 6 77 2 39 9 15 3 36 0 10 0 43 8 42 8 53 2 25 5 40 2 48 0 79 3 44 7 36 8 91 3 3 1 66 4 20 9 95 8 79 1 22 2 51 1 28 6 96 4 24 3 60 2 20 0 18 4 31 9 28 8 26 4 49 9 1 3 41 2 79 5 20 5 97 5 11 1 23 0 72 1 18 2 69 5 16 1 20 3 9 7 19 6 70 4 39 
