10 10
50 2 96 2 75 6 50 1 61 0 88 0 56 6 57 9 35 9 61 0 53 1 12 8 100 6 90 2 71 7 85 9 48 1 72 8 97 0 63 4 55 4 88 0 2 7 88 5 47 8 58 2 55 6 13 3 53 8 98 2 18 9 81 4 51 4 77 8 28 7 93 4 13 8 85 6 22 2 7 9 72 5 45 0 48 3 83 9 9 9 76 3 33 1 29 0 5 6 15 5 23 
50 4 97 0 60 7 76 2 71 0 43 5 53 4 94 0 38 4 70 4 12 8 6 8 5 3 58 4 9 5 81 9 25 7 28 8 82 7 65 3 28 6 54 5 70 5 75 6 79 5 10 6 49 5 90 8 80 6 31 6 54 9 37 1 36 5 25 6 60 9 61 2 55 3 62 8 33 4 76 2 1 1 13 7 80 8 13 3 91 4 35 6 74 8 8 0 45 9 58 1 4 
50 4 3 3 94 9 7 0 26 8 33 3 35 0 84 1 2 5 80 1 12 7 59 1 21 0 3 9 82 5 85 8 22 5 23 3 64 6 73 6 18 9 12 2 77 4 77 1 16 0 69 4 11 0 64 5 24 9 49 1 72 9 75 0 36 1 88 7 46 8 13 3 30 7 51 7 81 3 29 6 47 1 86 2 11 0 60 2 98 9 56 2 39 1 69 8 78 6 9 8 77 
50 7 97 4 10 7 24 7 84 0 37 2 55 6 27 5 88 4 5 4 3 5 28 7 21 5 46 6 39 5 50 9 65 6 17 5 47 9 22 4 87 2 5 9 60 1 100 4 23 2 46 3 51 4 92 4 45 5 96 7 83 5 55 6 10 9 19 2 52 2 86 4 90 2 53 9 30 7 63 1 93 8 21 4 14 7 64 0 93 9 89 4 53 6 66 1 46 6 56 4 68 
50 2 27 0 23 8 88 8 81 5 68 9 8 4 82 9 69 6 75 3 16 7 13 2 46 7 53 4 33 4 43 1 67 5 14 2 63 8 69 2 54 4 61 1 62 3 9 3 19 2 74 1 37 0 85 5 50 1 37 8 23 8 65 6 73 9 96 0 66 5 21 4 87 2 64 0 12 1 11 1 86 9 88 3 5 4 60 8 28 5 85 7 11 3 82 4 39 6 19 3 6 
50 7 12 9 97 5 38 0 30 7 17 8 56 6 83 8 23 1 16 5 32 8 90 9 64 3 100 5 82 9 35 3 67 4 74 0 54 9 46 8 91 8 5 7 96 5 99 8 24 7 99 4 72 6 66 2 95 2 92 5 18 8 4 4 90 1 37 1 28 9 72 7 65 4 47 2 79 3 65 0 97 8 66 9 89 6 88 3 80 7 3 0 18 9 59 7 53 3 76 0 60 
50 1 87 8 20 0 93 1 39 3 53 8 79 9 23 9 12 5 28 9 21 9 69 5 60 1 71 5 91 2 21 5 41 1 95 0 33 3 94 6 42 1 44 6 94 5 35 7 99 5 99 7 32 3 10 9 59 5 54 2 36 1 93 1 67 9 47 4 58 9 100 8 14 4 60 9 6 8 19 2 35 8 8 3 1 5 3 5 50 9 68 6 75 5 15 3 34 9 89 3 99 
50 0 54 4 25 9 52 7 22 2 25 0 57 6 58 0 59 3 89 0 29 1 63 3 18 9 2 3 74 4 79 1 4 2 46 6 35 4 57 5 13 6 89 8 40 4 72 9 15 4 27 5 12 1 59 3 27 0 63 2 69 3 93 7 91 9 52 4 50 9 13 7 83 5 53 5 19 4 100 3 37 1 24 0 73 7 96 5 67 8 59 4 89 6 66 1 70 4 49 3 47 
50 6 84 4 9 1 39 1 51 6 31 0 74 0 49 5 65 5 73 1 52 8 46 8 24 8 91 8 66 6 43 4 88 1 13 5 26 0 25 4 92 2 75 9 48 2 27 4 33 6 76 3 30 4 20 4 22 4 26 5 92 4 35 4 9 7 46 6 35 1 51 7 11 5 38 0 91 5 61 8 49 7 22 9 1 8 67 5 90 2 30 6 98 7 19 1 52 3 82 2 22 
50 9 3 3 41 3 2 8 99 4 39 3 17 8 77 0 84 8 45 9 76 8 14 0 4 4 45 3 87 6 85 0 36 6 63 4 24 2 80 5 22 8 13 1 71 6 57 3 99 4 27 9 58 7 76 1 77 0 32 3 9 4 100 7 12 0 37 7 63 9 29 4 81 4 66 8 85 1 79 8 34 8 37 5 10 0 90 3 29 8 20 1 24 2 32 1 3 1 82 4 75 
