10 10
50 2 37 9 53 8 12 4 78 1 13 3 79 3 69 8 17 1 6 4 45 5 49 7 88 3 15 3 62 2 69 3 93 1 43 2 98 2 86 7 2 4 20 8 42 3 5 9 13 0 35 9 30 2 64 8 98 2 31 3 79 8 87 0 75 4 83 6 83 8 77 9 36 6 10 4 51 9 25 1 46 8 56 9 84 1 11 8 70 1 79 0 31 3 18 6 56 1 78 4 71 
50 4 6 4 59 1 68 0 35 9 62 3 20 4 41 5 81 0 32 1 17 0 44 9 84 6 9 4 92 5 67 5 73 9 87 3 30 1 41 5 41 7 11 7 64 1 56 2 49 0 72 7 65 9 33 5 69 1 35 4 39 1 61 2 95 7 3 4 90 7 73 8 78 4 8 7 85 9 76 6 12 2 76 2 79 4 61 1 84 7 14 8 51 2 43 3 1 5 10 5 92 
50 5 97 1 49 1 52 4 94 4 68 9 71 1 56 4 83 6 67 3 45 6 15 4 25 2 71 4 84 4 42 7 16 0 8 4 40 5 57 1 65 8 46 7 74 9 94 5 84 0 80 5 75 7 11 4 51 1 6 8 71 2 42 2 22 0 43 1 42 5 76 1 77 0 99 2 18 9 48 3 8 9 71 9 42 3 39 4 9 7 8 3 26 3 1 7 94 7 85 5 31 
50 6 67 9 76 0 84 5 64 8 9 6 67 5 83 6 43 6 69 6 9 6 53 9 26 4 49 7 55 0 29 6 53 2 78 8 33 7 31 2 59 9 54 6 59 4 84 5 26 3 70 4 93 5 26 4 65 5 97 5 37 3 66 7 68 8 21 0 31 3 88 4 67 2 29 7 49 5 76 8 40 6 56 5 56 8 63 0 41 6 13 3 36 6 6 4 11 9 62 9 36 
50 1 11 1 10 6 49 6 22 8 50 2 19 9 64 0 62 6 35 5 94 3 58 2 49 2 100 9 24 3 100 6 16 4 44 1 22 3 43 2 67 4 11 9 43 8 93 5 67 3 29 5 36 7 92 1 12 2 86 6 88 1 46 1 25 4 82 7 54 6 7 9 48 3 71 4 39 7 94 0 92 8 34 9 11 4 6 4 17 7 97 1 100 9 64 8 18 4 94 0 92 
50 9 30 0 18 5 75 6 11 0 76 0 67 4 47 9 96 5 1 1 41 5 93 7 47 0 19 5 46 9 51 8 71 1 62 1 55 1 84 4 85 0 96 9 54 3 65 2 35 2 57 7 56 3 7 7 63 8 92 6 99 1 26 5 93 6 12 6 27 4 32 7 96 5 97 9 72 1 59 7 27 5 17 6 56 5 55 4 47 6 42 3 90 3 45 5 28 9 59 4 9 
50 5 98 6 19 0 94 7 4 3 6 1 32 5 57 6 9 3 16 3 18 6 60 0 7 4 83 5 31 7 53 3 10 7 73 6 58 3 9 8 85 2 81 7 5 9 25 3 5 7 92 0 48 6 32 0 41 8 63 0 24 9 69 1 39 9 17 4 29 8 58 3 59 6 64 6 6 3 18 5 30 9 62 1 93 0 92 0 47 2 62 8 61 3 95 9 28 1 45 7 86 
50 5 82 8 65 7 50 6 3 6 7 2 93 7 67 7 30 3 87 4 17 5 54 2 33 0 43 4 8 0 78 6 40 3 75 1 32 0 97 0 57 7 66 3 72 6 3 1 45 8 41 8 59 3 91 6 22 6 64 4 38 4 35 8 89 0 59 0 82 4 78 4 44 6 21 4 88 0 3 9 100 8 65 7 92 0 50 8 100 0 69 5 43 7 42 3 92 6 32 4 59 
50 8 55 7 68 2 91 1 79 5 46 8 13 9 71 4 98 8 13 0 53 2 75 5 29 7 7 9 71 3 1 9 58 5 53 3 57 9 29 8 9 0 38 3 62 3 90 6 42 6 92 8 57 8 25 6 89 1 74 7 38 1 25 4 94 4 63 9 23 3 58 1 50 8 52 6 79 2 41 9 74 5 95 6 42 0 84 8 87 9 11 1 75 5 69 2 85 6 33 6 77 
50 5 70 3 84 4 12 5 49 2 82 7 54 3 56 7 72 5 42 7 33 0 10 9 11 0 7 8 61 9 42 1 76 7 85 3 6 3 60 8 31 9 70 0 37 3 84 9 61 9 15 8 53 9 19 3 88 0 16 6 20 2 74 1 65 2 9 9 41 3 14 3 81 4 90 7 96 2 38 1 79 2 92 7 89 9 51 8 83 2 80 4 51 9 32 6 22 6 74 2 12 
