10 10
50 9 58 0 40 2 36 9 88 6 34 9 36 3 12 7 6 4 94 3 16 4 46 0 51 1 83 4 56 4 89 8 20 4 1 9 54 3 16 6 100 3 66 5 83 3 32 0 71 8 75 5 66 4 46 9 91 4 29 2 27 1 24 9 25 7 25 5 99 4 20 3 36 0 27 9 20 1 63 3 79 6 34 1 9 1 38 3 69 1 77 0 88 2 17 1 65 9 19 0 15 
50 5 66 5 51 2 9 8 40 1 92 0 37 9 13 4 13 1 38 4 88 0 30 1 94 0 15 8 74 4 92 5 27 0 95 0 21 5 26 2 81 8 49 2 93 3 55 1 33 2 27 4 47 7 27 0 86 4 29 5 84 8 20 3 31 6 72 8 48 3 35 2 16 4 74 7 64 1 29 0 73 0 52 0 56 1 37 5 66 5 41 0 35 1 81 1 2 0 87 0 34 
50 5 20 2 63 7 70 5 48 4 78 1 26 6 55 2 33 5 70 5 59 5 86 3 99 1 70 8 52 5 28 4 47 6 47 5 2 0 78 6 19 4 59 6 30 9 35 3 74 7 21 4 38 8 49 4 40 3 83 6 96 5 57 5 29 6 36 1 48 9 88 6 16 8 52 7 29 9 90 9 16 5 90 5 17 3 6 0 12 9 14 5 62 5 26 5 58 8 57 4 56 
50 8 64 7 37 2 63 0 41 6 38 8 73 3 52 6 37 7 97 2 55 8 28 4 18 0 85 4 21 4 29 0 33 1 69 3 77 2 40 3 31 9 3 4 68 8 10 3 92 0 69 0 42 7 5 2 34 7 25 5 63 0 47 6 53 4 13 3 54 0 63 1 54 9 29 2 4 4 91 0 28 0 75 0 4 2 49 2 70 5 97 8 22 9 94 1 95 7 28 4 59 
50 5 67 2 75 7 8 8 57 3 61 1 10 9 40 8 19 7 66 1 8 0 3 5 98 1 78 3 3 4 86 7 58 9 13 6 41 5 78 6 99 3 33 2 21 0 90 0 89 1 26 7 9 5 9 3 65 7 55 3 24 5 93 8 26 7 31 2 65 1 11 4 88 1 65 2 10 4 23 8 51 7 14 5 27 6 84 3 94 7 86 2 36 3 57 6 35 0 81 3 54 
50 9 85 2 55 1 49 9 9 6 45 4 32 8 47 6 28 3 100 9 46 8 78 8 71 6 68 6 92 3 74 7 26 0 1 0 46 3 30 0 58 3 71 2 21 4 2 4 39 0 89 4 81 0 100 6 31 6 68 6 33 2 81 3 10 0 28 7 86 8 25 2 13 6 46 2 13 9 63 8 13 3 99 1 33 1 100 4 100 1 8 6 56 9 80 6 88 8 11 8 55 
50 6 63 2 5 8 11 3 15 8 32 9 5 3 21 2 80 9 17 7 9 2 15 5 35 8 28 8 4 6 96 9 26 0 89 8 48 3 23 1 71 9 78 9 42 0 39 4 65 5 37 6 12 9 34 5 15 4 52 6 90 6 39 3 21 8 76 2 30 4 70 5 20 5 19 8 52 4 6 5 17 4 13 6 60 8 8 8 74 6 52 2 60 8 36 6 72 8 75 1 34 
50 4 7 6 85 2 96 1 25 6 11 5 54 9 26 5 51 2 15 5 23 3 8 0 3 3 85 3 10 9 58 1 100 7 28 4 5 6 7 5 36 4 44 0 12 4 4 7 28 0 49 1 9 3 45 6 90 4 93 8 26 9 24 1 41 3 92 2 29 6 53 6 98 9 33 7 58 6 97 3 77 6 47 6 6 4 30 4 53 7 48 7 11 0 62 8 51 9 63 5 74 
50 3 3 4 32 8 20 6 92 6 97 2 12 2 5 8 77 8 56 6 20 8 81 7 87 1 76 0 70 5 41 5 33 4 76 9 27 3 72 1 32 3 18 5 74 2 81 4 82 2 6 2 100 9 98 5 38 3 34 5 31 3 53 3 28 0 64 9 60 6 50 0 41 7 93 1 86 2 20 3 96 2 98 3 57 1 31 8 41 1 50 5 20 2 51 3 25 3 44 4 99 
50 2 54 8 8 8 21 2 94 2 24 0 7 8 94 0 67 8 98 6 8 1 20 3 37 6 65 1 66 0 99 1 71 0 89 2 18 7 58 2 9 5 49 1 81 0 79 1 98 7 39 7 46 1 95 7 97 9 77 7 64 1 81 9 66 0 94 7 59 6 38 8 95 1 35 2 11 6 73 6 98 8 31 7 67 8 21 0 42 3 100 1 16 1 19 2 60 3 18 1 17 
