10 10
50 0 50 1 6 4 90 2 40 8 21 2 21 7 49 0 56 2 67 7 99 7 77 3 45 0 80 0 25 5 44 3 88 8 83 5 72 7 28 1 18 8 66 4 11 5 35 7 25 2 85 9 56 6 92 0 81 3 12 2 71 6 30 3 66 0 21 8 29 1 31 8 74 7 10 4 28 9 1 0 47 3 54 8 4 6 15 2 47 6 73 5 13 1 94 8 33 7 96 1 84 
50 7 73 6 57 1 42 8 26 8 72 4 80 3 33 7 80 5 98 3 43 0 58 9 8 1 47 2 69 7 84 4 69 5 27 7 86 8 32 2 25 5 97 5 54 0 44 1 61 6 46 2 12 9 75 0 18 4 58 8 47 2 44 2 69 3 100 2 69 7 89 6 51 5 37 2 7 4 23 5 25 4 14 1 31 5 13 9 52 8 76 2 63 8 24 9 4 2 27 6 81 
50 3 41 4 8 2 2 9 26 2 37 6 39 7 47 2 30 0 46 2 42 1 32 1 81 2 14 8 47 8 46 1 21 1 84 0 45 6 55 1 1 6 72 0 87 5 91 9 54 8 83 7 42 8 53 6 46 5 33 1 77 3 2 5 8 7 93 4 53 0 35 8 18 3 15 8 64 3 96 8 90 3 73 2 18 2 72 5 45 4 63 3 49 9 29 8 11 7 73 0 89 
50 3 52 3 52 2 89 9 48 2 88 5 56 1 14 9 30 8 39 8 48 2 15 3 12 4 16 9 89 4 75 8 26 8 55 8 70 0 90 6 39 3 87 1 19 5 34 0 79 9 54 3 85 2 25 3 22 2 95 8 38 6 41 1 12 9 73 4 73 0 64 9 95 6 92 2 100 7 1 1 94 2 64 5 90 6 46 1 11 0 98 0 60 9 34 2 99 7 81 2 31 
50 5 6 4 1 8 47 7 52 8 16 6 11 2 96 6 22 6 88 4 77 2 68 1 67 6 1 9 47 6 17 2 98 6 80 1 94 8 61 3 69 8 20 5 39 5 7 8 45 6 82 5 61 1 15 8 61 2 53 8 93 4 58 6 11 7 57 0 96 7 14 6 20 0 80 2 19 9 62 0 80 4 86 8 83 2 95 2 94 2 90 5 84 0 20 5 69 8 66 6 76 
50 8 55 4 60 7 9 7 67 8 18 0 3 4 11 4 69 2 75 3 61 1 43 7 5 1 53 8 29 7 79 8 92 2 52 0 88 1 43 7 1 3 85 6 89 1 42 6 72 5 28 7 91 8 13 4 29 9 53 2 71 5 17 9 52 5 43 0 65 1 57 1 54 0 27 2 94 5 4 1 89 2 69 5 44 7 25 9 85 0 23 4 88 0 47 3 51 5 46 2 48 
50 0 85 1 48 2 35 8 49 0 32 1 63 8 95 1 4 0 56 6 33 6 37 1 82 5 92 2 64 0 35 2 78 4 52 7 57 9 16 6 74 1 67 0 92 8 77 5 72 3 61 2 27 4 31 3 32 1 1 7 8 6 17 9 2 2 57 5 12 6 3 6 60 8 17 0 57 1 84 5 46 0 10 8 15 8 66 1 16 9 26 6 87 6 56 1 5 9 44 6 73 
50 9 6 2 86 0 77 0 8 7 21 8 68 8 50 9 46 8 23 1 64 0 10 0 35 4 59 6 78 4 67 5 67 5 1 6 11 0 71 8 5 8 30 8 31 0 73 8 39 8 63 3 25 2 79 8 60 6 9 9 65 2 14 3 60 2 8 2 40 9 49 6 27 5 4 5 13 5 61 7 91 7 18 8 4 7 29 3 21 6 50 0 67 8 3 3 99 2 20 8 88 
50 7 8 6 50 6 47 7 98 8 10 7 83 3 13 2 8 0 32 3 1 1 40 5 26 0 64 1 95 5 88 1 6 0 62 7 44 3 91 1 7 0 93 4 74 4 12 7 54 6 38 6 37 9 2 9 67 8 68 0 30 8 64 1 34 0 31 3 14 7 32 1 77 0 33 1 68 8 59 8 70 8 63 7 6 4 22 1 42 6 88 8 60 9 77 4 99 1 40 1 48 
50 7 4 1 91 3 52 8 32 9 58 3 13 0 40 1 55 7 92 7 52 5 34 9 41 2 49 3 71 0 59 2 28 3 80 7 75 8 91 6 61 4 34 3 50 3 35 4 70 3 90 4 22 4 65 9 25 9 75 5 78 9 69 6 86 8 50 0 9 2 55 1 23 9 84 0 75 2 31 0 91 8 43 5 87 7 17 1 28 4 6 7 25 2 63 2 71 6 95 6 70 
