10 10
50 5 51 8 62 7 12 7 25 5 14 8 70 0 25 4 51 1 100 3 68 0 19 9 60 4 34 3 3 5 5 5 9 8 21 1 31 4 80 0 56 2 45 9 50 3 73 3 35 0 59 9 54 2 51 4 21 4 25 5 2 0 47 0 43 1 22 1 78 6 15 0 76 8 55 1 59 8 5 3 31 1 39 3 44 8 27 6 56 4 70 6 39 7 34 0 26 9 88 7 100 
50 2 63 3 52 1 40 8 19 8 6 1 93 8 51 9 98 8 92 0 46 8 33 9 75 3 40 2 64 2 33 0 52 5 5 4 49 1 16 4 39 3 21 8 97 0 28 3 58 1 90 1 49 1 91 7 56 4 41 8 47 8 47 1 85 3 87 3 54 9 2 9 37 5 3 9 21 0 69 5 42 2 9 4 53 8 90 3 16 4 47 2 52 9 1 4 25 9 51 2 43 
50 8 10 5 43 4 17 2 74 9 12 6 91 1 42 4 84 8 30 2 21 2 10 4 85 1 11 7 89 2 31 3 35 1 14 9 35 2 15 7 4 0 80 4 57 0 100 3 26 1 21 5 89 5 83 5 77 8 53 9 34 8 29 2 91 7 27 3 59 2 61 2 3 4 38 9 87 8 94 2 11 0 43 0 9 9 92 3 14 8 81 2 26 6 38 2 24 8 53 9 10 
50 6 95 1 37 3 27 8 45 1 25 4 38 6 70 1 91 3 28 4 5 3 5 3 48 1 32 0 21 4 82 4 41 4 14 1 71 7 32 6 34 9 49 2 13 7 12 8 19 6 50 5 100 4 65 4 72 9 93 1 40 2 11 2 47 0 54 3 83 9 24 3 61 9 13 4 72 7 9 6 49 0 33 9 39 3 80 3 7 3 31 2 97 5 41 8 47 8 38 6 7 
50 4 19 6 57 0 37 3 31 9 79 7 48 3 5 5 68 4 30 8 25 4 60 0 71 0 60 8 76 6 31 7 18 4 42 5 2 9 51 6 1 9 98 8 31 6 53 2 1 6 74 3 58 0 93 6 81 4 17 5 42 1 9 3 20 1 27 3 29 0 4 4 13 3 35 3 85 1 18 4 3 4 30 1 21 0 65 9 13 7 19 1 94 7 78 0 40 5 47 2 44 
50 7 64 5 93 4 100 6 51 4 6 1 28 4 2 4 31 9 36 4 48 0 80 9 50 9 54 6 62 5 26 1 5 1 48 7 64 2 41 4 93 9 67 9 41 2 31 6 88 5 46 5 29 5 59 3 34 4 87 4 53 7 87 9 87 5 84 9 45 2 92 3 67 7 53 1 63 9 98 1 50 2 97 7 51 2 71 7 88 0 36 2 59 8 54 3 1 5 26 6 25 
50 7 17 8 59 2 83 9 85 2 20 6 3 7 1 5 36 7 96 3 95 9 25 8 73 5 79 3 46 7 67 6 39 4 13 5 16 8 64 3 28 3 8 4 93 5 30 1 62 3 7 2 18 3 21 7 86 0 69 1 72 5 93 6 70 3 29 7 11 3 39 4 52 4 100 7 40 4 84 4 89 2 10 4 51 2 44 7 60 0 1 0 25 8 70 3 7 5 60 0 64 
50 7 33 7 5 8 64 0 92 9 33 7 23 8 15 7 90 2 31 8 25 6 74 4 3 8 15 6 57 5 95 8 51 4 32 9 38 9 74 0 31 3 40 8 65 7 22 8 93 8 89 0 58 3 86 8 41 1 41 5 22 5 92 1 67 9 63 4 23 3 63 8 3 4 70 1 79 3 87 8 91 2 98 4 24 4 89 0 81 5 79 9 52 8 66 1 42 0 91 2 94 
50 6 59 5 80 6 35 4 97 4 100 8 36 6 100 7 99 6 56 4 1 3 57 7 87 6 90 3 92 2 48 6 65 4 68 1 17 2 52 5 64 0 70 9 94 1 95 2 60 8 63 5 27 1 25 2 97 1 20 1 9 3 52 2 96 2 95 8 27 5 59 5 8 0 3 3 17 7 90 8 31 9 76 2 92 4 5 8 28 3 44 8 39 6 88 3 35 3 10 8 81 
50 9 68 6 1 3 18 3 82 2 91 3 25 8 53 9 36 3 43 1 70 5 83 8 63 6 81 3 58 4 24 8 70 1 88 7 86 4 58 5 63 8 25 0 31 5 49 1 57 6 91 1 89 8 7 9 52 4 61 8 52 1 28 8 75 3 73 0 27 1 3 3 41 0 38 2 43 4 93 5 3 4 31 6 92 5 98 0 1 0 97 4 9 8 20 4 68 4 27 5 1 
