10 10
50 1 64 3 42 2 82 0 38 4 15 4 32 6 9 3 62 6 4 4 18 0 73 1 46 8 4 1 50 0 51 4 94 7 60 0 68 0 87 1 60 8 52 1 10 4 30 1 63 6 62 5 75 2 57 3 43 9 56 8 67 0 80 1 84 2 5 9 28 8 46 9 68 5 89 6 4 3 20 6 20 9 82 6 34 7 98 7 43 9 61 8 31 6 35 0 50 2 12 0 35 
50 4 39 4 70 8 22 3 97 2 40 2 73 0 57 5 97 2 74 3 61 7 45 4 1 1 16 0 3 2 73 6 83 5 37 8 10 7 68 4 70 0 87 7 20 7 87 1 29 8 99 6 36 2 11 1 21 4 22 9 44 5 45 6 19 9 37 8 72 7 80 2 36 6 74 1 39 0 9 5 64 2 33 4 21 6 85 7 92 6 14 1 82 0 79 1 81 5 15 1 69 
50 8 71 9 92 7 2 4 32 7 10 5 22 3 40 0 49 6 70 5 26 2 32 7 97 9 55 7 74 8 56 8 97 0 54 6 72 2 72 4 9 9 58 6 3 6 66 8 11 0 45 4 99 7 21 2 39 6 38 7 96 4 56 6 31 2 58 5 23 2 88 4 85 8 94 9 3 4 65 0 33 5 86 7 13 8 72 7 38 9 2 7 57 8 100 9 94 7 79 5 99 
50 0 78 1 74 9 73 2 56 2 96 7 63 8 73 6 25 8 52 8 11 7 6 6 16 9 75 5 94 1 79 5 30 9 48 4 43 1 62 1 64 1 89 4 12 5 71 8 45 0 60 4 34 9 87 8 4 2 28 4 32 7 49 9 8 1 64 1 25 2 77 4 56 2 54 1 31 6 2 3 7 6 32 6 10 8 2 2 81 3 51 8 28 8 79 6 32 9 63 3 24 
50 3 73 7 73 8 62 9 10 6 11 2 88 7 3 7 35 5 54 9 42 9 42 1 56 6 95 7 40 1 76 3 20 3 10 6 74 1 13 2 4 4 29 6 42 9 12 5 37 4 53 9 92 3 24 0 19 8 63 6 10 1 64 6 100 0 71 6 67 4 10 8 68 1 24 3 61 7 30 4 51 6 28 6 36 3 91 9 69 1 4 3 87 9 83 3 70 8 44 7 55 
50 8 76 5 25 0 19 4 29 1 7 7 96 8 17 1 59 6 91 9 97 0 98 8 98 8 49 2 69 6 60 0 30 4 95 3 54 7 96 7 96 3 91 3 65 1 43 7 50 1 10 4 7 5 45 8 82 9 15 4 99 2 10 4 91 4 51 6 50 8 56 7 48 9 17 8 62 1 76 3 35 2 76 9 47 7 42 8 69 3 42 7 82 1 74 3 85 4 58 9 22 
50 5 69 4 95 7 80 3 91 0 71 1 10 0 92 7 34 4 86 2 14 5 11 9 25 6 83 1 46 6 90 6 99 8 80 9 16 0 75 9 90 9 13 8 50 6 65 0 29 7 5 1 47 0 26 4 80 5 57 4 39 6 21 0 96 3 96 9 39 7 70 1 44 1 25 2 83 8 62 0 41 4 34 7 37 5 17 0 82 3 77 0 84 9 84 7 45 6 25 2 74 
50 9 50 5 22 4 30 9 52 5 78 7 71 7 92 6 49 8 90 3 40 7 60 8 67 7 33 5 41 4 94 2 23 8 67 9 80 9 5 3 91 0 64 5 5 9 6 1 65 4 45 0 53 6 65 4 85 5 48 9 42 1 8 7 51 1 72 7 94 3 70 8 97 1 46 9 1 8 69 6 25 7 27 1 91 8 26 5 91 1 97 8 40 9 48 2 12 8 29 6 79 
50 2 27 2 75 6 37 5 43 9 79 4 84 2 76 4 3 6 46 0 79 8 65 1 57 1 73 8 73 4 3 3 32 4 8 8 66 5 47 5 84 7 62 2 24 8 53 4 93 1 100 6 12 6 43 4 6 1 72 0 86 2 59 5 71 9 95 5 41 7 23 3 8 9 34 4 22 0 43 6 95 3 36 0 100 4 86 6 91 6 80 1 61 4 90 7 23 0 11 3 83 
50 5 63 4 85 2 47 0 18 6 16 4 61 7 60 1 49 3 15 3 32 4 25 7 13 0 45 0 81 6 94 2 99 7 25 2 19 4 87 5 100 4 78 5 53 3 61 1 32 9 55 2 55 0 83 2 11 6 4 7 35 0 48 8 52 5 67 6 46 7 63 0 18 1 64 6 19 9 8 4 42 7 14 0 91 9 95 4 52 5 42 7 63 2 42 3 13 5 93 6 88 
