10 10
50 1 89 0 89 1 7 3 48 9 96 6 86 8 40 3 19 6 77 3 29 6 41 3 81 3 51 8 59 0 74 8 87 1 83 1 93 3 57 0 66 9 60 6 93 4 93 4 26 0 43 5 12 8 70 3 61 3 35 5 27 3 18 3 11 7 37 5 95 8 63 2 3 9 76 1 29 6 37 8 9 3 3 4 28 5 46 0 18 4 84 1 71 8 33 5 84 0 90 3 80 
50 9 50 9 81 5 44 0 77 2 76 8 87 5 48 1 14 4 80 4 70 5 73 0 80 8 16 1 68 5 87 0 75 3 31 7 100 3 92 1 36 2 91 7 83 4 47 2 67 0 42 2 86 8 100 1 59 7 22 4 77 4 37 1 3 6 67 8 34 2 17 4 74 1 36 6 25 9 28 2 4 6 75 3 96 3 82 5 49 0 30 8 27 4 18 7 14 8 11 2 18 
50 9 97 7 49 0 90 4 59 6 86 8 54 8 62 5 37 1 48 5 29 3 2 5 98 2 70 2 28 0 43 8 18 0 85 3 14 0 66 7 78 1 38 9 70 0 19 7 31 8 92 6 58 2 83 4 53 8 91 5 82 7 93 6 93 7 61 7 41 0 23 4 49 0 2 2 88 9 62 6 13 2 77 5 48 4 7 1 64 9 68 5 6 9 95 6 56 7 49 8 4 
50 7 45 1 78 7 62 4 32 8 16 4 43 3 97 0 11 9 41 0 78 1 58 6 68 9 22 4 33 5 64 3 98 9 55 5 21 3 55 5 51 9 78 9 58 5 30 1 3 4 43 5 72 9 50 1 45 5 37 7 10 5 78 6 92 8 71 3 59 2 76 8 25 8 36 7 36 6 86 1 41 4 87 3 1 3 28 6 65 6 16 0 91 5 92 8 29 4 51 0 30 
50 7 15 1 6 4 16 0 19 3 85 7 59 0 53 2 4 4 5 4 2 7 17 6 54 3 40 1 76 7 17 4 61 6 10 0 71 9 94 6 81 6 39 5 70 2 38 6 37 9 71 1 12 4 57 6 97 8 1 2 2 5 49 5 27 8 1 2 13 8 7 4 25 5 14 7 38 1 24 2 68 2 88 4 22 5 59 1 35 4 94 5 68 8 90 8 30 1 81 3 1 
50 2 100 1 62 4 7 5 53 4 48 6 54 9 10 4 35 7 65 4 19 5 94 0 99 5 32 7 54 6 90 6 66 3 83 7 55 5 82 6 18 4 98 6 88 8 64 4 62 8 99 5 40 5 75 6 17 1 74 5 34 8 62 9 95 2 32 9 68 8 45 4 6 8 35 1 43 7 79 5 56 9 44 9 14 4 48 9 80 0 83 3 5 5 52 9 22 8 16 2 100 
50 4 78 5 99 0 14 7 8 8 31 4 72 0 100 5 35 8 39 8 25 5 85 7 75 2 71 6 8 2 34 5 9 3 57 9 17 7 67 9 2 3 76 9 70 6 46 3 100 8 24 8 7 7 28 7 36 6 42 1 9 2 89 2 9 2 88 1 80 9 58 7 5 6 44 5 30 9 82 3 35 2 52 6 14 5 91 0 44 7 28 8 92 0 96 8 55 5 3 6 44 
50 8 1 3 20 0 75 5 71 0 48 3 57 1 53 9 79 2 11 2 74 0 73 6 36 0 95 9 66 5 74 7 63 5 15 6 6 8 81 3 76 1 49 3 28 7 100 1 31 0 93 9 74 4 11 9 16 2 4 9 85 6 54 7 45 5 59 8 53 0 100 6 63 3 97 2 81 5 37 4 90 7 3 7 34 3 30 4 4 2 26 0 52 4 59 7 45 4 9 6 22 
50 8 3 1 97 5 84 5 98 3 23 0 82 8 28 1 37 1 71 1 44 6 91 5 55 3 55 8 25 5 77 5 69 1 68 6 92 2 4 5 42 9 82 4 48 6 18 8 65 7 26 6 62 6 58 9 31 7 30 7 33 5 53 9 37 9 58 4 50 8 22 0 38 9 30 8 88 0 47 6 74 8 83 5 86 6 14 5 97 0 86 5 21 6 100 2 40 6 65 9 89 
50 0 72 1 48 7 5 0 36 5 12 8 96 1 78 2 7 4 67 2 71 3 16 7 11 6 34 3 37 1 82 2 86 9 14 4 75 4 89 1 6 7 68 5 57 5 20 3 35 2 59 7 16 4 28 2 9 6 6 9 59 9 22 6 47 1 98 0 48 8 49 1 97 5 34 1 14 5 14 7 41 6 3 7 6 8 1 0 100 2 18 1 46 4 83 6 13 2 23 7 88 
