10 10
50 1 65 5 18 7 69 7 3 4 65 1 42 0 1 1 27 9 50 9 83 1 80 8 66 1 16 2 97 1 90 9 99 3 24 3 10 0 24 6 94 8 92 2 17 5 12 5 77 1 42 7 31 5 15 2 94 3 20 8 46 5 38 2 57 2 9 6 51 5 32 3 98 8 90 5 73 8 82 5 75 4 37 3 32 4 50 4 100 6 4 7 95 0 64 6 97 4 91 1 64 
50 8 64 6 48 9 100 3 24 4 77 8 80 3 73 4 39 1 89 7 33 6 69 5 1 5 96 2 39 0 56 3 36 8 3 8 67 8 28 7 29 9 80 0 44 1 2 5 88 0 4 3 80 5 73 6 13 4 84 4 41 3 87 0 68 8 99 6 57 2 67 5 2 4 52 2 8 2 49 5 4 6 42 3 100 8 8 1 39 3 30 4 40 8 78 2 25 6 66 1 85 
50 8 20 2 74 3 24 4 16 9 43 9 40 9 61 4 5 9 94 3 91 9 1 6 41 5 60 2 75 2 15 9 6 3 12 3 31 0 11 4 51 2 17 1 88 6 86 2 100 4 60 8 59 1 63 0 54 0 70 5 78 7 9 2 92 8 16 1 76 8 23 6 5 0 11 8 4 4 24 4 22 6 3 7 56 0 79 3 57 0 40 0 18 3 55 0 71 9 3 1 98 
50 9 33 6 90 2 29 7 1 6 75 0 57 0 64 1 91 6 8 6 1 6 23 1 80 6 87 8 8 9 7 9 87 2 74 3 31 0 31 4 83 2 2 2 85 3 88 1 35 3 91 2 51 7 1 6 19 8 33 3 96 6 58 6 65 5 20 5 28 3 93 4 85 7 60 2 88 0 86 1 100 8 66 0 92 5 94 6 88 3 27 2 55 1 79 5 36 1 56 2 26 
50 1 17 8 60 6 8 5 35 4 70 5 24 9 89 3 49 1 70 9 12 4 11 7 12 8 88 5 29 5 10 4 83 3 19 0 13 5 79 2 25 0 42 1 88 2 17 0 15 8 32 1 13 3 98 7 44 5 30 8 52 2 78 0 20 3 10 2 60 9 30 0 30 9 68 7 73 7 66 2 94 4 11 2 73 7 74 9 96 2 62 4 31 9 48 6 55 8 71 4 18 
50 9 97 7 42 9 48 3 96 5 2 4 20 9 59 7 13 6 41 2 44 8 63 2 32 5 89 8 77 6 43 5 16 4 76 6 14 2 18 5 100 6 81 2 44 4 47 6 12 2 83 0 36 9 67 9 46 1 35 1 72 1 27 2 33 5 43 0 81 3 45 6 51 3 12 9 74 0 60 1 7 3 6 6 7 3 11 7 67 8 46 4 78 9 63 7 3 9 46 3 38 
50 9 69 7 67 3 31 0 44 6 96 1 31 2 68 0 90 1 5 2 81 2 39 9 87 0 58 0 24 3 54 4 61 3 8 3 75 2 16 2 13 8 15 2 42 8 9 4 47 5 10 0 76 4 78 2 71 0 51 4 3 2 3 0 89 1 74 4 69 7 67 0 62 1 50 0 35 3 73 6 95 8 32 5 9 3 37 9 71 9 7 8 94 5 64 6 11 6 88 8 75 
50 0 76 3 29 6 62 9 92 0 82 1 93 3 5 2 45 9 23 3 9 1 93 1 61 9 41 8 38 7 11 7 89 3 98 7 40 4 41 8 90 5 43 7 50 5 7 5 24 3 44 7 27 2 64 5 55 2 64 3 75 5 47 7 50 0 15 9 98 5 39 2 82 4 58 0 76 8 94 0 63 2 13 1 52 0 46 2 20 2 35 6 78 4 8 5 70 1 98 6 5 
50 6 80 9 36 1 93 2 8 7 46 5 2 0 19 6 24 7 65 8 72 9 3 4 53 6 21 0 91 2 100 2 62 1 90 0 47 1 60 8 36 6 91 3 31 5 6 9 57 7 15 9 23 6 95 2 16 2 78 8 30 4 7 7 30 0 49 8 4 9 86 6 87 8 1 4 3 9 11 3 92 0 85 3 75 1 30 1 75 2 2 8 65 7 76 9 18 5 78 7 73 
50 1 10 8 76 7 70 4 28 5 6 7 80 1 2 2 34 7 52 2 47 9 51 4 68 1 79 4 91 4 100 4 31 5 83 6 82 1 27 1 97 6 34 8 27 2 61 1 84 6 79 4 68 5 71 0 96 7 21 8 82 5 93 9 84 5 35 8 2 0 89 8 96 5 89 2 97 4 12 4 92 3 94 7 80 1 17 4 99 7 57 2 48 5 69 1 2 2 19 5 66 
