10 10
50 9 82 4 11 9 3 0 57 1 15 9 37 8 23 9 51 0 10 1 55 6 5 9 95 7 68 7 39 2 92 2 4 1 68 9 61 6 4 3 29 9 85 1 58 1 59 5 63 7 96 2 40 2 5 4 18 9 91 2 41 1 9 4 58 5 63 3 51 6 48 2 75 7 49 9 89 1 92 4 40 8 76 6 4 7 40 7 68 3 14 9 37 2 5 9 69 9 40 2 38 
50 8 34 7 28 1 72 6 35 1 47 8 88 4 43 7 1 0 13 9 59 7 47 1 65 3 6 1 58 4 57 5 10 4 40 9 32 5 63 4 11 2 60 2 78 1 90 1 5 1 82 2 15 8 55 2 99 6 57 2 35 7 1 4 76 1 15 1 17 0 40 5 20 7 72 7 2 4 3 6 36 3 59 8 82 1 97 8 63 6 32 5 52 0 53 6 90 0 34 8 41 
50 1 61 8 41 1 44 4 77 2 26 2 94 8 1 3 42 8 31 8 37 9 21 7 11 7 37 0 37 2 23 1 55 7 32 5 36 7 28 1 1 0 65 2 41 0 2 8 25 6 37 0 46 1 66 9 34 1 30 3 86 9 25 5 81 3 90 2 43 7 42 5 81 5 44 8 65 0 11 7 73 2 72 1 62 2 86 7 89 6 34 7 85 1 80 6 68 3 66 5 38 
50 1 4 2 95 2 35 9 9 1 41 8 41 5 63 7 47 0 69 1 41 9 98 9 47 5 94 4 79 5 32 5 65 5 62 1 54 9 32 5 44 1 22 7 36 0 80 3 53 4 16 6 91 5 92 5 85 1 11 6 62 2 94 1 39 9 98 4 84 2 63 1 44 2 25 5 59 9 43 9 26 1 22 2 93 3 39 4 11 1 73 7 6 3 42 8 76 5 14 4 15 
50 6 33 3 10 6 80 7 17 3 33 7 18 8 62 4 76 2 79 2 39 6 60 2 85 9 47 3 2 8 33 4 75 4 2 2 61 6 89 9 11 7 95 0 23 9 46 6 8 5 48 6 2 2 88 7 97 6 71 9 68 1 28 7 31 5 57 1 91 1 83 3 21 6 20 1 60 6 56 8 27 7 94 6 69 5 35 9 76 6 77 3 66 6 83 5 38 3 21 8 65 
50 0 14 9 91 5 75 3 94 0 92 5 82 7 75 2 62 0 93 0 40 7 26 2 29 9 35 1 77 4 44 5 4 0 25 4 3 2 61 5 44 2 11 1 27 5 88 8 28 5 76 3 64 7 100 1 91 7 76 8 99 0 43 1 53 2 52 9 78 6 47 7 12 5 94 9 69 3 68 7 6 6 81 1 52 5 45 5 54 7 19 3 41 3 4 1 8 5 67 9 93 
50 8 64 3 79 7 93 4 57 8 40 8 96 6 99 6 67 1 49 8 38 7 89 5 25 8 48 8 88 7 94 9 2 5 19 6 89 0 70 1 60 9 59 0 34 1 76 2 71 0 2 7 30 8 7 2 11 9 88 5 26 9 9 4 60 5 22 7 45 6 41 5 6 7 30 2 31 3 32 9 81 7 65 5 77 9 74 8 39 9 6 9 22 8 50 9 92 2 82 9 44 
50 3 16 5 67 5 42 2 72 6 19 7 52 4 19 5 61 1 44 1 25 7 10 5 69 1 47 0 19 2 78 7 30 7 32 8 97 0 50 3 61 5 44 8 28 3 57 9 35 5 16 3 35 8 17 3 8 7 87 6 12 4 93 4 81 5 70 2 75 9 98 3 53 6 18 5 18 9 4 3 18 8 64 3 36 1 17 1 68 7 93 8 56 3 99 1 42 3 57 5 17 
50 4 81 1 95 0 39 3 97 9 28 6 52 7 44 1 33 7 97 1 57 1 10 9 60 0 61 1 80 6 42 7 82 5 5 0 84 9 5 3 33 7 70 7 52 3 26 7 51 1 30 3 48 4 94 8 100 7 85 4 5 5 3 7 8 0 19 0 18 4 35 7 26 5 6 4 29 4 99 8 96 9 99 1 44 7 56 5 9 8 85 1 97 4 96 3 58 6 42 7 65 
50 7 83 7 29 1 64 3 93 3 21 4 91 4 19 7 34 8 18 1 7 3 51 9 14 9 6 3 85 9 69 1 55 4 39 7 50 4 71 1 67 4 86 0 79 0 6 4 87 3 92 4 93 0 27 1 54 9 26 9 15 4 25 7 49 1 89 5 24 9 87 4 78 7 49 6 97 6 16 4 2 2 9 7 55 2 18 1 94 9 5 6 29 9 55 1 30 9 27 6 66 
