10 10
50 9 28 1 23 9 59 6 72 5 12 8 77 9 83 2 24 4 53 9 65 0 52 8 52 7 38 7 46 3 47 0 51 4 75 9 20 9 77 4 5 7 42 6 92 7 78 6 11 9 60 9 11 8 9 8 17 2 83 1 44 7 27 0 48 5 19 6 20 3 34 7 32 5 15 3 89 3 91 1 37 8 65 1 10 9 48 1 51 1 48 8 15 0 21 0 69 0 67 1 53 
50 6 90 3 39 1 26 3 53 8 50 6 43 9 49 0 38 3 46 2 78 1 28 2 51 1 7 6 50 5 75 3 69 6 33 4 18 4 88 4 67 7 10 8 91 5 79 9 40 1 64 7 27 3 20 2 58 5 26 6 45 2 62 0 95 9 24 9 56 1 77 5 85 1 74 8 94 0 87 5 79 7 76 9 25 7 75 9 93 0 13 5 81 7 96 6 99 5 72 1 4 
50 5 100 3 88 3 20 5 97 1 65 9 93 2 49 9 94 7 92 8 13 6 99 0 4 1 43 2 65 0 24 9 36 4 94 5 29 3 39 0 5 1 58 8 65 9 23 3 17 9 64 3 96 6 44 6 11 6 47 8 18 0 47 6 94 8 72 8 80 7 23 9 80 5 73 0 44 0 26 4 58 4 50 7 8 0 71 3 5 5 14 6 81 6 82 2 98 5 8 5 48 
50 2 5 3 51 0 58 8 74 8 73 1 86 1 88 9 14 9 81 0 53 2 86 7 71 9 44 1 81 1 73 7 88 3 21 6 76 1 25 5 75 0 21 2 71 8 23 8 65 8 34 2 80 5 74 9 4 8 43 9 83 9 36 3 65 0 74 8 23 4 85 6 33 2 56 5 62 4 98 0 52 4 27 2 29 0 55 2 24 2 92 3 47 7 58 5 11 6 77 7 95 
50 1 43 2 56 7 86 9 95 2 29 5 58 6 60 6 53 0 10 9 58 0 55 5 28 8 24 6 20 6 77 0 44 9 30 8 16 2 19 3 35 7 31 7 2 6 25 1 35 9 66 0 100 4 15 1 14 2 5 5 98 1 73 7 49 7 26 3 17 3 38 7 12 3 88 3 27 0 99 6 10 8 83 3 61 3 32 4 63 5 8 2 88 2 81 3 35 3 14 2 12 
50 3 99 8 79 2 23 6 58 5 30 7 69 5 47 3 60 3 51 8 7 8 88 4 50 7 18 9 87 2 18 5 58 5 39 3 95 9 42 4 26 9 63 9 84 8 2 4 36 9 83 7 32 6 99 2 41 4 32 3 80 1 31 1 72 8 73 5 92 2 87 5 35 9 79 6 5 2 67 1 37 4 78 5 10 4 29 2 100 7 43 3 37 5 64 2 31 2 15 5 15 
50 2 47 2 22 0 18 3 44 6 92 2 70 6 2 4 72 2 8 6 31 9 38 2 49 9 16 6 18 7 80 6 21 7 38 0 3 8 89 0 13 2 97 4 75 6 3 5 56 6 7 3 62 4 1 3 64 2 70 9 61 3 91 9 57 1 62 8 8 1 57 7 51 2 86 4 63 6 15 9 58 1 45 5 66 7 23 0 99 7 12 1 2 3 98 5 78 9 98 7 42 
50 5 53 0 84 2 17 8 94 8 88 2 16 9 28 4 39 6 55 0 22 5 63 1 18 1 84 8 2 7 12 4 18 6 53 4 53 3 84 2 36 2 76 3 67 2 67 0 16 5 16 2 19 7 26 1 25 4 73 0 66 4 12 9 38 6 77 2 21 6 43 9 96 0 5 3 93 3 62 7 18 1 39 3 15 7 96 2 60 4 80 7 75 4 27 0 67 8 66 9 92 
50 5 8 1 56 9 69 6 54 5 81 7 87 9 95 8 34 1 88 3 21 8 38 0 7 6 76 3 36 4 44 2 31 8 39 6 34 6 32 0 75 4 88 3 28 8 74 1 43 2 19 2 66 8 70 3 100 3 45 1 73 8 72 4 15 3 65 7 52 1 60 4 79 0 10 0 72 0 4 4 14 6 95 5 45 0 45 6 77 5 3 5 70 7 13 4 1 2 51 8 4 
50 7 42 6 67 0 84 4 35 5 65 8 39 8 82 7 98 2 79 8 5 1 77 7 6 7 69 8 4 0 36 4 79 3 17 8 89 7 44 1 90 3 45 9 4 9 53 8 61 4 85 7 30 4 28 9 47 4 33 8 51 6 77 6 78 3 30 9 45 5 18 9 29 7 50 9 50 8 30 8 88 5 88 9 13 1 58 5 93 8 92 6 80 2 28 8 34 3 40 4 40 
