10 10
50 1 34 6 2 4 32 5 92 6 45 0 64 3 16 9 39 1 81 5 16 1 53 1 95 1 79 0 80 5 21 9 70 7 29 0 15 6 82 0 96 0 50 9 6 2 82 6 24 0 84 1 19 7 41 3 85 2 96 9 85 3 75 7 82 2 26 3 35 1 60 3 23 1 66 7 45 2 8 9 64 3 69 7 26 9 12 6 11 5 92 1 45 3 91 8 83 3 18 1 51 
50 1 22 3 3 0 44 7 57 1 30 9 100 8 64 8 85 3 42 7 55 1 75 4 100 6 94 7 99 2 24 5 73 8 89 5 68 5 61 6 7 4 37 0 77 9 90 5 88 0 67 4 89 7 39 3 63 0 28 8 5 9 70 6 16 4 44 1 50 3 35 6 99 7 26 6 8 8 86 7 25 1 60 5 3 2 69 2 44 6 11 9 44 1 35 1 35 2 7 6 61 
50 5 53 1 55 9 60 9 96 8 86 2 84 4 19 5 37 7 47 3 92 5 33 0 67 1 65 4 72 8 20 5 81 6 43 2 31 5 87 6 61 0 43 0 38 1 20 9 64 3 60 4 6 9 15 4 57 1 30 2 77 8 99 5 8 4 22 3 89 1 87 7 11 4 6 6 96 6 19 5 5 9 23 4 57 1 79 8 50 5 48 7 85 2 12 3 65 8 28 5 6 
50 6 81 2 30 3 82 4 13 7 8 0 3 8 59 9 42 4 62 9 6 6 89 5 94 9 30 0 69 3 37 9 93 9 76 7 95 2 29 0 59 3 14 9 22 2 76 2 30 7 70 7 96 3 61 8 42 4 47 7 15 4 82 8 22 4 69 9 87 5 47 6 62 2 100 9 11 8 26 8 80 6 75 1 14 2 47 0 26 7 90 0 75 7 48 6 86 2 97 9 27 
50 1 96 5 10 2 36 2 23 5 54 3 76 3 21 7 53 2 78 8 23 0 81 7 51 8 11 6 40 1 33 1 96 1 69 4 32 7 34 8 23 6 28 8 82 0 77 2 76 8 25 7 18 6 64 7 71 2 10 6 5 3 97 0 8 3 98 7 45 0 17 2 43 1 79 3 15 8 58 1 32 6 32 9 67 7 73 0 3 5 73 8 78 3 17 3 1 5 26 6 12 
50 5 88 2 77 9 78 7 96 0 30 7 37 3 82 8 26 4 42 2 52 6 37 6 39 0 7 3 89 8 79 8 99 1 29 6 80 9 46 3 7 6 19 1 56 5 13 6 66 9 99 2 47 1 38 8 1 1 97 6 61 1 3 8 40 7 64 5 87 5 100 2 83 1 38 3 75 6 15 4 34 9 84 0 18 9 43 7 97 3 19 2 52 2 21 8 19 5 35 3 3 
50 9 51 1 8 2 1 7 49 9 28 9 77 2 50 6 11 2 28 8 25 6 42 2 58 8 93 7 54 8 97 7 92 2 76 2 59 7 24 5 5 3 95 7 14 3 17 1 30 5 75 6 11 0 72 1 97 4 27 1 12 2 78 9 93 9 53 0 91 5 80 5 26 2 86 6 40 1 53 7 59 6 99 1 82 9 7 6 45 3 64 3 32 8 81 2 82 1 50 3 12 
50 7 82 9 36 6 61 4 84 4 28 8 17 3 22 5 94 9 100 2 74 7 35 4 66 5 16 4 42 5 77 3 39 6 69 2 61 8 31 5 87 3 87 7 69 2 12 2 44 2 59 6 7 0 53 0 5 2 65 0 54 4 84 0 67 9 33 3 71 2 37 0 21 3 71 9 90 9 41 6 28 0 8 3 39 7 40 5 38 3 50 0 3 8 91 2 53 0 39 9 28 
50 1 52 2 70 4 52 0 34 8 3 0 30 3 97 6 56 3 3 5 63 8 73 5 38 1 22 2 87 7 16 3 64 3 59 5 82 5 20 0 58 8 64 4 3 4 9 8 85 2 3 2 2 6 29 7 1 3 47 4 73 4 80 7 56 0 36 2 49 3 100 3 14 4 15 0 15 3 99 4 70 8 41 8 80 6 96 5 76 8 82 5 41 4 50 0 77 3 65 6 97 
50 3 82 5 6 9 16 0 31 5 83 5 47 2 16 6 46 9 24 0 23 6 60 5 29 0 16 3 28 2 59 2 59 6 72 1 14 1 36 8 76 9 47 3 33 7 16 4 77 0 98 0 52 8 86 3 63 4 48 7 7 2 55 0 98 2 27 8 26 0 4 3 68 2 82 1 27 7 53 8 56 9 3 7 80 2 64 9 47 2 38 4 56 8 54 2 4 6 85 7 77 
