10 10
50 0 86 6 45 8 47 4 14 8 40 2 8 2 20 8 32 5 26 8 88 1 53 6 7 9 30 6 66 9 23 7 96 7 21 1 15 3 30 4 18 6 92 8 91 0 78 5 24 7 64 3 15 2 75 3 49 4 81 6 8 1 74 2 9 4 50 4 72 9 44 6 36 6 28 3 13 9 19 5 62 7 13 3 48 4 94 0 84 7 53 1 54 7 97 1 62 8 65 2 47 
50 9 1 5 13 8 87 4 87 1 32 1 8 8 49 3 95 0 8 0 39 3 48 6 8 7 45 9 35 7 71 9 10 0 93 7 63 7 17 4 54 3 43 1 6 7 96 1 11 9 79 7 99 4 48 3 15 8 26 5 49 0 19 2 98 0 72 0 80 0 95 3 63 9 52 2 17 7 3 6 11 9 88 1 68 6 31 0 4 5 50 5 79 6 10 9 25 4 96 9 50 
50 4 6 2 92 8 7 8 50 0 19 0 38 8 81 4 49 7 75 4 15 2 74 8 41 4 36 3 50 4 20 9 28 2 80 6 12 9 16 6 97 6 80 6 86 1 41 6 100 1 64 7 30 9 19 1 18 7 21 4 77 8 3 6 85 1 70 8 39 2 31 3 77 1 84 1 9 6 59 5 21 8 21 2 36 1 14 8 21 1 32 6 42 4 3 0 5 8 26 1 71 
50 6 48 6 20 2 90 5 91 9 32 9 72 8 11 5 73 0 29 1 83 1 91 8 5 7 16 1 55 2 75 1 21 1 9 4 86 1 91 7 52 8 72 6 87 6 45 0 82 5 41 0 47 7 30 7 55 7 52 3 90 4 100 4 23 5 90 0 48 3 57 4 74 5 41 0 76 1 16 8 4 7 39 6 28 7 26 4 95 2 47 0 2 0 28 9 33 1 32 3 56 
50 3 45 0 81 1 67 4 1 4 91 3 14 2 85 2 24 1 89 8 8 7 84 9 4 8 26 7 25 0 92 7 44 4 17 8 49 3 44 0 56 0 16 6 32 0 80 8 85 0 10 8 52 8 97 0 84 3 43 0 69 5 30 6 78 1 35 7 89 0 5 8 30 7 64 8 24 8 81 7 4 9 88 1 20 6 93 9 43 2 40 8 9 3 59 6 32 1 58 4 45 
50 0 93 0 26 4 24 0 34 7 71 4 38 7 51 2 16 7 20 5 74 3 74 2 89 1 98 9 20 5 50 3 21 4 61 6 23 9 39 7 56 1 23 6 55 5 17 3 38 9 27 9 34 4 8 0 3 9 49 3 43 3 49 3 4 4 41 3 14 1 8 2 21 9 83 0 100 7 87 9 24 4 68 6 66 7 23 1 25 7 60 3 46 5 46 5 75 8 43 8 60 
50 2 83 9 42 7 97 8 1 6 94 5 69 8 14 7 59 6 46 6 59 5 29 2 91 1 58 2 49 1 1 9 49 7 69 1 49 2 21 4 10 2 74 6 38 9 41 9 63 0 22 2 45 3 56 5 20 3 71 3 9 8 17 0 52 9 28 0 6 4 32 9 27 7 72 6 84 4 64 5 7 5 71 2 23 8 44 0 17 9 1 5 57 0 76 8 28 1 31 0 5 
50 2 95 3 20 4 73 6 88 3 76 1 63 7 79 4 22 9 90 7 96 0 10 3 69 5 69 3 83 2 19 7 20 3 83 1 31 7 76 6 93 6 98 0 85 7 30 8 36 5 18 0 48 4 63 0 47 1 62 4 83 4 1 4 57 0 23 0 89 2 28 3 96 0 76 9 39 0 55 7 70 5 4 1 32 6 80 0 45 6 26 0 82 3 25 0 13 5 23 6 42 
50 3 79 5 81 2 9 3 84 0 83 1 33 7 18 2 37 1 57 3 48 1 80 6 45 8 30 0 50 9 18 2 62 3 5 1 44 1 21 1 16 0 42 6 93 1 47 1 98 9 85 9 29 0 3 2 45 5 8 9 59 9 100 3 78 2 47 6 87 0 35 6 46 4 35 8 90 1 21 3 79 2 35 9 77 7 1 9 89 4 95 7 78 4 19 7 83 0 7 3 10 
50 8 68 4 40 0 57 1 26 8 83 0 60 1 66 0 9 5 59 0 49 4 100 5 97 4 41 9 83 4 11 0 4 1 98 3 65 4 67 8 4 9 20 1 63 1 14 5 32 9 61 9 19 2 15 5 28 5 12 2 3 4 17 1 35 7 46 2 21 7 12 8 12 0 51 9 8 1 61 3 49 9 12 1 21 8 49 2 70 4 92 2 35 2 100 2 87 3 57 9 62 
