10 10
50 6 33 0 50 2 32 3 20 5 50 7 23 5 24 0 35 0 92 5 40 4 91 0 10 4 60 6 50 3 92 7 38 8 88 6 50 2 2 5 59 8 83 5 38 9 60 5 97 3 65 2 44 9 1 0 82 1 21 7 57 3 52 2 21 2 16 6 100 9 88 5 25 7 79 2 26 1 47 3 27 2 82 4 37 8 52 9 94 5 54 9 48 5 1 9 61 3 95 0 85 
50 5 15 6 6 2 96 3 71 2 81 7 45 6 1 6 16 9 10 0 19 2 51 1 50 4 30 0 79 2 37 3 38 4 2 1 81 2 91 6 70 3 44 8 48 5 41 1 18 0 55 5 68 1 44 7 51 1 63 7 69 6 59 0 62 3 39 2 9 6 14 4 60 7 91 9 99 9 74 7 10 5 28 9 3 7 16 6 61 7 7 6 79 2 81 2 26 6 56 4 23 
50 6 20 3 89 0 99 1 8 0 89 1 88 7 17 2 45 4 37 4 12 8 13 8 13 5 66 1 15 4 30 3 54 3 39 5 99 4 58 7 1 7 63 5 72 2 34 9 8 3 11 8 10 5 6 0 74 3 22 7 40 8 95 8 46 1 65 7 20 9 59 3 17 3 50 6 92 2 10 9 91 6 29 4 32 0 54 2 58 0 97 4 84 3 50 6 97 1 5 0 84 
50 4 41 2 11 2 48 5 93 3 79 7 15 2 13 9 76 9 100 9 90 4 57 5 11 7 49 6 79 8 58 1 86 3 35 2 8 4 41 5 40 0 19 0 57 5 45 4 97 8 84 7 86 1 73 6 68 2 52 9 58 8 19 4 20 8 47 4 54 0 14 0 22 2 82 1 46 2 92 4 15 4 63 4 64 2 67 5 92 6 14 5 75 0 30 3 68 9 1 5 98 
50 1 88 0 63 6 4 0 68 7 77 0 92 9 39 8 12 8 67 9 14 2 36 7 76 1 1 7 1 0 29 1 26 7 63 5 22 5 43 1 51 1 62 1 48 5 97 7 67 6 56 7 60 7 70 0 73 9 59 7 53 1 87 6 11 0 65 0 70 5 8 0 27 8 78 9 6 2 14 4 93 2 16 0 13 9 66 8 25 1 65 8 65 6 7 6 4 4 30 1 33 
50 9 83 5 24 7 84 8 8 1 87 2 3 8 20 2 51 6 20 9 76 1 46 9 4 4 52 1 53 6 11 2 16 5 67 9 21 6 54 1 91 9 77 2 61 8 34 7 49 5 100 0 14 8 1 7 88 1 40 3 38 4 35 2 41 9 11 5 7 4 37 0 15 0 28 8 41 3 2 8 38 2 54 6 18 0 70 7 28 7 15 5 53 6 12 0 26 2 70 5 34 
50 1 84 4 74 9 3 8 89 7 85 9 10 5 65 2 35 6 56 9 73 0 95 8 4 9 9 0 74 6 24 8 91 8 8 2 92 9 93 5 86 7 92 9 11 4 1 6 97 4 53 6 2 1 33 3 42 1 35 8 4 6 12 8 89 5 32 5 40 5 31 7 56 0 43 6 63 9 10 5 92 5 64 1 45 5 75 7 78 1 80 5 86 9 38 0 15 0 99 1 17 
50 2 10 1 84 1 24 6 93 0 54 1 76 6 92 1 64 0 95 4 54 6 91 6 76 0 67 3 64 4 48 7 63 2 12 1 98 0 73 5 17 1 7 6 99 8 29 1 18 0 39 1 81 9 65 7 34 8 31 8 40 3 14 7 7 6 51 6 11 0 31 9 26 2 74 4 21 2 11 8 22 9 3 1 57 8 4 6 89 7 81 5 32 2 59 6 61 5 62 6 64 
50 6 91 3 65 6 62 7 92 3 33 7 61 5 71 4 60 4 86 4 98 6 41 8 88 6 100 2 62 5 66 0 71 5 90 6 77 9 54 6 38 7 94 3 93 5 70 8 99 9 27 8 84 9 80 7 54 9 11 7 6 8 97 7 65 5 2 1 85 4 86 7 71 7 22 3 3 4 46 7 7 1 89 9 74 8 28 9 16 2 96 6 61 1 5 7 10 6 74 1 78 
50 5 67 3 23 8 32 6 48 5 56 7 68 4 85 1 4 9 74 4 31 1 4 4 2 0 94 7 86 6 18 9 55 1 35 9 1 5 65 1 21 8 32 8 98 3 58 1 11 9 85 6 6 9 38 8 63 8 8 8 27 0 17 5 71 6 3 4 84 5 10 1 60 2 97 8 62 8 75 5 12 3 2 0 50 5 61 3 50 7 9 3 2 0 33 6 70 2 28 4 32 
