10 10
50 6 98 2 56 4 10 7 66 7 2 2 85 9 2 6 3 5 46 9 26 2 29 6 8 2 20 0 4 8 39 3 90 9 53 5 6 5 35 6 9 9 13 7 23 4 60 2 54 2 5 8 95 9 42 5 31 4 39 9 98 2 82 0 90 6 39 9 20 7 49 2 65 5 31 0 55 8 27 5 3 3 56 2 94 0 66 7 1 9 77 0 79 8 44 1 47 0 33 1 83 
50 0 88 6 66 2 52 2 90 8 20 0 48 6 14 4 64 1 57 2 69 9 42 6 36 3 10 3 33 4 3 7 18 7 35 8 78 7 23 2 91 6 83 2 82 4 11 6 94 4 29 1 89 7 68 8 68 9 76 5 92 8 5 7 48 6 84 4 81 6 9 8 84 6 72 6 69 3 41 3 100 3 54 9 17 7 62 0 22 4 84 3 9 0 45 7 100 3 35 1 70 
50 5 39 8 69 6 66 0 98 7 7 1 2 1 17 2 14 3 11 6 66 7 78 7 77 1 8 2 77 5 35 7 55 4 65 1 55 3 30 9 80 3 59 7 50 0 94 3 56 1 23 9 99 4 20 5 95 5 64 3 56 9 64 5 50 1 80 6 44 2 25 0 70 1 81 3 39 2 16 4 89 7 47 9 31 4 92 3 78 3 64 5 72 2 66 2 99 4 87 5 95 
50 8 33 9 34 4 20 5 59 8 39 9 2 4 98 4 36 3 5 6 69 4 41 0 42 4 55 5 85 7 13 2 58 9 13 1 86 8 55 4 72 7 70 8 74 3 53 9 90 1 51 0 46 1 56 2 26 1 81 9 87 3 60 4 43 9 57 0 96 7 92 1 54 5 71 6 100 3 21 5 50 5 25 8 21 1 63 6 88 6 49 6 82 4 71 0 100 7 42 3 36 
50 1 85 0 99 9 89 6 31 3 24 4 10 7 54 4 43 4 77 7 99 9 18 5 79 6 73 1 74 4 67 3 83 8 18 7 70 9 39 0 66 3 18 5 32 2 42 8 20 3 47 2 53 6 11 3 83 8 45 7 66 9 22 7 33 9 29 2 86 7 95 0 66 8 50 8 33 4 90 2 17 0 36 2 74 2 69 2 97 0 72 4 8 3 7 0 75 7 49 4 38 
50 0 33 9 46 4 40 5 15 2 61 9 54 0 100 0 52 7 17 0 73 5 68 7 100 4 49 1 25 2 94 6 14 8 3 2 79 4 16 9 2 5 49 8 89 4 49 3 47 7 5 8 38 5 33 2 10 2 29 8 26 4 18 7 33 5 80 0 46 6 40 5 7 3 49 6 49 6 91 0 38 3 10 2 52 7 33 4 26 3 12 9 49 8 84 8 17 3 53 3 50 
50 4 73 4 100 6 99 5 5 5 49 7 47 3 33 7 58 3 69 7 23 3 79 9 45 8 74 3 72 3 74 5 81 1 2 1 24 5 39 8 3 6 87 0 60 3 83 7 84 6 68 2 66 0 78 1 82 6 76 9 45 7 77 6 86 1 92 2 80 6 2 3 80 5 2 7 18 1 1 7 30 6 24 1 92 8 92 6 30 4 47 8 95 9 96 8 23 1 92 4 40 
50 0 74 6 24 0 88 9 39 1 68 7 49 8 7 1 46 9 81 8 14 8 31 6 11 5 35 8 40 4 10 6 86 8 30 2 36 6 11 8 17 6 97 2 34 6 42 0 79 0 100 1 77 7 88 0 65 7 33 0 94 7 87 8 100 8 6 2 100 9 16 9 58 1 89 2 76 2 62 2 79 1 97 0 58 0 93 7 17 4 77 8 46 4 1 2 42 3 99 9 44 
50 6 13 4 20 4 58 1 30 1 72 7 4 5 72 6 92 6 13 4 94 9 53 1 77 6 20 6 71 5 45 0 63 2 53 5 11 5 45 3 49 3 76 9 26 3 16 8 52 5 15 3 21 3 40 3 57 4 6 7 42 0 72 0 86 4 31 4 36 7 16 9 25 8 69 3 48 5 73 0 72 4 72 2 36 5 56 2 80 1 74 8 66 9 66 9 52 6 51 4 2 
50 8 41 5 19 6 32 4 5 5 5 4 1 9 100 3 49 8 64 6 50 4 94 5 97 3 2 3 86 2 25 5 39 8 37 8 65 3 4 0 97 6 83 0 4 7 96 8 71 8 80 8 47 6 70 0 11 7 44 9 58 8 22 0 77 8 89 9 10 1 56 9 98 8 57 8 71 7 87 1 91 3 35 7 37 5 41 8 7 1 16 6 64 7 45 6 54 6 95 7 34 
