10 10
50 2 66 1 88 5 84 7 47 0 28 5 70 9 15 2 19 4 21 9 32 5 18 7 56 3 69 8 72 5 99 2 1 1 19 1 3 5 78 9 4 3 68 6 76 9 16 8 48 7 33 4 46 5 97 7 4 3 57 8 6 3 47 7 88 2 30 3 47 9 49 1 80 2 59 6 81 9 12 5 17 2 68 8 17 6 49 7 25 5 2 2 20 3 33 0 51 5 87 0 29 
50 3 48 7 67 9 20 0 31 0 80 5 12 1 5 2 30 5 36 1 55 5 61 0 23 3 39 0 3 5 95 6 56 0 51 5 84 6 62 6 47 5 82 5 24 7 70 3 76 9 26 9 33 9 18 1 73 2 88 6 53 1 30 3 80 2 72 1 68 3 81 1 68 3 60 5 60 2 30 1 6 5 72 0 42 6 6 5 13 7 19 8 42 6 4 6 88 0 79 8 71 
50 6 22 4 15 6 33 7 79 2 46 2 83 0 23 6 58 4 98 4 100 2 56 4 29 3 50 7 13 3 48 1 47 4 52 1 37 7 22 1 6 4 11 4 37 4 73 7 29 0 50 9 55 8 14 0 99 8 63 6 29 9 50 9 49 8 77 7 54 3 67 8 96 0 54 9 94 3 98 1 75 1 30 4 21 7 58 8 7 6 59 6 51 3 21 6 72 4 29 3 52 
50 4 81 1 9 3 87 1 85 4 3 7 3 2 85 4 38 4 98 3 53 5 81 9 20 8 79 2 24 6 99 4 61 3 93 3 32 0 26 1 56 1 29 6 43 2 61 0 88 5 48 2 21 7 47 6 56 6 98 7 64 6 7 4 33 3 81 4 35 2 27 2 68 3 74 3 71 6 67 8 32 5 80 0 63 6 86 6 29 0 12 2 35 8 88 2 13 6 22 7 17 
50 1 67 7 91 1 41 5 32 1 25 3 94 1 85 2 85 5 98 6 66 4 54 6 46 4 91 9 25 3 88 3 58 7 82 4 44 6 14 9 58 4 88 7 32 0 82 8 83 9 31 2 10 0 9 0 64 2 5 5 38 2 76 4 39 0 47 4 30 9 16 4 52 6 90 1 74 9 12 2 28 0 6 7 35 9 76 3 16 3 82 7 48 4 23 5 22 5 14 1 20 
50 1 32 4 99 8 93 4 1 3 5 5 60 6 61 7 93 6 11 3 71 5 53 5 19 9 6 5 89 9 8 0 39 8 36 8 27 5 51 0 20 5 13 6 38 6 35 9 17 9 26 1 38 4 13 7 44 3 16 0 93 6 58 2 23 7 75 7 10 1 90 1 51 2 59 3 11 4 49 7 99 2 84 7 45 3 3 4 16 2 71 5 80 4 28 6 37 9 34 5 54 
50 4 67 8 5 8 98 9 14 1 81 2 95 8 20 8 6 0 71 7 62 4 74 7 78 6 78 9 7 4 63 0 94 2 48 2 98 9 85 8 65 1 66 4 52 3 79 2 18 5 72 6 63 6 29 8 88 2 16 5 59 2 17 4 86 2 43 3 10 9 94 6 22 1 96 6 81 0 80 6 9 9 42 7 62 2 31 7 87 8 1 1 37 3 68 0 68 3 14 8 57 
50 0 66 7 7 8 82 8 7 5 86 3 80 7 24 9 12 4 3 5 92 4 15 4 53 7 16 2 46 0 43 0 79 8 14 5 53 3 11 4 42 8 35 3 64 4 28 9 70 0 12 5 91 8 20 2 54 6 98 1 60 8 16 9 79 8 2 6 90 8 48 5 34 7 89 5 67 9 3 9 73 1 70 2 100 8 87 6 17 0 36 6 28 3 76 3 85 9 1 5 78 
50 5 27 6 16 8 88 9 55 1 20 7 68 0 56 9 65 5 35 4 30 1 32 5 26 1 42 4 90 0 73 3 89 7 85 4 62 8 72 5 37 8 66 5 77 6 31 6 56 6 20 5 72 2 3 3 74 9 44 7 73 6 12 0 18 9 11 4 33 5 1 5 77 8 72 4 63 7 18 3 18 0 40 6 20 4 68 0 19 5 62 6 67 1 19 5 85 0 61 1 2 
50 1 83 6 93 6 68 2 53 3 31 5 26 4 40 1 89 1 53 1 83 3 94 1 57 2 19 6 5 4 33 0 83 5 34 8 50 4 41 0 61 0 68 2 75 9 85 8 51 4 82 3 64 9 9 1 28 7 39 4 41 1 7 2 14 5 76 4 30 0 4 8 88 6 85 8 3 8 90 3 43 4 56 8 53 5 75 5 20 3 28 0 63 9 78 2 30 5 51 9 90 
