10 10
50 2 99 0 51 8 4 1 49 0 12 5 31 4 47 2 98 8 69 8 59 9 84 5 2 0 82 2 5 1 90 1 19 0 98 0 38 5 72 6 3 0 67 6 41 3 100 3 95 6 64 4 66 7 89 8 4 3 19 0 19 8 65 0 80 2 28 8 86 5 89 7 31 2 24 4 21 1 66 4 28 5 41 0 90 7 15 3 92 8 67 5 90 5 53 9 20 6 23 9 89 
50 5 100 2 24 0 13 7 18 3 56 2 67 7 24 5 95 9 53 7 1 9 99 8 17 3 62 2 28 9 52 0 1 4 89 7 92 6 88 2 93 8 77 3 63 8 72 5 4 1 9 2 7 3 91 5 17 9 94 4 90 6 5 0 86 2 100 0 72 6 56 0 61 9 14 0 88 9 56 9 2 7 14 6 21 9 62 8 35 6 58 4 32 4 88 8 63 6 35 3 40 
50 2 88 1 58 9 90 9 21 2 76 7 1 7 81 9 3 5 34 4 9 4 4 0 65 0 3 0 61 0 85 0 96 2 36 4 50 0 52 0 86 9 33 1 67 5 63 5 54 1 19 4 14 9 39 0 63 7 74 0 88 3 65 7 73 9 23 9 81 8 44 3 39 5 27 2 67 2 71 5 14 0 12 6 29 6 66 0 23 8 96 4 14 9 26 8 34 2 93 5 3 
50 2 62 5 89 8 35 5 82 1 27 1 68 1 74 8 52 5 13 1 67 7 9 0 82 1 46 8 35 8 86 9 86 1 60 3 10 0 84 2 83 2 63 6 88 8 49 4 24 7 92 7 68 1 30 5 85 3 78 7 1 8 18 6 46 0 71 5 81 4 70 6 30 3 27 4 19 7 33 3 3 2 27 6 38 8 29 1 93 0 14 4 43 7 34 1 78 3 70 8 52 
50 2 48 1 71 0 79 7 27 2 82 0 66 5 8 7 94 7 92 1 64 7 86 8 81 0 23 2 65 3 55 4 70 5 41 4 3 0 84 6 73 3 41 0 45 1 88 2 4 1 34 3 95 8 33 9 94 4 23 5 19 9 79 8 91 7 73 6 4 9 33 5 34 1 65 5 60 8 87 9 59 9 66 7 9 5 84 5 70 4 31 4 66 1 22 4 81 3 97 6 8 
50 3 30 0 96 0 95 1 60 5 5 7 90 0 74 9 34 5 73 1 13 6 2 8 69 5 11 4 79 9 94 3 21 8 42 6 35 4 90 8 47 1 69 3 4 7 79 1 35 0 87 9 69 2 58 7 51 5 34 2 29 4 49 3 14 7 36 1 94 2 69 5 61 6 2 3 80 4 1 0 94 7 15 8 12 0 61 9 77 3 79 6 84 5 40 3 99 0 47 4 40 
50 2 100 4 9 2 100 6 78 3 6 8 84 4 34 6 92 9 95 4 24 3 89 3 27 6 94 7 47 5 49 7 12 6 29 3 28 0 47 5 100 9 99 8 96 4 4 0 25 0 85 3 90 9 93 4 44 1 22 5 2 7 91 8 2 5 13 5 28 9 89 5 46 6 77 3 88 0 97 0 9 0 15 0 23 4 72 8 29 8 95 4 100 8 91 5 2 0 61 2 29 
50 0 34 7 10 3 88 4 37 1 5 4 30 6 95 9 8 4 29 8 86 4 20 8 49 8 73 5 54 2 90 6 17 7 44 9 54 1 50 7 52 0 81 8 74 9 8 2 35 4 17 7 36 1 31 9 60 9 83 2 14 8 40 0 88 3 95 1 22 1 46 5 91 2 38 5 38 0 4 2 30 4 7 0 21 6 9 3 2 0 59 7 76 0 21 1 42 1 69 9 32 
50 8 84 5 7 1 18 0 39 7 43 0 47 3 49 6 51 3 41 6 44 5 79 1 59 6 56 8 2 8 55 7 30 6 83 3 52 3 94 2 40 8 11 9 82 5 59 2 33 3 89 3 44 0 75 2 55 8 97 0 17 4 47 2 54 6 96 8 75 5 68 9 5 1 94 8 82 0 64 3 76 6 98 8 63 4 40 8 58 3 85 3 3 2 58 1 16 8 32 8 99 
50 9 86 2 52 6 72 3 70 3 57 4 90 4 12 6 10 9 94 7 23 5 100 7 54 0 15 2 12 4 97 2 96 9 5 1 69 5 47 0 82 9 85 4 30 8 96 8 36 4 53 1 63 1 2 6 43 0 97 6 9 0 59 7 59 3 68 4 94 6 37 1 16 4 90 4 5 5 64 5 69 9 81 6 98 9 62 6 23 7 72 4 36 8 16 0 32 4 40 1 75 
