10 10
50 8 3 1 2 3 32 9 13 3 42 2 17 0 80 2 79 0 80 3 67 0 73 3 14 2 50 6 100 3 86 2 92 5 41 9 58 2 23 4 64 9 43 4 68 1 61 2 14 4 51 8 73 1 82 6 63 2 98 1 45 1 95 5 29 9 41 6 23 5 65 0 92 9 73 6 36 3 17 6 31 8 71 5 11 4 88 6 27 1 78 7 81 5 93 1 53 5 18 3 79 
50 0 79 5 64 7 56 0 20 9 15 4 76 6 38 5 41 3 39 7 67 3 34 8 29 9 74 2 94 0 32 4 29 4 2 6 90 9 40 7 6 9 100 2 53 1 15 1 16 5 99 9 2 7 23 0 50 2 35 2 54 9 10 5 11 7 21 1 43 1 87 7 76 4 86 6 5 8 68 5 13 8 30 1 63 9 84 5 19 4 49 8 94 7 69 3 40 4 93 6 48 
50 1 94 8 9 0 41 1 2 6 63 3 34 4 63 8 36 0 99 4 49 5 52 9 59 9 6 3 88 9 56 2 93 5 54 0 29 1 40 9 87 6 78 5 23 3 6 8 21 0 80 5 49 1 57 1 17 9 55 7 74 9 39 7 88 0 99 6 92 7 95 3 94 3 57 1 68 8 66 7 81 1 56 9 50 4 53 7 18 4 72 7 20 2 38 5 18 7 30 7 74 
50 1 76 3 12 4 64 5 59 6 73 6 79 9 23 4 97 1 7 8 40 1 66 3 79 3 22 7 12 3 71 1 78 0 90 8 37 9 28 2 40 4 62 0 69 5 15 6 75 3 76 0 37 8 68 6 41 5 14 4 44 6 89 6 14 2 43 7 1 4 28 3 99 7 60 3 6 5 48 6 27 3 75 6 47 2 50 2 25 0 52 4 100 4 26 8 61 3 19 6 96 
50 2 5 7 9 2 89 2 60 3 21 6 2 8 65 3 76 9 88 0 46 6 16 6 5 5 22 9 60 8 44 7 66 3 66 1 63 9 100 9 52 8 23 7 92 3 73 8 53 6 100 0 16 4 54 3 5 5 5 4 51 7 71 2 67 8 5 5 6 3 43 1 9 5 9 4 43 7 63 1 72 9 77 4 46 9 73 3 44 4 79 1 86 7 74 4 29 3 88 9 95 
50 1 12 4 40 1 9 7 61 9 13 8 54 7 79 7 92 0 90 8 88 3 84 4 3 8 54 2 43 4 75 9 79 9 77 5 63 0 86 6 22 6 83 2 61 5 9 8 46 0 34 7 50 9 78 4 8 5 32 8 84 2 16 6 27 8 38 2 28 2 94 5 26 3 45 1 20 8 91 5 94 7 78 5 84 1 12 9 44 9 30 7 39 4 76 0 79 3 39 3 63 
50 0 39 1 90 0 16 5 71 2 23 1 65 7 90 2 15 7 25 9 68 0 20 8 19 8 62 4 100 3 68 0 93 3 76 9 97 3 93 3 47 2 99 7 44 1 59 2 84 1 76 8 10 6 73 3 28 0 53 8 36 8 74 9 76 7 52 8 8 8 90 4 44 8 29 9 52 3 70 0 58 8 88 8 78 8 65 6 12 3 10 1 36 5 50 4 73 2 98 2 23 
50 8 34 5 25 7 83 9 25 4 48 6 89 0 44 3 42 8 15 8 22 6 56 5 62 2 20 1 14 5 78 1 72 7 19 3 68 2 28 9 30 4 70 8 72 9 38 1 69 6 3 6 80 5 73 6 47 8 52 9 23 5 100 7 56 3 1 2 90 3 77 8 22 6 82 2 69 0 42 9 42 6 1 9 3 9 33 1 76 6 49 6 69 3 85 6 42 5 42 6 71 
50 7 83 1 10 3 36 9 29 5 100 9 20 4 8 5 99 9 19 8 44 1 83 3 79 5 62 8 95 2 27 3 5 2 85 1 47 0 82 3 12 6 43 8 36 4 59 5 54 9 49 9 35 1 67 0 2 0 73 3 73 0 56 2 28 2 25 0 69 5 42 1 2 6 72 6 74 3 84 0 16 1 49 9 16 9 54 7 35 2 62 6 75 6 70 7 84 0 11 5 47 
50 5 24 9 90 4 8 4 74 7 11 1 66 0 93 3 1 4 58 6 46 4 91 3 12 1 8 9 15 1 32 1 60 6 92 1 25 2 78 1 25 8 15 8 11 6 2 2 46 0 85 4 14 8 1 2 79 9 62 8 41 7 14 2 22 7 91 2 99 6 83 2 50 8 42 8 53 5 78 1 51 0 38 4 38 0 69 8 15 9 89 3 52 0 7 9 33 2 89 5 48 
