10 10
50 0 60 2 65 5 32 1 58 4 72 4 74 7 66 5 4 7 69 1 1 0 54 7 90 6 72 8 89 6 64 0 98 3 100 9 27 9 17 8 93 6 65 5 13 5 18 5 52 5 51 5 71 8 95 2 94 6 38 5 56 9 4 3 1 6 75 3 9 0 54 1 94 5 7 9 50 3 36 3 30 1 38 3 48 1 10 4 81 5 61 6 94 1 58 9 74 8 86 0 45 
50 6 15 9 34 9 27 5 5 0 56 6 7 1 85 1 8 6 100 5 70 9 58 9 94 8 62 2 65 1 81 9 45 4 82 8 41 8 16 7 60 9 92 2 19 3 40 7 18 8 9 0 14 5 25 7 39 3 36 3 19 8 45 7 21 0 31 7 38 2 43 0 49 2 36 8 75 9 97 9 1 1 87 1 37 0 92 8 37 5 58 0 64 2 52 2 4 8 11 7 42 
50 9 9 5 34 6 15 2 78 6 10 1 34 5 62 6 56 1 92 1 13 0 87 7 65 9 100 1 85 1 65 2 95 0 68 2 68 5 40 1 11 3 48 0 62 2 22 9 9 9 75 4 10 0 25 4 54 1 25 4 82 5 60 4 14 7 98 3 7 0 1 2 78 6 30 2 35 4 56 9 67 9 31 5 83 8 58 4 44 9 72 7 76 1 55 1 40 4 24 7 93 
50 5 28 9 28 5 68 4 81 2 87 5 14 3 84 8 56 2 50 8 44 2 96 8 41 5 81 1 42 4 12 4 81 5 65 8 29 8 60 6 84 5 12 2 88 3 12 8 60 2 10 2 37 3 44 7 39 3 70 4 44 2 71 4 37 4 35 2 32 6 2 6 75 6 6 4 65 7 96 4 80 5 44 8 36 6 61 5 19 9 29 5 6 0 43 0 62 0 91 4 93 
50 3 72 8 6 6 89 7 42 1 21 4 89 6 58 0 36 8 87 5 62 7 57 3 40 3 73 6 58 9 70 2 28 2 43 8 60 7 86 0 24 4 35 3 71 6 75 0 83 6 59 0 24 6 99 2 84 6 80 7 13 1 82 1 93 2 68 7 41 3 45 2 60 8 17 9 63 8 36 0 53 5 57 6 27 4 94 2 78 7 92 9 43 9 33 1 54 9 14 6 92 
50 8 16 8 48 3 26 9 95 7 40 9 58 4 69 0 17 4 67 2 28 3 34 6 11 4 68 9 78 3 21 7 5 4 10 2 98 8 54 4 75 7 29 3 50 9 44 3 5 4 80 7 21 6 66 2 79 1 98 8 75 3 25 6 100 7 71 4 28 1 34 7 26 6 66 0 31 6 55 0 67 8 43 0 54 0 69 8 47 4 17 7 76 7 17 8 95 7 88 7 19 
50 6 59 4 73 9 13 1 26 6 14 2 3 3 2 2 6 8 62 3 60 9 3 1 8 9 35 9 99 7 41 1 11 4 79 5 45 2 95 2 48 8 82 6 99 1 93 9 10 2 8 1 21 0 80 6 18 4 68 5 88 0 57 1 95 2 97 3 70 5 25 1 36 4 71 7 71 3 39 2 23 9 97 0 19 6 46 5 35 7 93 7 88 3 80 3 9 9 74 6 57 
50 7 85 2 95 2 62 9 15 9 78 2 62 1 88 9 66 5 49 0 61 8 39 2 86 3 18 6 91 9 84 8 50 8 29 8 35 7 86 2 93 6 59 0 26 5 72 1 27 0 77 9 37 8 92 2 14 5 1 5 46 0 99 3 14 6 81 7 37 5 40 0 54 3 31 3 15 7 23 6 10 7 23 9 77 1 94 5 8 1 26 4 84 5 8 3 62 8 37 7 94 
50 9 73 4 43 1 34 9 30 7 33 0 85 7 75 5 58 3 96 4 15 5 97 7 44 5 48 5 42 8 19 3 21 9 93 7 56 5 39 0 26 8 61 6 23 2 84 3 8 4 49 9 13 7 51 5 68 6 19 1 18 3 7 9 28 3 55 4 22 6 50 5 52 1 70 3 55 4 66 0 38 5 75 4 19 8 39 2 90 5 86 2 60 9 55 4 50 6 92 3 97 
50 5 9 0 54 1 96 4 44 3 13 8 63 2 1 7 95 8 89 0 39 2 76 4 75 7 89 9 37 9 69 1 26 1 70 9 15 0 71 9 68 6 21 0 54 7 12 3 35 5 65 0 69 5 72 2 52 8 42 1 1 9 87 0 94 5 41 7 84 8 8 9 73 6 22 8 59 9 51 2 38 2 31 3 55 4 57 9 61 0 49 4 56 9 10 9 27 0 82 6 64 
