10 10
50 1 24 4 28 8 17 9 76 8 87 8 30 1 20 2 12 6 55 3 14 9 84 9 12 8 38 8 96 9 59 9 12 8 28 3 85 9 12 3 55 2 28 3 9 6 11 4 43 5 20 5 61 2 62 7 35 3 52 8 91 4 93 9 41 5 22 0 52 0 79 0 66 2 87 7 91 8 72 2 83 4 50 4 10 0 85 8 87 6 100 8 38 4 25 7 49 5 32 9 62 
50 6 48 3 50 2 95 9 79 6 35 7 64 5 61 1 4 2 15 0 45 2 40 6 58 9 50 6 69 6 34 6 24 8 30 3 22 1 18 9 39 2 33 3 9 5 35 0 96 3 85 2 48 1 31 6 42 3 62 0 70 9 66 4 48 2 35 3 22 5 62 6 90 4 85 6 51 3 31 9 56 0 5 3 36 7 25 7 42 3 89 2 82 2 83 6 72 4 28 4 15 
50 5 31 7 61 2 74 3 2 8 56 6 97 3 72 1 75 2 42 7 30 4 74 5 18 8 16 1 23 7 26 4 23 3 71 3 99 3 35 8 24 3 18 5 69 4 8 5 17 2 47 8 16 9 75 3 77 5 63 5 34 6 90 0 58 3 11 2 41 3 37 8 75 8 36 2 84 1 77 3 64 5 61 3 57 7 59 9 14 6 69 2 85 4 62 0 17 7 17 5 40 
50 5 39 0 36 5 58 0 25 1 56 3 67 8 41 6 91 2 81 3 85 9 75 5 87 4 61 4 86 5 23 1 13 3 98 4 2 6 32 9 46 3 25 1 8 6 78 2 6 6 35 8 41 4 20 1 8 4 31 7 40 4 51 8 38 1 87 0 1 8 33 3 46 6 31 6 61 5 57 1 76 2 31 3 74 7 1 6 88 1 71 6 43 8 86 4 90 4 48 2 37 
50 8 76 6 73 0 31 4 10 2 51 0 65 0 99 4 64 2 20 7 57 4 51 2 7 9 81 1 32 0 10 4 77 2 48 7 3 4 30 0 94 1 85 8 48 3 78 8 73 3 88 3 99 7 85 4 88 0 13 0 57 4 79 4 85 0 19 3 60 7 47 3 10 7 99 0 25 8 77 2 56 2 80 3 79 4 77 2 33 9 94 8 7 1 97 0 9 3 86 5 51 
50 9 76 0 16 2 95 6 90 9 83 0 15 8 1 7 79 7 53 5 67 9 12 2 64 0 100 3 75 4 44 9 73 9 76 9 73 5 58 1 36 8 55 4 34 8 23 9 61 9 16 0 51 8 27 8 93 0 67 6 26 2 17 0 18 9 57 4 14 7 14 9 4 4 19 9 97 1 70 5 47 5 16 1 74 3 75 4 91 2 39 9 76 1 56 4 97 1 95 9 31 
50 5 72 3 87 9 84 4 27 8 81 4 5 8 33 7 47 4 7 2 73 7 32 9 56 9 30 9 86 6 75 5 14 8 85 8 40 3 56 5 54 3 12 3 57 5 89 8 31 8 25 0 28 5 44 9 45 1 42 2 80 5 60 2 96 5 9 7 14 9 86 5 57 2 43 3 58 0 66 3 36 1 79 0 8 4 96 1 24 0 60 1 58 4 39 8 50 4 22 7 15 
50 0 87 7 5 2 40 8 83 3 6 6 31 6 82 5 68 4 69 9 30 4 72 1 76 8 82 8 31 3 79 8 60 8 1 8 9 4 34 4 96 0 10 1 15 4 6 6 4 2 23 2 81 4 23 0 74 0 80 7 60 7 27 4 67 6 72 0 27 4 75 2 72 1 4 0 21 3 26 6 22 4 22 4 41 0 50 7 64 9 20 5 56 9 63 9 11 4 60 3 31 
50 2 3 8 81 5 1 9 83 5 98 4 2 7 72 1 99 8 66 5 72 5 33 1 89 1 66 8 78 9 38 1 2 9 21 3 41 7 67 8 5 6 50 6 65 8 44 9 33 4 72 8 21 3 72 7 96 3 64 7 5 0 60 8 15 2 68 2 77 1 21 1 93 7 37 7 2 3 70 3 23 7 86 5 95 7 51 0 30 3 24 8 26 5 22 8 12 4 78 2 23 
50 4 67 5 25 4 63 6 46 1 53 5 47 1 98 6 51 7 97 9 17 0 31 5 23 3 82 7 39 7 58 2 38 6 42 6 96 2 87 5 39 6 20 3 6 0 4 9 93 2 95 7 80 2 22 9 85 7 57 8 25 6 43 3 12 6 28 4 98 7 74 6 72 9 100 8 19 1 54 8 56 7 25 9 100 3 97 4 49 4 19 1 13 2 41 3 58 0 76 1 26 
