10 10
50 4 65 5 87 4 75 5 19 4 58 4 55 0 64 8 37 8 28 2 80 2 6 9 19 8 42 6 39 9 1 8 16 8 49 9 27 0 63 7 80 4 31 1 68 2 31 2 37 4 5 3 76 9 79 9 64 7 99 9 71 6 97 4 57 1 93 8 80 0 1 6 67 1 85 3 40 0 32 2 11 0 52 0 70 0 99 9 8 0 89 1 96 9 86 4 72 3 73 3 69 
50 9 49 9 59 3 17 3 63 6 38 7 8 2 42 5 31 0 24 7 97 5 55 6 55 6 17 8 76 9 13 4 94 8 35 8 1 3 24 5 96 3 42 4 85 6 5 4 67 9 26 2 76 6 9 7 28 4 17 9 98 2 60 8 23 3 91 5 77 0 37 5 94 4 89 2 56 5 26 9 85 1 76 9 27 2 86 2 17 2 33 1 59 8 38 6 84 3 52 1 52 
50 7 41 2 12 2 82 2 85 0 11 5 57 2 99 0 71 5 52 5 90 2 80 4 5 7 78 2 22 1 63 9 25 9 22 9 84 9 92 5 11 7 32 0 5 1 73 5 73 3 6 3 91 3 8 9 8 0 5 1 39 5 59 4 10 8 27 6 2 9 97 3 70 8 3 4 84 2 8 0 7 6 9 7 98 6 44 6 39 6 58 6 37 1 47 0 87 5 73 7 84 
50 3 77 9 77 3 59 3 31 2 94 2 43 2 61 2 6 2 50 9 15 1 62 5 14 8 60 4 87 6 2 9 42 6 18 0 76 3 100 9 74 6 25 1 53 2 37 2 91 2 2 2 96 3 42 3 64 9 64 8 10 5 42 8 31 7 5 9 43 5 91 7 22 3 93 6 65 3 18 7 9 3 65 6 75 8 28 4 52 0 34 7 33 8 73 0 62 0 67 9 50 
50 8 33 0 78 5 80 5 62 3 35 1 88 1 82 2 24 7 79 9 38 3 15 3 62 4 46 7 84 3 77 2 74 5 75 6 84 5 18 6 54 4 76 2 26 2 47 0 13 7 40 7 82 7 93 3 32 0 16 3 61 6 78 4 99 4 42 9 38 8 52 4 44 6 92 6 74 4 97 3 65 2 66 1 8 2 11 1 64 3 41 0 93 6 87 0 22 3 24 2 35 
50 6 16 7 65 9 99 9 32 7 27 3 60 6 23 4 54 3 14 8 7 6 91 5 23 6 92 0 32 7 22 4 13 5 75 1 54 1 1 0 85 4 67 1 61 4 34 4 76 1 77 2 40 0 64 3 96 8 53 6 89 1 85 3 58 4 32 8 57 7 56 5 19 5 64 9 55 1 73 2 27 3 53 3 28 6 5 9 43 3 41 1 10 3 7 5 14 3 87 7 34 
50 9 21 9 90 2 14 8 29 2 30 0 98 7 38 7 14 2 81 6 16 0 50 0 58 7 28 1 28 1 84 1 24 6 22 7 74 1 19 5 13 0 45 8 82 6 77 4 43 6 94 8 64 4 5 0 41 5 42 3 3 4 58 7 24 1 75 3 41 4 40 7 98 5 24 8 76 9 1 5 41 5 52 4 26 5 49 8 30 8 27 1 89 5 55 4 4 8 48 6 3 
50 1 81 4 20 4 45 4 50 3 10 9 88 1 78 3 55 7 48 3 58 4 47 3 42 7 100 6 73 4 95 1 53 8 69 9 86 4 98 0 2 1 11 8 52 8 93 0 71 9 12 2 84 1 63 6 44 2 11 0 41 4 14 4 2 3 43 8 36 6 77 7 3 1 36 8 60 4 42 1 97 9 86 5 16 6 39 0 26 1 81 2 40 7 63 6 61 5 44 5 15 
50 3 100 9 93 2 34 0 67 5 43 3 18 6 3 6 71 8 64 7 81 6 19 6 61 4 12 1 59 3 68 2 62 9 67 0 98 0 62 2 39 8 82 1 46 7 33 3 15 2 41 6 48 3 42 0 31 7 37 9 27 6 6 1 11 4 48 1 30 2 16 0 53 2 79 2 63 9 91 2 53 3 66 3 63 9 19 9 7 9 77 7 76 0 88 8 22 5 77 1 54 
50 3 100 3 18 1 68 6 47 0 19 9 6 9 61 8 97 1 34 1 63 4 82 8 38 9 15 0 18 7 66 0 26 1 53 2 97 3 23 7 53 4 36 6 37 4 61 1 57 7 20 9 1 7 3 3 68 8 73 7 64 9 87 0 5 5 74 2 5 1 78 5 66 1 54 6 6 8 64 8 90 9 88 8 80 8 5 6 26 1 57 0 7 6 15 6 45 5 24 1 39 
