10 10
50 6 73 7 90 5 67 8 38 0 3 3 55 9 66 3 3 9 59 8 7 3 69 0 70 1 88 0 5 7 14 4 31 1 20 6 90 6 73 5 45 9 85 1 8 3 71 6 69 0 23 9 46 9 95 2 89 2 59 7 81 5 41 6 91 0 5 7 49 4 29 7 83 0 71 8 28 2 3 8 17 4 88 9 53 1 31 9 97 6 30 4 90 4 6 3 75 3 83 8 99 
50 0 80 1 60 9 77 2 51 7 48 8 23 4 70 2 24 3 53 3 62 1 57 9 99 9 51 7 77 0 74 9 98 8 31 3 32 4 43 7 71 6 62 1 83 7 35 5 6 4 1 7 30 2 55 1 79 1 38 5 78 4 34 9 56 1 96 0 29 3 3 1 43 1 87 7 16 3 99 1 26 6 95 4 15 5 42 5 73 3 15 5 26 2 99 3 12 5 70 4 97 
50 0 52 8 1 6 80 2 7 4 26 0 54 7 38 2 69 1 43 5 96 0 82 7 17 4 78 6 58 0 89 2 38 4 32 8 99 0 69 5 37 6 62 8 38 6 85 8 87 6 37 2 66 4 78 0 14 0 77 9 43 9 62 8 76 8 71 1 23 8 87 8 37 3 99 2 98 8 82 4 14 5 49 8 62 2 60 3 66 7 68 1 5 1 43 5 43 3 9 9 100 
50 9 98 6 62 5 61 2 5 3 16 1 64 3 71 6 13 0 10 8 46 2 50 5 71 6 79 7 32 7 97 6 6 2 18 6 91 2 99 5 47 9 88 1 51 5 41 2 62 4 30 7 83 6 54 5 2 7 11 4 7 5 25 0 22 4 17 3 37 3 37 7 18 3 7 5 6 9 19 1 82 5 13 9 50 5 65 2 44 1 6 4 55 8 37 6 3 7 80 6 63 
50 6 40 5 43 7 38 3 15 0 84 1 91 0 35 5 53 4 16 2 54 8 28 4 75 0 91 6 49 4 97 9 94 4 51 1 53 2 80 7 45 7 6 8 40 4 76 0 44 2 91 5 75 2 85 5 74 3 29 3 94 7 74 8 35 1 17 0 73 3 3 8 95 5 4 8 24 2 86 4 48 8 85 0 87 2 56 3 71 4 98 6 79 9 20 7 85 1 99 0 64 
50 3 1 1 50 0 2 4 48 6 36 9 40 1 57 1 4 3 77 8 61 0 20 9 94 7 52 6 93 8 67 2 9 2 95 5 29 2 54 0 13 7 7 3 25 9 9 9 48 2 62 6 66 6 92 3 93 9 46 8 47 3 2 9 99 3 80 9 100 2 24 3 63 5 22 9 82 7 28 1 40 0 64 7 79 3 35 8 1 6 81 9 81 3 95 0 32 5 41 1 13 
50 8 13 5 31 3 63 4 41 2 62 9 83 3 24 8 91 7 77 3 33 8 35 0 67 7 56 7 81 5 88 1 13 2 100 2 17 3 99 7 94 0 25 1 89 1 52 3 10 7 27 7 76 6 27 6 39 8 97 8 86 4 86 5 12 3 34 9 29 7 47 9 50 1 51 1 100 0 87 2 46 5 13 6 25 3 68 2 45 3 35 6 9 4 1 9 22 5 91 7 28 
50 8 63 2 38 9 32 4 39 1 33 3 25 5 27 1 51 8 9 2 92 7 21 7 45 9 99 1 95 4 80 8 12 8 50 3 6 3 53 2 96 3 19 0 33 4 95 7 4 4 68 6 50 5 1 2 85 1 23 9 52 4 14 7 15 2 62 4 77 0 15 4 59 9 49 1 46 5 19 7 94 6 99 5 30 1 79 3 55 5 6 9 6 9 51 7 81 0 64 9 8 
50 9 26 2 83 5 62 0 48 2 44 7 28 7 100 9 96 4 47 1 56 3 96 3 80 1 63 0 41 5 21 4 49 5 68 1 20 1 2 2 29 7 71 5 16 3 70 3 87 6 89 9 69 1 72 4 69 4 16 5 1 5 66 9 77 6 72 4 80 6 59 3 81 2 64 0 22 7 18 0 35 2 59 1 98 7 12 0 49 5 3 8 53 7 16 5 95 1 38 4 38 
50 3 17 1 83 9 87 8 57 2 36 5 93 4 57 1 47 8 47 3 47 5 9 9 46 2 51 4 29 7 23 6 75 1 48 9 51 3 89 8 30 0 83 1 85 8 32 2 92 3 39 2 8 0 32 3 55 3 79 3 16 8 7 8 51 2 70 9 81 7 8 4 37 7 86 7 30 1 35 6 39 5 76 7 59 3 98 9 58 1 83 7 18 8 35 2 23 4 43 3 79 
