10 10
50 5 10 5 72 0 56 7 67 0 1 8 56 7 26 4 27 1 7 3 53 7 18 9 5 6 13 2 20 4 100 0 52 0 58 5 31 7 64 0 25 6 36 2 89 8 42 0 29 8 54 4 48 3 54 5 48 2 70 5 89 1 58 8 24 4 85 6 13 3 51 8 81 2 39 1 22 0 69 3 69 1 87 0 72 9 3 7 88 1 93 9 82 6 14 4 15 5 47 0 52 
50 2 36 3 78 3 82 5 85 0 12 0 58 2 33 6 74 7 79 9 8 9 46 6 55 5 40 9 42 4 65 1 38 9 3 3 88 2 11 8 94 0 19 7 57 2 36 6 44 2 92 2 42 2 42 1 10 2 29 9 89 9 32 1 31 1 10 7 18 9 1 8 72 3 63 9 44 0 100 8 8 2 54 4 98 2 65 2 71 5 23 7 90 1 73 2 28 2 3 0 69 
50 3 35 3 69 8 77 2 9 1 65 2 33 1 25 6 97 0 76 6 95 4 33 3 27 8 97 7 88 4 67 5 29 2 26 0 75 1 39 6 60 6 35 2 45 0 5 5 98 8 38 2 94 2 53 9 2 8 76 2 21 0 84 6 2 2 63 5 100 2 89 7 19 1 59 5 3 4 11 8 3 9 97 4 86 0 25 1 58 4 21 1 99 8 6 2 36 8 24 2 77 
50 8 28 3 97 1 64 9 7 4 21 3 42 1 51 9 94 8 61 1 32 0 69 0 3 1 79 5 45 4 34 6 67 7 54 1 63 0 28 3 93 4 38 0 99 4 35 2 13 3 98 7 94 1 82 3 47 7 6 9 19 2 27 0 43 9 34 3 76 2 95 1 20 9 2 1 66 9 38 6 39 1 11 3 84 6 100 2 89 8 42 6 16 4 52 9 92 8 58 0 26 
50 9 78 2 91 5 57 2 48 2 70 9 49 0 43 6 63 5 10 8 4 0 52 7 82 3 25 2 94 6 88 9 39 0 75 2 17 8 73 7 67 5 1 0 34 8 90 8 72 1 81 9 60 7 76 0 87 9 91 3 36 7 23 6 45 0 30 8 44 8 56 9 8 6 6 7 98 5 59 6 29 1 49 6 57 7 13 0 27 6 17 7 4 7 48 7 98 6 69 8 95 
50 6 45 2 88 8 99 8 81 2 92 3 8 1 3 0 81 4 100 3 55 8 89 1 96 7 4 9 87 3 14 9 83 3 79 7 14 6 15 8 32 8 40 1 30 9 13 0 81 5 56 4 22 7 42 8 39 1 92 6 65 9 13 1 61 8 59 3 35 3 22 0 99 5 95 9 72 1 82 9 64 7 51 0 94 3 69 4 7 0 73 7 9 2 73 8 77 4 61 7 32 
50 5 51 3 96 4 22 3 18 8 31 7 22 4 68 1 16 1 6 5 4 4 21 6 76 5 71 1 1 3 30 7 10 8 48 8 29 6 2 2 81 5 76 3 86 0 79 9 93 9 44 8 9 1 69 9 54 1 62 1 29 9 37 8 65 1 62 7 100 9 9 9 51 3 68 5 41 5 95 2 17 5 94 2 20 3 37 3 45 4 53 1 10 6 47 7 57 7 67 3 36 
50 9 41 6 17 1 97 3 50 0 76 9 56 8 28 4 23 1 18 5 37 7 68 0 25 3 24 4 75 3 27 2 2 7 14 2 28 8 24 7 33 8 60 9 17 5 82 9 59 0 63 5 83 2 79 2 95 2 79 1 69 8 75 2 92 3 69 3 34 6 100 6 48 5 64 4 79 0 24 5 4 7 31 9 91 2 90 4 2 3 24 5 78 0 41 4 35 7 42 1 84 
50 7 86 6 1 0 70 9 92 0 8 2 24 1 71 0 38 1 40 7 64 1 69 7 82 0 49 4 65 1 19 9 61 2 56 2 45 5 75 9 39 8 36 3 34 6 80 3 51 4 34 1 84 3 96 4 35 5 67 8 58 4 41 0 93 1 55 5 55 1 69 0 100 4 41 8 24 7 94 5 73 2 1 1 68 1 20 3 93 9 80 4 17 6 66 1 87 3 68 6 13 
50 5 29 0 54 0 3 5 68 1 28 3 63 1 80 3 32 2 92 4 38 4 54 9 51 3 29 2 54 4 84 1 35 1 22 4 92 5 98 5 76 3 68 6 4 1 74 5 58 0 90 9 42 4 12 7 63 5 94 1 74 0 88 0 95 1 20 5 55 6 51 4 81 2 10 7 28 3 3 4 82 6 12 4 18 4 4 8 45 9 76 6 90 3 64 3 59 3 78 8 71 
