10 10
50 6 96 8 33 1 40 8 73 1 3 6 86 2 51 7 65 2 82 2 43 4 40 6 89 9 26 9 89 7 77 0 32 6 3 9 25 4 95 6 82 2 30 3 33 3 97 8 89 1 94 4 23 7 26 7 89 7 2 3 90 4 65 5 92 9 87 0 47 7 28 1 62 3 58 9 32 2 36 9 82 0 25 5 82 5 7 4 59 1 33 8 24 6 64 3 49 7 56 9 55 
50 3 21 4 99 5 57 2 88 9 1 6 65 3 96 9 97 1 59 8 21 1 35 5 66 3 64 4 27 7 77 0 52 3 11 8 81 8 24 4 68 6 70 7 22 2 97 6 31 8 21 6 65 1 84 1 57 7 43 7 9 8 100 0 46 3 26 1 68 9 54 8 34 0 82 8 16 8 12 8 65 7 46 9 67 8 65 5 96 8 32 1 60 1 31 5 38 6 65 4 8 
50 3 33 3 8 5 64 8 90 8 88 3 16 5 1 6 1 1 55 1 17 0 23 8 17 2 64 5 26 9 94 5 67 1 71 6 77 3 7 9 88 4 42 5 88 0 93 3 21 6 49 6 85 4 50 2 96 4 83 7 83 4 21 7 24 6 48 9 23 1 49 1 52 8 52 9 94 2 25 5 8 8 6 9 24 1 50 8 91 1 87 2 69 5 87 3 100 7 42 0 12 
50 2 58 3 8 1 92 8 32 4 47 5 81 8 7 5 73 2 56 5 31 5 2 1 54 1 29 8 98 3 87 2 62 7 32 5 30 3 26 9 94 9 28 2 82 9 57 3 83 9 53 8 62 3 60 8 98 9 79 7 74 4 63 9 9 7 58 4 17 3 18 9 8 4 58 2 96 0 100 7 70 8 82 3 14 5 61 1 78 6 73 3 70 4 54 8 28 7 47 8 25 
50 6 38 3 68 1 84 4 97 7 82 3 69 5 4 9 49 6 71 1 11 3 23 9 40 2 91 1 56 0 11 4 20 0 2 6 84 1 55 7 57 1 56 6 53 1 92 1 76 2 15 0 24 6 91 2 59 2 38 6 69 5 10 5 61 7 6 1 38 2 26 3 73 4 24 0 4 0 37 2 34 2 4 0 7 6 33 3 44 7 12 6 22 2 11 3 51 6 30 3 44 
50 9 53 4 17 7 42 3 12 5 76 7 75 9 54 2 70 6 55 8 22 7 80 4 91 7 67 4 5 2 33 2 100 9 80 3 38 4 71 8 43 7 43 0 27 7 16 0 3 9 62 1 79 6 36 3 64 5 15 6 28 6 23 2 50 4 43 9 63 7 91 6 12 7 89 1 57 9 31 1 8 7 66 9 3 5 46 8 71 1 57 5 99 0 93 3 22 0 58 2 58 
50 9 71 0 43 1 30 4 25 6 30 1 31 2 32 4 13 6 100 2 92 7 79 3 41 0 2 4 74 1 16 2 70 1 67 9 92 2 7 8 63 1 68 0 28 2 53 8 10 9 75 8 43 9 58 2 92 0 3 8 9 4 53 9 86 5 47 4 54 0 24 9 31 2 98 4 70 2 32 1 82 1 68 7 54 3 8 3 68 8 43 6 86 1 16 8 56 8 55 8 27 
50 8 58 5 27 5 95 0 94 0 18 3 36 9 67 5 10 9 27 0 9 8 49 4 58 9 24 9 87 0 53 7 73 4 15 1 23 6 17 5 42 0 2 0 19 4 90 4 55 8 86 9 35 8 16 2 89 0 71 1 97 8 45 9 5 0 51 5 80 4 91 9 9 9 48 0 83 7 83 8 57 0 29 7 12 7 42 0 32 7 97 2 77 5 89 0 82 1 96 4 39 
50 5 81 7 71 1 50 7 47 9 14 0 96 1 17 4 17 7 42 3 68 4 98 0 97 0 36 2 77 7 82 0 47 1 54 2 71 6 71 3 92 5 13 7 87 8 31 1 10 7 40 1 77 8 9 3 22 1 74 3 35 1 27 6 40 8 32 6 70 6 21 9 44 1 27 1 48 8 4 5 86 1 12 4 67 9 17 6 61 4 74 5 29 7 63 6 27 3 83 8 18 
50 5 36 0 40 9 89 5 37 9 39 8 47 7 72 4 53 9 48 2 19 3 28 0 95 5 2 1 59 4 84 6 93 5 9 5 18 7 22 7 57 6 42 5 93 9 61 6 27 3 97 1 85 0 51 7 21 9 15 1 55 4 65 2 91 5 19 1 23 6 44 3 54 8 54 0 98 2 49 1 83 8 18 3 30 7 15 0 80 7 86 7 31 5 63 6 56 9 86 4 94 
