10 10
50 5 53 7 21 3 69 1 24 3 93 1 51 6 80 0 88 5 80 5 96 2 23 0 80 0 95 3 30 7 15 6 43 5 39 4 55 7 56 6 89 1 95 0 84 7 6 3 32 1 28 2 39 1 21 7 88 5 46 1 23 2 84 4 58 1 15 8 17 1 45 1 36 9 77 2 30 2 62 6 66 1 64 9 98 3 47 7 76 8 2 9 93 8 55 7 18 8 84 1 32 
50 1 7 1 50 3 63 5 33 9 2 9 55 1 83 6 56 5 14 2 15 7 26 7 65 5 10 2 14 2 11 3 31 9 44 8 45 2 94 7 25 1 87 5 68 2 60 1 48 8 25 9 45 6 42 6 70 8 86 0 60 8 3 0 12 6 52 3 59 1 42 8 90 5 62 6 16 0 99 3 96 2 26 0 91 5 74 6 93 6 9 5 69 2 78 4 53 7 70 4 88 
50 2 29 7 27 6 2 4 44 1 86 3 81 7 4 6 57 5 38 8 4 5 46 7 11 4 89 4 80 6 41 7 76 7 58 6 17 4 88 7 25 7 81 2 45 0 54 0 85 5 35 9 26 6 67 3 70 8 34 4 48 6 25 1 25 8 86 9 71 3 21 8 11 6 35 0 87 2 99 2 63 0 50 8 42 2 89 2 63 4 100 5 28 7 31 4 97 4 79 7 51 
50 8 50 9 84 6 60 6 61 4 27 1 72 9 50 8 89 2 83 2 71 7 100 1 71 0 8 6 26 5 57 7 79 9 43 8 38 9 59 9 69 4 1 1 12 5 24 8 14 9 81 2 96 9 2 0 64 8 29 3 59 3 9 5 54 7 66 6 79 3 85 1 22 5 65 2 53 0 8 1 8 1 13 5 27 6 72 3 45 9 85 9 16 5 73 1 36 3 3 3 30 
50 7 28 2 60 8 100 8 84 7 67 5 7 8 1 1 92 8 39 8 92 3 92 1 83 2 82 3 72 9 43 8 5 1 90 0 82 7 62 8 59 5 24 6 79 9 22 9 59 1 63 1 38 8 99 2 81 0 13 6 8 9 93 7 96 5 90 0 79 1 82 3 98 5 95 7 81 8 23 5 54 8 72 2 73 3 33 9 44 3 71 3 82 2 63 6 34 1 65 5 64 
50 6 47 3 37 3 49 8 96 1 92 9 13 5 100 7 11 3 21 5 46 5 11 4 76 6 27 0 49 9 66 6 57 5 52 5 99 8 20 6 33 1 50 4 60 7 44 8 34 5 24 7 82 2 11 8 86 7 80 5 91 1 52 9 69 5 16 3 37 6 57 1 47 1 13 7 23 5 13 8 69 8 84 9 85 7 63 0 84 8 25 2 47 4 83 2 98 4 83 9 93 
50 2 26 4 72 2 67 8 32 9 11 0 31 0 8 0 32 1 51 1 12 9 70 2 70 3 74 7 82 7 96 4 70 6 54 8 20 3 93 2 91 9 65 3 26 3 54 3 75 7 80 0 15 1 83 4 77 8 87 4 46 1 39 4 56 6 22 4 72 7 60 8 20 3 51 7 92 1 53 9 98 2 95 0 14 8 8 7 97 5 82 0 76 6 18 2 56 7 33 2 61 
50 9 37 6 21 4 15 9 36 1 32 3 27 9 42 4 67 8 81 5 85 3 92 2 67 8 70 8 92 1 79 1 15 4 5 5 90 3 16 7 23 4 41 6 2 8 39 6 94 4 82 0 55 5 48 2 16 6 45 3 97 9 74 9 72 7 50 1 22 7 76 0 12 1 39 3 18 7 56 7 7 2 70 3 90 0 77 1 39 7 50 3 22 6 57 1 12 4 31 4 37 
50 2 32 0 86 2 70 7 46 7 33 2 50 5 81 3 77 9 85 9 54 7 22 3 74 8 38 6 7 7 61 6 47 7 40 4 31 6 66 1 32 6 10 2 20 2 57 9 59 9 95 5 82 5 73 5 40 6 51 4 59 6 99 7 52 4 67 6 87 9 33 6 62 6 2 4 74 4 7 3 9 4 56 5 77 6 38 6 81 6 13 4 4 6 60 1 10 8 65 8 3 
50 3 41 9 64 6 70 3 18 5 80 8 89 7 66 0 62 7 89 4 84 8 65 3 65 9 57 2 27 2 84 4 82 5 19 3 70 4 92 5 67 8 21 8 91 6 21 7 64 1 23 9 40 5 11 2 5 4 46 0 80 6 94 4 21 1 72 4 15 6 86 5 26 0 66 6 55 5 87 3 70 5 1 3 37 3 26 3 99 0 96 5 68 9 70 8 19 1 6 6 49 
