10 10
50 6 59 6 11 9 74 6 78 0 83 1 26 8 57 6 20 9 70 1 68 7 98 7 6 8 50 3 53 5 15 2 59 3 73 2 34 6 44 5 27 3 67 8 88 0 59 6 98 7 15 2 61 9 80 3 39 8 65 6 70 3 43 1 50 0 46 3 4 2 96 3 53 1 76 2 67 6 4 1 64 8 92 4 17 3 47 8 65 0 7 0 72 3 23 4 39 0 50 6 89 
50 9 80 0 82 8 85 3 4 0 58 6 7 1 47 7 78 9 7 0 26 9 73 5 2 0 72 9 44 1 46 5 89 3 29 4 32 6 46 2 88 6 81 2 50 9 39 1 92 0 28 2 43 1 6 4 48 4 84 8 52 8 20 7 10 6 94 5 82 5 43 8 71 3 49 5 8 3 29 0 9 6 9 3 93 8 8 5 82 8 31 6 4 4 72 8 35 2 37 8 88 
50 2 11 9 20 6 38 1 19 6 99 6 20 3 10 3 62 4 59 8 75 6 83 3 4 5 50 3 10 5 56 7 63 4 64 5 85 5 57 3 41 9 80 4 15 4 50 3 24 9 39 6 55 1 67 9 59 5 76 7 60 2 6 8 13 6 64 1 89 8 39 5 10 0 25 2 33 6 65 1 36 9 61 5 18 7 81 1 5 7 91 2 2 8 54 7 75 6 16 9 15 
50 9 46 6 4 6 36 9 38 8 54 8 57 6 67 3 84 5 5 4 38 8 2 2 86 8 19 9 83 8 75 7 36 6 72 0 92 1 20 3 9 7 93 2 96 9 12 8 60 5 49 3 39 2 51 1 37 2 56 9 86 9 57 1 22 3 92 1 51 3 90 8 95 7 29 5 63 3 30 0 71 2 94 0 21 9 48 8 59 0 68 6 99 0 32 9 67 1 48 8 70 
50 8 24 8 92 1 23 7 59 3 2 7 86 1 7 1 13 9 76 9 47 6 3 8 88 8 80 8 81 0 25 7 88 4 56 8 21 1 91 8 87 4 94 1 49 1 25 3 3 8 72 6 35 2 70 4 41 4 45 9 61 1 6 6 28 6 63 5 84 2 33 0 56 0 2 3 62 4 89 7 24 4 99 1 53 8 95 6 92 9 35 1 29 8 57 4 15 3 14 0 32 
50 7 28 2 48 6 63 4 90 0 52 2 88 7 29 5 75 0 94 0 84 2 53 8 22 0 75 8 58 8 61 4 50 6 16 2 100 9 87 6 5 3 86 0 24 1 82 5 14 4 23 2 73 1 71 6 66 5 94 9 93 3 9 3 83 4 2 1 35 9 26 0 61 6 21 2 39 8 73 6 100 9 35 9 46 7 2 3 37 2 79 6 48 6 28 9 61 0 13 2 22 
50 0 5 4 45 9 57 9 56 5 73 3 38 5 55 9 47 6 35 8 21 6 5 8 36 8 11 6 57 8 100 1 90 1 43 4 27 6 87 9 61 5 39 8 72 2 23 6 42 5 68 5 24 7 49 0 31 1 83 1 53 4 79 2 4 5 85 4 69 1 8 6 77 8 53 0 81 5 75 0 26 7 59 8 4 2 87 7 80 8 87 6 11 0 19 9 83 5 47 3 70 
50 4 4 2 3 5 100 1 3 0 66 9 29 0 84 1 76 3 25 3 46 0 3 7 73 7 89 1 8 1 84 2 14 2 87 2 50 2 4 0 16 5 2 2 71 5 81 4 59 7 3 3 56 2 31 6 57 7 55 7 92 7 28 1 5 9 80 3 39 9 87 1 93 1 5 0 4 4 10 6 69 6 30 6 42 5 62 3 24 2 73 7 78 0 43 9 14 3 86 8 31 
50 2 98 4 97 9 14 6 100 0 24 7 3 9 1 4 48 3 59 2 48 6 77 6 83 8 57 5 74 2 37 9 95 9 40 8 57 6 12 9 95 1 65 8 88 1 66 2 63 0 59 2 43 9 81 0 36 3 72 5 34 1 54 5 50 6 39 7 55 0 50 2 73 6 70 0 62 4 68 4 67 3 33 8 13 2 27 2 68 1 61 1 21 8 19 8 90 8 29 9 60 
50 8 5 7 14 6 99 5 33 8 83 5 86 4 24 2 66 5 19 7 42 5 36 6 61 5 60 3 34 6 24 4 62 9 42 5 8 2 55 0 29 8 25 6 38 3 99 1 21 7 67 3 49 8 74 4 93 3 12 6 12 3 3 4 8 6 21 1 83 6 52 6 34 8 88 4 34 6 97 8 86 2 45 0 13 4 61 2 96 9 34 3 74 6 19 5 54 0 30 8 61 
