10 10
50 8 98 2 37 9 52 2 63 0 78 4 40 9 78 7 99 1 4 3 100 1 31 3 74 9 89 1 78 2 19 5 86 4 92 5 53 4 7 9 7 1 40 9 71 0 61 2 65 2 91 1 28 1 99 9 14 2 94 4 48 0 41 3 73 3 89 2 26 2 7 8 76 1 4 4 12 0 22 5 95 7 45 6 27 5 38 5 62 2 71 5 6 5 38 2 19 9 28 3 63 
50 8 63 6 21 2 87 4 97 9 83 2 70 4 24 5 94 0 63 3 45 5 1 8 56 5 67 4 63 4 49 7 13 9 49 3 31 2 83 1 63 2 99 9 23 3 48 8 71 3 33 0 34 4 58 0 58 8 26 4 35 2 16 3 96 8 44 1 42 1 93 5 9 5 34 7 69 1 3 2 64 5 36 2 3 6 80 3 4 1 76 0 25 1 65 1 49 7 98 8 84 
50 8 96 9 26 2 45 3 66 7 61 4 66 8 14 3 68 5 4 5 40 8 23 9 67 1 62 0 14 7 47 4 47 1 60 4 6 6 4 5 77 4 13 7 62 0 5 2 11 6 28 8 41 5 89 9 5 6 85 3 62 3 21 8 43 9 44 1 10 4 51 2 95 3 14 2 96 0 33 3 26 0 32 7 77 1 6 9 24 0 11 3 3 9 24 8 41 2 5 1 88 
50 0 75 4 38 9 15 1 26 3 85 4 47 4 43 4 12 6 2 8 61 9 97 1 65 1 15 4 50 8 92 6 27 4 51 0 95 7 71 9 82 9 19 4 28 1 91 9 94 9 64 5 30 6 5 2 11 7 53 2 58 3 24 9 72 7 15 0 92 9 58 5 42 2 81 1 70 3 39 8 82 4 7 2 31 6 58 0 36 6 35 5 89 3 10 5 17 1 28 8 89 
50 3 81 3 42 1 66 8 46 8 75 9 77 0 31 7 48 7 95 7 48 6 8 1 37 1 11 2 3 9 48 1 27 4 97 7 77 8 10 9 39 6 32 8 95 2 26 3 72 3 83 1 34 7 79 0 29 5 89 3 38 8 47 8 94 5 3 4 31 1 45 8 82 7 64 2 7 1 8 9 55 2 30 0 57 7 6 5 17 6 14 3 100 0 92 2 8 3 32 5 92 
50 0 76 6 68 4 30 8 95 7 2 9 13 9 78 4 12 7 78 2 78 4 41 7 11 6 69 2 72 7 63 2 42 1 16 9 24 9 61 9 12 4 7 2 9 9 97 1 65 7 38 5 86 4 23 2 13 8 94 5 66 5 2 0 15 8 90 9 91 1 14 9 81 4 48 1 98 4 27 5 85 9 56 0 39 9 21 6 81 5 85 2 63 1 61 4 77 2 75 9 49 
50 3 58 2 57 7 9 9 10 9 74 1 2 2 30 7 53 0 27 3 29 0 70 6 13 6 29 6 65 0 48 2 37 3 67 1 78 6 97 5 27 5 36 4 74 1 79 3 13 7 47 0 70 5 88 9 26 4 98 2 40 5 6 7 92 7 26 2 59 7 80 8 44 2 29 5 14 3 19 9 30 3 81 8 44 5 94 2 85 0 46 2 61 7 88 3 41 9 17 0 40 
50 9 93 7 79 1 71 2 83 2 99 3 14 0 81 8 65 6 26 3 94 0 40 9 83 9 1 0 91 5 3 4 49 0 28 9 51 7 62 0 64 2 96 5 48 7 14 3 10 4 9 6 11 7 20 5 35 5 57 0 79 5 99 0 27 8 64 4 82 3 54 8 68 9 18 7 9 3 71 5 96 6 85 9 100 5 18 6 83 8 69 0 7 0 12 4 83 9 95 0 73 
50 9 25 9 12 1 10 2 17 2 86 6 80 9 15 6 58 1 1 8 1 5 44 8 57 0 23 1 9 5 1 6 3 7 81 8 71 7 64 9 18 0 74 7 81 5 69 5 34 5 16 8 13 9 4 7 22 4 78 8 87 0 6 2 94 5 26 3 98 5 11 6 69 1 94 9 89 7 15 3 33 0 73 4 18 0 52 4 83 1 83 0 47 8 50 1 92 3 93 2 50 
50 8 2 0 59 3 54 9 38 9 7 2 39 3 2 9 70 2 18 2 27 8 69 2 69 1 21 1 20 0 59 4 36 8 24 1 82 1 97 1 51 4 64 3 100 4 60 1 19 7 30 7 98 7 50 2 50 7 70 2 41 0 93 5 99 7 2 0 20 3 37 1 41 6 79 8 59 3 81 8 29 3 17 8 6 1 32 2 20 9 71 8 81 0 17 4 80 9 6 3 8 
