10 10
50 8 1 8 77 9 24 4 66 9 98 9 29 8 88 7 6 7 91 4 76 3 55 9 12 9 64 1 26 2 32 2 38 1 90 2 80 1 12 9 73 9 85 4 71 1 23 3 7 4 93 8 60 6 11 0 58 8 76 3 37 2 93 5 91 5 23 9 45 1 69 1 91 0 74 0 34 2 32 0 40 3 39 4 84 7 14 8 5 5 27 8 81 3 20 0 6 4 76 2 80 
50 1 78 1 71 7 45 7 10 7 37 0 12 5 41 7 14 0 22 5 10 0 53 1 29 6 75 6 88 7 51 3 100 2 54 3 9 1 25 7 4 9 1 1 25 9 49 0 1 0 32 4 40 5 34 9 10 0 67 3 25 0 65 4 32 3 45 1 74 9 72 4 66 3 66 6 52 0 2 9 15 0 88 0 92 3 35 7 8 6 37 3 69 3 76 3 45 3 92 6 44 
50 6 71 0 16 3 23 2 46 1 52 3 56 0 58 4 77 3 29 4 10 8 52 7 35 1 38 5 27 8 4 7 13 4 5 5 55 1 65 5 96 8 34 5 48 3 100 8 36 6 77 3 83 9 35 3 43 1 80 9 98 9 21 9 12 5 40 6 92 0 10 1 8 7 4 9 70 9 20 6 71 1 84 4 4 8 41 3 10 4 72 8 43 7 38 9 94 8 24 6 20 
50 8 74 6 40 5 26 2 90 8 67 8 50 2 49 8 18 0 85 5 91 5 64 4 59 3 95 3 15 8 98 6 25 0 11 9 84 4 90 8 33 8 79 7 57 9 26 3 6 0 97 8 15 3 66 2 21 9 18 7 16 2 66 4 91 2 51 2 64 9 1 3 23 1 47 9 13 7 57 9 47 8 53 1 12 1 23 7 9 4 12 6 51 8 91 2 60 1 78 4 44 
50 7 91 6 83 8 67 8 48 7 28 5 31 5 8 7 92 3 13 9 79 2 12 6 69 6 37 4 19 5 34 3 56 7 16 3 80 4 75 3 28 6 79 7 34 8 83 7 79 6 100 3 1 1 65 3 71 4 33 0 19 7 58 6 89 7 46 3 1 2 44 7 13 6 29 9 5 6 37 4 39 2 88 6 24 2 97 3 56 4 97 8 53 3 65 2 32 7 20 3 94 
50 3 51 5 12 6 100 8 13 3 29 3 70 1 9 1 89 0 47 3 46 3 46 6 32 9 8 4 34 3 2 1 45 3 38 9 31 6 94 6 27 9 24 4 82 4 19 8 30 1 80 4 12 3 51 5 20 4 59 3 45 8 59 6 56 8 71 3 95 7 13 1 98 0 64 7 18 1 91 9 88 7 33 6 91 5 26 0 36 7 5 4 29 1 77 9 38 0 72 6 27 
50 2 34 3 15 4 12 2 44 0 13 7 9 0 80 1 51 8 83 5 61 1 95 5 99 8 47 6 97 7 13 9 88 8 88 3 96 1 98 9 31 4 96 8 12 2 6 1 5 0 84 1 48 2 80 0 35 6 43 0 62 1 9 8 57 5 80 8 87 8 98 9 43 0 50 8 22 3 42 1 99 9 35 4 17 0 67 9 43 3 82 1 84 0 40 9 44 8 1 7 6 
50 8 6 2 97 4 29 3 79 3 1 3 5 9 51 0 44 8 81 0 78 4 8 3 91 1 35 0 49 6 70 6 53 1 77 3 67 0 19 4 26 0 15 0 92 4 75 9 87 6 56 7 98 7 56 8 26 8 94 2 26 4 85 7 6 6 78 2 44 1 51 0 94 9 47 6 78 4 95 8 10 6 31 2 33 0 20 6 13 9 1 9 68 9 77 8 18 4 50 6 77 
50 2 38 5 36 9 2 9 61 0 27 2 76 0 13 5 75 5 31 6 42 4 5 3 22 5 65 5 88 8 16 3 63 0 61 3 85 1 72 3 23 8 28 5 88 6 77 4 7 3 40 3 32 4 31 5 63 8 84 8 66 5 35 5 36 2 95 4 65 0 50 4 45 0 38 4 26 1 14 5 32 7 41 4 30 2 96 6 47 3 12 9 26 0 45 1 70 9 52 1 94 
50 1 48 3 71 4 31 0 19 4 92 4 61 8 71 7 46 1 24 7 67 8 76 6 17 4 69 7 99 4 78 1 94 5 36 4 30 5 53 4 71 4 50 7 35 2 74 8 38 4 13 0 24 3 68 4 46 3 18 7 2 2 63 7 13 1 56 4 69 0 47 3 23 6 88 2 47 3 64 2 83 7 3 1 42 1 95 3 72 1 51 2 32 8 73 0 94 2 55 5 94 
