10 10
50 1 51 9 62 1 39 9 73 5 58 6 44 2 98 7 68 8 41 1 47 2 49 4 89 7 26 8 94 1 7 3 60 1 74 0 76 2 75 6 95 2 75 8 9 5 24 7 99 4 16 1 81 1 99 6 71 6 39 9 3 5 5 3 39 9 96 3 57 3 41 2 13 2 82 7 74 9 11 3 70 9 87 7 41 1 56 3 87 5 33 7 91 9 63 1 62 3 90 2 60 
50 6 89 6 61 2 19 1 25 1 61 2 89 1 29 3 7 3 87 4 95 9 85 6 12 2 30 2 23 5 74 1 52 7 37 3 36 4 95 2 8 9 37 6 80 0 85 1 49 7 28 0 54 2 35 0 87 2 5 8 40 3 54 9 49 3 35 6 92 5 30 1 7 3 33 3 12 2 88 9 56 8 51 0 21 6 32 7 54 5 81 0 79 9 39 0 14 0 7 2 20 
50 2 15 4 27 4 68 6 61 5 68 6 11 7 3 4 61 6 81 2 10 1 38 5 31 5 36 4 7 6 90 3 18 3 31 0 41 1 57 4 74 9 42 3 18 0 71 5 23 0 59 2 35 2 35 7 46 8 70 8 85 3 33 7 28 8 66 7 24 7 14 4 36 5 100 2 18 5 99 1 57 4 9 2 70 8 21 7 1 2 9 8 58 0 74 1 3 6 71 7 49 
50 3 71 7 27 4 16 8 10 1 59 4 48 3 64 3 57 5 6 6 64 8 78 0 96 8 73 4 56 4 90 5 44 1 82 0 9 0 13 1 58 6 98 0 16 8 47 4 62 0 55 5 35 7 14 9 29 0 59 8 69 4 73 0 32 0 81 3 74 2 21 6 21 5 88 8 68 7 68 6 2 7 37 0 34 0 81 0 40 4 26 5 54 7 71 3 49 1 10 4 79 
50 0 18 3 23 9 46 9 69 3 1 0 27 4 58 0 86 6 11 0 16 2 8 5 77 7 42 4 55 1 6 2 63 1 80 6 56 4 25 3 85 9 52 0 72 6 90 3 66 7 67 8 16 6 18 5 9 2 28 5 60 6 21 0 21 2 96 6 22 3 31 2 79 9 2 2 62 6 83 6 92 7 67 6 2 5 99 7 80 8 84 3 16 3 32 2 95 4 3 3 100 
50 9 30 2 25 0 16 3 66 0 53 8 58 4 90 5 54 8 80 1 91 5 34 6 33 2 21 6 41 5 81 6 37 8 44 1 3 7 40 4 14 8 1 5 45 3 35 9 66 2 2 7 65 7 32 6 3 1 43 0 63 2 1 6 45 2 59 0 4 2 43 0 8 7 29 0 60 9 42 4 4 1 16 2 40 1 44 2 3 6 94 0 31 4 46 9 90 7 99 8 92 
50 2 18 0 97 3 77 2 46 6 79 0 95 9 25 2 93 4 77 5 39 1 78 9 34 3 29 0 88 6 98 9 42 7 30 1 82 9 82 9 17 8 63 9 12 3 18 6 72 8 9 0 45 5 67 6 80 2 82 1 84 7 39 8 43 6 31 3 36 9 77 5 58 6 34 2 24 2 11 0 35 0 19 5 56 7 62 4 68 6 79 6 81 6 54 9 57 5 10 1 42 
50 2 32 3 77 8 18 3 24 5 85 3 73 6 22 4 37 1 88 7 18 8 72 1 60 6 100 5 21 2 96 8 98 5 94 9 31 1 54 7 69 1 55 0 58 0 100 9 11 5 65 7 36 3 37 7 51 8 87 6 41 7 96 3 89 4 97 6 94 8 51 2 51 7 78 2 33 7 39 3 13 6 83 6 70 5 25 9 36 8 60 7 8 9 28 8 42 9 13 3 83 
50 8 9 3 62 2 90 1 61 0 86 3 57 9 10 8 59 9 31 1 100 6 84 6 20 5 41 8 86 0 3 1 19 5 34 3 27 9 71 1 10 4 22 7 100 5 91 4 30 7 49 2 16 2 16 2 63 7 100 6 95 2 20 3 52 2 35 8 74 3 59 9 88 5 31 8 49 0 63 6 68 0 34 3 33 4 55 6 79 4 53 2 53 4 73 7 88 5 96 7 32 
50 6 2 7 44 2 24 0 8 6 72 3 72 2 69 9 87 2 84 1 24 3 97 3 76 3 97 2 88 8 25 1 58 9 72 5 57 3 17 9 88 3 31 7 50 8 29 3 29 7 9 1 95 3 35 0 2 7 47 7 51 0 89 1 90 3 92 2 52 7 9 1 34 5 79 0 56 1 51 2 19 7 25 2 49 6 17 2 8 4 25 3 55 4 98 8 22 1 78 1 93 
