10 10
50 1 58 6 23 2 4 7 85 5 24 2 26 4 24 4 31 8 3 6 32 1 41 6 46 1 67 3 15 8 68 4 12 1 23 4 35 8 46 7 64 9 49 4 3 5 44 4 19 9 82 1 100 5 10 6 65 2 26 5 84 7 10 2 76 1 97 7 96 9 32 7 11 0 32 5 32 1 92 1 100 5 66 9 59 9 74 6 4 1 21 7 66 7 50 4 61 5 80 8 25 
50 8 36 2 26 4 92 9 74 5 77 7 32 5 32 1 29 5 92 0 4 5 39 6 13 7 20 2 32 6 67 2 53 7 70 5 52 6 9 9 95 5 8 8 58 8 93 5 55 4 83 0 17 9 26 5 57 5 70 8 95 4 39 3 95 7 19 3 73 9 73 9 59 5 32 4 90 1 68 2 21 7 44 8 96 5 15 0 1 9 23 0 77 8 51 8 15 1 40 9 9 
50 7 80 0 30 9 6 5 70 2 43 0 44 8 15 4 71 1 27 5 4 1 7 5 71 8 83 4 77 8 76 4 81 4 91 1 43 3 95 9 26 0 92 0 6 7 80 7 79 8 52 0 89 7 20 1 80 4 27 6 58 9 40 8 51 2 74 6 93 7 86 8 58 6 26 1 46 3 84 7 96 8 67 3 11 9 78 7 25 6 48 4 55 6 80 5 11 2 31 4 48 
50 8 21 5 88 2 19 3 90 2 16 4 85 3 41 5 66 6 63 0 93 6 29 6 75 6 12 9 14 3 21 9 66 9 1 2 58 9 100 3 58 5 85 4 93 8 19 6 100 4 39 7 33 2 9 0 34 7 66 6 49 3 58 4 65 2 32 5 94 2 13 9 62 7 60 7 3 6 87 1 40 6 55 4 72 4 52 2 19 9 52 7 53 4 94 6 48 5 57 2 63 
50 4 2 0 4 0 70 0 3 2 59 6 62 3 27 3 41 7 84 0 60 3 25 3 11 7 86 0 8 4 32 8 39 9 16 3 74 0 70 9 7 2 14 5 99 4 9 1 99 8 57 3 7 5 18 2 56 2 63 9 79 7 17 6 24 2 84 7 92 3 31 0 29 6 100 9 15 5 90 2 39 7 14 4 44 9 87 5 38 7 24 1 1 4 64 3 26 2 73 0 25 
50 5 81 8 11 5 61 5 45 0 2 9 92 2 51 2 100 3 94 6 71 9 100 5 94 3 48 4 6 9 49 2 30 3 96 7 15 0 88 2 47 4 99 4 39 8 34 9 20 5 5 8 36 1 48 9 26 0 48 8 27 1 97 3 3 9 4 4 52 3 95 7 89 3 70 3 4 2 46 7 57 5 26 3 61 0 54 4 48 4 5 2 74 1 38 2 88 6 65 1 3 
50 8 14 0 57 2 27 0 49 1 42 6 22 5 89 7 3 9 62 7 25 0 79 6 98 3 14 3 26 7 57 4 22 9 30 4 54 4 51 3 94 7 94 3 70 6 6 5 67 8 92 7 73 5 50 8 50 8 75 9 100 7 66 3 15 5 100 8 35 2 96 3 14 8 8 5 23 7 74 1 89 6 4 8 64 4 51 5 34 3 10 1 95 9 44 0 62 5 5 8 92 
50 2 54 6 74 4 18 4 65 6 62 2 89 3 60 6 18 0 90 1 83 7 93 4 22 1 58 0 34 8 42 0 68 0 16 7 80 8 38 5 87 1 22 3 60 9 77 9 3 0 50 9 11 0 19 6 81 5 29 5 84 6 29 2 35 5 19 6 53 6 5 8 80 1 26 7 93 0 54 1 93 1 81 9 97 1 60 6 60 8 59 9 94 1 30 5 64 6 37 6 68 
50 2 45 7 93 6 99 3 80 1 29 4 29 9 43 8 57 1 7 2 78 3 47 8 41 9 78 2 59 2 17 1 18 9 38 5 67 2 99 0 76 3 53 2 19 2 57 0 70 3 50 2 55 6 85 4 39 5 99 0 25 5 80 7 91 3 15 8 21 2 53 5 12 9 37 4 33 4 61 9 8 4 44 2 53 3 24 0 3 1 98 9 83 3 39 6 89 8 50 8 8 
50 3 62 2 5 6 91 9 45 9 80 7 23 9 6 8 33 1 20 8 84 7 71 5 39 0 6 1 74 4 10 1 20 4 13 6 40 5 65 8 76 1 82 3 52 9 15 1 28 5 94 6 10 9 99 0 61 1 29 7 85 2 5 3 66 1 34 8 4 8 21 0 49 0 67 8 29 2 15 8 100 4 7 8 35 1 83 3 8 3 53 2 89 8 35 8 31 4 71 9 94 
