10 10
50 2 48 1 83 2 9 1 55 6 16 8 59 6 51 4 95 9 61 1 51 1 35 2 38 3 41 8 69 1 55 0 28 0 5 6 76 4 42 3 33 2 12 4 35 7 48 8 81 9 87 1 7 9 75 2 5 2 83 7 29 2 11 8 26 5 58 2 67 4 5 0 8 6 28 6 21 3 57 5 53 1 85 1 77 1 59 5 99 8 63 7 47 1 96 2 41 3 53 3 69 
50 5 29 1 91 1 90 7 54 4 92 9 72 9 17 5 1 9 25 5 32 1 85 8 27 3 83 6 43 6 38 4 91 8 69 5 78 3 58 4 16 3 63 7 87 8 50 5 4 8 89 1 35 9 79 3 19 9 49 2 40 2 23 6 32 0 75 0 84 1 60 7 56 6 19 7 16 3 23 1 67 0 72 5 40 8 39 5 32 8 56 4 57 4 18 4 20 9 94 4 30 
50 0 74 7 82 0 62 2 45 0 27 4 61 2 76 0 32 2 58 1 37 1 52 6 60 7 78 7 1 7 61 0 27 1 18 4 37 0 80 2 57 2 43 9 11 4 9 2 23 3 28 1 9 0 92 8 23 0 45 8 91 7 86 0 27 9 46 2 64 5 76 4 18 5 23 5 83 2 23 3 22 6 23 4 25 4 55 0 28 1 86 2 84 4 26 2 17 0 35 1 86 
50 0 43 0 8 3 6 3 37 7 35 7 46 8 68 0 41 4 49 6 94 1 88 9 15 7 14 8 65 8 36 6 75 5 17 9 34 9 4 1 94 6 57 2 79 2 21 6 78 8 89 4 22 5 4 9 90 8 21 5 35 2 5 0 83 2 94 7 13 9 67 9 40 4 52 4 33 7 46 1 80 5 5 2 29 8 37 1 89 1 87 9 83 1 62 6 33 2 35 0 74 
50 0 84 0 75 9 94 4 48 0 73 9 29 9 29 7 76 3 51 4 75 2 96 0 75 1 67 2 46 1 65 0 98 5 74 9 24 9 87 7 30 2 10 1 34 5 55 7 7 5 11 9 95 3 46 0 99 7 21 3 58 1 65 2 71 2 25 4 63 1 68 3 4 0 17 2 96 2 64 8 35 8 91 6 93 0 40 3 33 0 31 0 96 5 3 9 68 8 38 9 26 
50 3 56 5 24 7 23 7 56 1 38 9 25 4 100 1 64 9 54 6 99 7 45 4 54 9 83 5 11 0 22 5 11 7 31 6 25 3 28 5 95 6 41 8 67 0 14 3 9 9 75 4 14 3 14 6 93 9 27 6 82 3 74 0 32 9 80 2 6 6 10 7 61 3 75 7 76 0 29 6 67 5 25 9 86 7 48 1 51 8 23 6 69 1 5 0 14 2 10 5 33 
50 7 11 8 44 2 94 1 88 2 76 7 11 3 99 9 93 8 96 2 58 3 6 0 98 4 91 3 53 4 54 4 76 3 16 1 76 3 1 3 83 0 16 5 38 6 71 1 45 8 50 3 6 0 2 6 98 0 69 4 13 4 59 6 73 0 12 9 27 4 3 3 28 1 21 6 7 4 13 3 58 2 89 5 85 1 72 0 60 8 76 6 83 6 41 8 60 0 88 4 11 
50 7 54 8 33 0 37 4 47 0 37 1 30 2 42 9 16 5 99 8 80 6 88 2 37 6 69 2 43 0 31 3 2 9 97 8 20 7 15 3 81 6 35 6 35 0 54 0 77 3 53 7 89 1 75 8 77 2 46 5 16 1 54 6 11 9 99 1 16 3 46 7 68 7 11 9 63 3 81 3 37 3 10 3 15 0 47 9 79 2 57 1 34 6 11 5 45 2 98 5 22 
50 7 51 9 67 4 26 1 56 9 46 2 88 5 83 4 53 6 10 8 16 4 15 6 58 4 14 6 17 1 51 3 74 2 95 9 24 8 8 8 69 5 13 3 31 1 58 4 24 6 25 0 47 0 13 1 86 8 61 4 45 5 93 4 87 0 24 2 14 2 17 2 42 8 5 0 78 3 18 9 96 7 30 3 39 0 45 0 1 3 19 0 94 2 92 8 63 1 79 1 78 
50 5 70 3 94 4 32 6 17 4 39 0 89 7 2 8 12 6 19 9 68 1 21 9 96 0 58 1 74 8 30 2 69 7 25 7 89 1 89 4 36 0 86 1 69 5 97 6 46 2 24 0 10 6 70 0 21 5 16 0 83 7 92 5 2 9 99 2 12 3 72 5 57 4 24 8 70 8 49 9 51 8 43 0 72 2 10 0 16 3 42 1 98 9 7 8 8 0 36 8 43 
