10 10
50 2 77 6 68 2 41 4 64 9 81 6 26 0 41 0 63 2 72 2 86 9 34 4 8 9 15 8 87 3 42 4 8 8 65 2 10 4 100 5 36 7 12 9 45 2 48 8 76 7 95 3 58 5 12 9 90 2 66 2 59 7 8 9 82 4 41 5 61 1 100 8 11 1 12 1 44 4 83 7 84 6 99 0 88 8 18 2 79 4 95 9 59 7 78 8 94 2 56 1 42 
50 8 80 0 90 5 95 1 28 7 67 8 39 7 55 7 88 4 83 6 28 0 60 2 74 6 34 3 95 3 68 3 89 1 75 5 29 2 44 4 28 8 96 7 76 9 46 1 25 2 81 4 61 4 9 3 20 0 88 6 13 6 9 6 80 2 11 0 12 0 54 6 55 4 20 3 80 1 88 0 70 2 25 3 67 7 18 7 47 8 27 4 94 3 48 6 33 9 28 4 98 
50 9 44 2 52 5 43 5 90 0 10 9 97 7 37 8 83 1 46 8 39 5 76 6 86 7 82 7 8 9 39 9 15 6 39 4 30 9 87 2 55 2 72 4 10 8 82 4 26 8 68 8 14 6 66 6 56 6 80 3 71 5 21 5 28 1 80 0 100 9 75 9 88 8 76 9 56 8 95 2 13 8 96 9 10 4 46 0 37 6 9 2 99 6 24 5 80 2 6 9 72 
50 8 3 0 71 6 64 7 88 4 26 4 99 9 83 1 36 0 74 9 64 3 8 8 38 2 59 9 43 0 65 6 48 6 94 0 46 4 73 3 99 9 86 1 97 0 72 0 54 1 52 8 45 1 81 2 1 8 30 8 62 9 18 7 63 3 4 1 40 5 2 8 64 5 92 3 70 9 73 4 67 6 3 5 4 8 61 1 99 9 4 9 23 2 51 5 96 8 92 2 7 
50 5 9 0 85 9 17 3 76 6 83 9 90 4 18 7 85 0 32 6 99 8 22 0 27 4 59 3 34 3 47 4 16 1 22 2 46 3 5 5 50 0 52 1 11 4 20 9 48 4 74 0 47 5 60 5 84 3 31 2 53 3 96 3 89 2 63 1 34 5 76 8 76 8 91 5 87 6 60 4 49 2 3 6 9 1 87 5 30 0 37 9 17 8 76 8 64 6 86 6 46 
50 1 33 1 4 1 83 4 56 6 41 7 78 9 30 1 7 9 99 5 48 4 4 2 54 8 52 4 90 5 72 0 41 8 25 6 53 3 44 7 100 2 82 0 60 8 10 9 40 7 32 1 45 2 71 3 98 2 61 7 81 8 94 2 67 3 98 2 5 4 57 3 44 1 88 5 68 0 92 2 90 0 87 3 29 3 92 2 21 1 32 8 22 3 91 1 23 6 25 8 48 
50 7 51 9 92 3 8 0 24 8 95 5 53 6 35 2 23 1 79 8 34 5 75 1 35 3 27 9 92 8 51 8 13 7 76 0 39 2 55 4 83 5 24 5 52 5 15 0 52 4 53 6 61 1 41 3 9 1 19 6 71 8 21 2 75 4 14 4 95 4 56 7 26 8 87 8 46 9 37 5 11 5 30 2 11 2 40 1 59 3 81 3 60 4 57 3 40 9 34 4 33 
50 3 91 2 26 8 2 2 57 7 1 1 36 8 74 8 86 5 27 6 9 5 17 3 6 3 70 1 69 6 80 1 68 6 34 3 54 2 21 5 52 6 85 9 50 6 21 2 62 2 42 4 37 1 77 6 20 3 19 2 56 0 69 5 98 8 77 0 30 7 47 4 35 5 27 4 33 4 57 0 9 5 80 1 18 7 51 4 94 8 90 5 4 2 45 2 48 3 82 6 42 
50 0 39 4 67 5 88 3 47 3 86 0 39 4 19 9 3 3 42 9 59 6 74 2 23 5 44 1 55 9 10 9 15 2 77 1 87 9 64 8 52 4 27 1 12 0 44 6 58 7 73 1 95 0 28 6 35 6 28 4 77 8 88 7 31 3 51 5 19 4 28 4 50 9 12 4 2 6 60 4 38 1 63 9 92 2 7 5 4 0 19 5 11 0 80 4 100 3 16 2 85 
50 4 78 1 9 6 1 7 67 1 24 4 28 5 9 5 17 0 59 9 94 8 39 1 61 9 57 8 84 1 92 3 65 2 9 1 17 4 22 6 52 4 78 7 45 1 58 2 35 1 12 0 88 2 8 9 57 0 92 1 58 9 40 8 46 7 65 3 32 9 5 2 28 3 49 7 96 9 36 7 31 3 8 8 91 8 33 3 61 6 91 7 66 0 28 2 56 2 7 3 16 
