10 10
50 3 77 6 91 1 94 0 6 1 35 8 49 5 52 0 68 1 92 4 57 8 26 1 55 5 63 0 43 7 54 3 16 5 64 0 68 8 40 9 85 5 3 3 83 5 47 7 73 6 18 1 78 5 40 0 73 7 33 8 62 3 14 9 76 0 63 5 99 7 65 2 76 3 81 4 72 7 25 4 96 2 98 4 94 6 59 7 56 2 76 9 80 0 79 1 39 3 67 3 54 
50 0 67 4 5 9 98 5 15 4 72 0 24 0 29 6 34 0 2 4 87 9 57 4 24 2 57 4 71 0 32 9 44 9 83 4 90 7 70 3 81 4 68 3 83 8 29 8 95 5 87 6 100 3 44 8 79 8 50 2 80 2 21 2 71 6 48 1 27 3 91 3 39 4 35 2 75 6 2 2 39 7 66 2 74 7 23 6 100 0 43 7 79 0 52 8 38 6 84 5 80 
50 4 25 1 94 7 42 0 55 7 67 1 54 5 89 6 39 7 38 5 60 9 12 3 17 6 51 2 93 3 64 2 32 7 42 9 60 7 32 9 51 0 58 5 78 3 1 4 36 9 50 9 39 3 63 7 3 0 83 3 46 1 35 7 44 2 69 8 49 6 96 8 39 8 6 2 46 7 4 5 31 9 78 6 26 3 69 2 29 2 69 8 54 4 36 4 28 3 26 0 1 
50 3 45 1 69 6 88 3 69 7 13 6 42 7 54 0 89 5 84 1 80 8 37 2 46 6 8 7 66 8 85 8 73 4 83 9 40 4 82 0 33 3 3 6 82 8 77 8 55 4 6 6 56 8 41 8 14 2 21 2 9 3 63 0 56 6 81 2 32 2 70 3 31 2 82 4 51 5 20 3 99 7 76 3 92 7 79 8 47 3 46 7 50 9 56 6 9 4 32 6 83 
50 7 51 7 46 5 38 4 8 7 9 5 69 0 90 8 43 7 4 7 68 0 67 0 38 1 16 2 90 4 79 3 47 8 89 4 32 5 89 4 90 2 6 8 91 9 40 7 48 2 84 3 22 2 8 0 63 5 65 3 91 0 58 7 74 6 38 1 30 4 16 0 85 2 68 8 49 0 39 3 27 1 47 1 24 4 19 0 18 7 37 0 60 5 96 4 6 9 44 2 59 
50 3 97 6 48 9 50 4 6 1 96 3 42 1 32 9 60 6 21 4 57 5 58 2 56 2 80 0 59 4 46 8 80 9 57 1 83 1 77 5 58 9 86 9 42 1 57 1 12 2 12 4 12 5 64 9 40 8 38 2 71 2 37 5 18 1 11 1 32 8 97 7 78 4 50 8 24 0 75 0 92 6 84 2 74 7 17 0 12 5 86 0 22 2 100 3 75 2 82 1 72 
50 0 43 5 54 0 31 1 35 3 78 0 79 8 93 8 71 5 35 4 11 1 56 4 93 5 59 2 78 1 93 2 2 7 54 9 27 6 69 5 17 3 7 4 100 5 48 8 48 5 91 7 1 6 41 4 98 6 38 7 57 0 45 2 56 4 12 9 45 7 13 9 34 5 66 2 66 6 21 6 63 0 47 3 57 4 63 3 21 9 9 4 1 6 13 0 26 1 21 6 72 
50 5 91 1 61 8 20 7 53 3 9 8 26 2 77 1 75 3 1 0 60 3 88 5 24 7 17 1 52 4 72 9 34 7 63 4 88 5 100 1 29 3 30 8 10 1 14 0 39 1 60 6 77 4 81 5 33 2 39 5 17 5 68 2 18 3 47 8 34 6 89 1 54 5 73 3 40 4 89 2 40 0 75 3 14 1 25 3 62 2 40 6 67 9 73 3 91 5 82 6 55 
50 4 60 5 14 8 97 7 45 5 85 3 74 9 67 4 3 7 96 6 51 6 83 6 33 1 2 7 46 0 37 2 26 8 52 2 66 6 73 4 83 7 96 8 75 8 20 6 69 6 15 4 91 9 91 5 100 1 83 5 56 6 13 7 86 6 1 6 39 1 78 5 22 4 33 3 77 5 89 6 50 3 79 3 99 4 11 9 8 2 69 9 39 6 34 8 15 2 7 9 30 
50 9 28 2 36 3 62 9 85 3 73 1 26 2 26 6 13 0 70 1 41 9 38 0 56 0 63 0 84 6 94 3 91 6 63 5 97 4 98 6 39 9 48 1 16 6 22 3 61 9 87 3 58 3 7 9 67 1 34 0 21 7 11 8 58 1 14 6 27 5 80 4 9 8 20 4 50 0 59 4 53 2 63 5 8 8 24 8 70 6 85 8 89 9 34 1 81 0 97 0 89 
