10 10
50 3 57 1 49 5 12 4 78 6 39 8 36 6 94 1 90 8 18 6 69 9 57 2 81 5 1 7 5 0 27 9 85 6 22 4 31 8 51 5 66 6 52 0 36 2 27 4 72 2 57 1 66 1 57 1 42 8 84 5 35 7 80 3 80 0 62 9 42 6 65 4 74 3 15 8 97 4 100 8 1 8 17 9 27 6 35 0 10 5 54 1 76 5 49 1 74 4 17 7 33 
50 1 66 1 23 5 54 6 93 8 57 6 23 4 33 8 40 7 47 8 91 6 91 7 98 5 11 8 4 3 95 4 60 3 16 4 85 1 9 4 52 5 72 5 86 2 80 0 18 5 64 1 29 0 60 3 90 7 18 4 58 2 95 2 14 9 97 3 98 4 21 0 31 9 36 0 84 4 61 7 67 4 69 6 77 5 7 3 90 7 94 5 46 5 61 9 55 5 49 9 8 
50 2 46 4 75 1 50 9 46 5 11 8 89 7 33 6 11 1 49 4 77 2 53 7 33 1 70 8 86 2 30 1 45 0 12 3 81 2 17 7 64 5 65 5 28 5 42 2 94 0 49 5 34 5 54 3 20 7 8 1 8 4 83 7 71 5 72 1 67 0 84 9 11 1 81 0 72 5 1 5 92 9 45 9 10 3 9 7 19 8 27 3 87 5 34 4 25 0 30 7 41 
50 6 22 5 60 9 41 3 52 3 87 6 44 9 85 1 10 1 28 8 8 8 44 8 27 2 82 5 53 8 44 5 13 5 23 4 64 9 53 9 92 3 24 6 4 6 10 1 96 6 14 3 35 0 75 2 30 2 64 3 98 1 7 5 70 3 66 1 18 1 45 4 66 1 77 6 35 6 67 8 38 5 81 1 45 2 4 1 96 4 38 6 80 8 5 5 83 9 61 3 17 
50 3 66 6 23 2 100 9 4 9 38 4 78 5 28 8 26 7 20 1 28 9 88 7 22 3 99 6 95 0 20 8 38 0 44 8 70 7 61 9 1 1 12 5 17 6 73 5 54 7 51 1 24 5 6 1 17 6 49 6 25 2 9 7 52 3 15 7 25 9 68 8 4 7 15 4 52 8 35 0 98 1 75 1 61 5 4 4 76 0 46 5 41 8 29 1 6 0 69 1 38 
50 5 43 8 13 5 51 1 96 8 47 9 42 0 15 7 88 4 57 7 11 8 29 5 32 6 70 9 6 9 74 6 15 2 62 8 30 9 35 8 46 1 69 8 95 9 36 9 37 1 41 6 76 1 17 9 76 3 30 9 79 6 92 9 64 5 27 4 60 9 1 4 48 2 81 0 14 2 41 9 23 6 79 3 62 0 9 2 13 0 34 2 90 8 32 1 67 7 22 6 88 
50 2 2 4 30 8 60 3 57 8 26 3 92 0 40 1 29 0 73 3 5 9 21 1 35 3 59 2 72 8 19 4 58 4 31 1 99 5 8 0 66 4 95 5 64 7 10 4 15 4 25 4 41 1 18 6 25 2 64 7 2 2 89 9 76 8 61 6 78 6 60 1 6 7 68 1 78 1 74 7 40 2 67 3 47 8 23 5 36 2 61 2 23 3 86 5 56 2 62 5 75 
50 4 55 7 85 2 11 8 51 7 80 1 11 4 71 9 94 3 19 0 82 3 99 2 84 7 90 2 23 2 78 4 83 2 37 6 94 2 14 0 55 1 80 2 33 0 35 2 65 2 36 1 32 1 36 0 78 8 6 6 23 3 34 9 7 1 92 9 66 3 53 5 71 4 41 0 47 3 46 4 54 3 48 9 67 7 21 1 10 9 73 0 35 8 60 2 14 6 96 8 33 
50 3 39 7 88 9 8 5 91 9 80 3 54 2 90 2 29 4 76 8 75 8 98 9 9 7 5 6 86 1 89 7 22 7 42 0 86 6 75 0 54 7 15 0 29 8 100 0 1 8 72 3 96 3 36 0 42 6 8 5 45 1 82 4 45 7 89 0 48 5 55 1 56 6 13 1 1 3 34 6 100 9 57 3 25 7 57 0 76 7 12 4 78 3 6 8 21 4 30 8 61 
50 4 22 7 38 5 23 9 76 2 39 1 10 3 90 4 44 5 21 9 44 9 97 9 71 2 33 9 99 9 78 7 2 8 10 5 4 1 82 9 51 7 15 4 22 5 42 3 26 2 35 1 73 7 28 1 4 2 56 6 61 7 77 4 13 9 85 5 29 9 8 6 100 3 29 6 81 1 43 6 77 0 99 4 84 5 87 1 38 6 73 5 95 3 88 8 31 8 69 2 19 
