10 10
50 9 49 1 21 2 62 4 53 5 41 0 87 8 21 2 52 5 59 7 93 4 84 0 48 3 96 7 96 0 1 1 19 0 65 8 27 6 94 3 74 7 9 0 91 2 26 2 95 0 40 7 10 9 94 5 33 0 92 9 86 2 91 1 69 2 95 0 97 2 60 8 56 5 8 6 4 5 41 4 54 8 73 5 2 1 24 9 74 3 78 8 8 2 14 7 29 6 63 4 81 
50 0 62 7 85 7 47 6 33 3 8 6 35 8 8 2 63 5 81 6 11 2 35 2 9 1 91 8 37 4 74 0 46 9 38 6 21 9 13 8 72 5 82 8 23 6 11 2 53 2 84 3 95 5 86 1 8 2 57 8 45 8 62 4 75 2 52 1 61 6 35 4 33 4 55 7 35 6 32 1 15 6 36 2 77 9 64 0 40 5 60 1 89 4 96 2 19 3 52 3 88 
50 2 11 3 95 4 65 0 64 4 49 7 21 8 96 1 34 8 95 0 80 2 33 3 43 4 72 5 14 5 29 2 87 2 9 9 24 5 39 7 7 7 93 5 50 1 10 8 20 2 23 9 73 5 92 3 14 3 51 0 73 7 14 3 67 2 69 6 62 1 11 2 61 1 35 1 60 1 62 4 90 1 40 9 37 1 75 4 17 6 59 9 11 6 81 2 29 5 68 4 75 
50 4 100 8 47 0 53 9 76 3 15 2 22 5 100 7 29 2 59 8 30 0 45 4 40 7 81 7 96 7 48 7 53 1 53 1 64 4 98 8 43 1 96 6 61 5 61 4 14 4 80 0 38 0 15 2 27 9 15 5 41 1 18 8 99 9 88 0 75 5 19 7 53 4 59 1 9 0 13 0 16 9 37 0 41 4 52 1 51 5 7 9 15 0 54 6 47 3 90 8 41 
50 0 52 9 84 7 46 8 20 0 32 3 86 5 75 6 65 2 31 5 82 6 21 4 38 6 59 6 71 7 4 0 52 4 46 8 69 8 13 5 55 5 69 2 95 9 7 9 29 5 96 1 17 3 25 2 29 5 33 4 64 7 52 1 1 0 30 0 29 3 29 1 53 5 34 0 99 7 3 3 28 2 36 9 89 6 98 7 24 9 77 8 38 5 51 9 42 1 82 7 51 
50 3 17 9 65 9 98 9 77 1 30 2 86 8 37 3 59 1 77 8 95 3 55 7 9 5 55 0 44 4 7 8 97 8 81 5 52 2 79 8 26 6 28 0 64 2 52 1 69 2 56 7 38 5 88 9 77 5 3 6 4 4 77 1 19 6 87 4 38 2 19 6 65 4 37 9 72 8 68 7 42 8 43 6 73 3 39 6 52 2 75 6 49 2 70 7 60 1 70 1 62 
50 8 88 3 15 3 54 1 52 7 98 7 51 5 53 3 100 0 98 6 70 5 40 9 65 1 9 2 9 2 71 8 84 4 11 7 92 2 84 6 27 3 96 3 43 5 34 9 72 5 80 5 56 8 80 5 27 1 31 7 21 4 7 3 68 3 45 9 11 9 84 3 46 2 11 8 4 7 53 7 68 0 35 5 76 0 89 3 14 3 39 4 29 7 79 0 68 5 30 9 67 
50 0 13 0 84 1 77 5 68 0 9 7 43 5 70 4 30 3 28 0 43 2 64 4 10 3 92 0 41 5 41 1 48 6 28 4 96 0 47 1 28 3 72 7 81 1 39 3 95 4 40 1 55 3 83 5 58 2 89 0 19 2 32 0 33 8 40 8 92 0 60 5 61 2 95 4 79 2 53 8 93 7 90 7 81 9 62 6 86 7 69 3 48 1 13 5 46 3 87 1 40 
50 8 98 9 22 2 40 6 84 2 89 4 5 0 47 0 40 8 10 6 26 3 23 6 88 1 38 4 20 8 83 1 15 8 43 8 17 6 74 8 20 3 33 5 18 7 57 8 83 3 59 2 51 1 19 4 48 6 91 3 94 8 72 0 69 9 51 6 54 7 70 8 62 9 87 0 75 5 94 7 90 8 36 0 89 4 86 5 79 9 87 8 54 9 82 2 84 7 18 1 67 
50 2 95 2 97 2 83 8 87 7 37 2 8 2 75 9 82 5 3 5 28 7 42 7 77 8 83 2 69 0 100 8 83 6 50 1 46 8 74 4 39 4 11 5 35 1 28 3 42 1 9 5 37 7 43 3 27 9 17 4 67 8 33 0 56 6 13 5 82 6 77 0 32 2 7 2 12 1 63 9 18 7 54 0 31 9 3 1 63 1 7 6 17 9 64 2 78 2 70 8 100 
