10 10
50 9 24 2 70 3 49 6 21 6 41 2 69 0 99 1 98 2 99 5 51 9 100 3 36 1 90 1 70 3 24 8 18 3 63 8 19 7 98 2 15 1 37 7 9 7 97 3 9 0 9 3 22 7 99 9 55 4 27 0 47 1 48 4 27 9 65 6 34 8 82 8 23 8 46 0 56 6 85 1 56 1 3 1 53 7 51 7 64 3 14 6 68 4 63 0 21 4 65 8 60 
50 1 56 8 92 4 88 8 99 8 72 1 91 3 4 1 27 4 27 1 22 4 70 9 23 6 21 1 67 0 74 6 65 6 26 3 21 6 55 9 71 7 31 0 20 2 69 1 98 9 20 0 84 4 56 5 34 8 46 5 85 4 63 3 78 2 32 4 96 1 85 6 48 9 13 7 12 2 24 1 31 8 95 8 39 7 92 0 92 8 51 5 99 4 78 2 82 5 41 7 67 
50 3 25 6 63 7 56 9 38 5 53 7 49 7 68 7 80 2 56 2 100 5 6 5 12 1 48 7 84 4 94 3 34 0 56 8 18 9 9 4 19 3 63 6 29 4 1 4 44 4 41 5 3 7 3 2 96 9 24 5 82 3 26 8 37 6 39 1 73 6 39 8 81 1 85 2 72 2 42 4 18 8 29 1 37 9 90 6 83 3 43 5 33 6 64 9 84 7 93 9 82 
50 6 5 9 1 6 17 0 95 5 69 9 26 7 4 8 55 7 16 2 48 8 63 7 77 7 59 0 91 3 59 3 51 0 1 0 26 3 69 6 57 6 22 7 83 7 81 2 15 5 99 8 79 3 73 6 67 5 55 9 41 3 85 4 95 8 76 1 30 9 75 9 14 1 56 6 55 5 53 1 100 5 97 9 73 0 99 5 58 2 28 5 62 4 73 1 89 5 3 7 32 
50 2 45 4 96 1 90 2 59 2 68 5 45 1 71 9 76 0 46 9 40 2 23 5 30 7 98 6 99 1 73 3 60 9 83 2 47 1 83 2 14 9 96 7 49 1 92 9 40 9 11 5 22 9 64 3 52 2 36 6 33 0 84 5 14 3 24 8 55 5 98 3 66 0 30 3 13 9 41 8 57 7 21 1 75 8 95 2 8 5 63 8 88 8 4 1 17 8 21 8 8 
50 4 86 1 12 6 58 6 70 4 99 1 73 6 40 7 40 5 1 7 69 5 47 4 40 9 44 2 24 1 11 4 98 4 10 5 48 0 4 7 8 7 81 4 96 1 36 2 43 4 97 9 58 9 68 1 28 9 77 0 70 4 54 0 78 0 61 6 39 2 95 2 10 2 17 2 96 3 79 2 100 5 51 4 6 4 72 3 57 8 51 2 68 0 39 1 24 6 57 0 9 
50 8 9 9 66 8 41 9 24 1 48 3 68 9 53 1 10 6 27 3 86 3 21 7 7 4 15 7 11 4 98 3 65 8 84 6 11 8 17 0 84 1 18 3 15 2 91 8 7 9 51 1 53 2 52 5 75 5 95 5 72 1 26 7 47 5 11 0 7 9 86 9 6 6 89 0 94 7 34 8 97 3 90 1 52 9 6 8 13 9 25 7 10 7 15 6 16 1 52 2 58 
50 9 32 7 47 3 30 2 23 3 47 7 87 6 65 8 80 4 86 6 49 2 89 5 95 1 32 5 78 6 79 0 25 1 22 6 55 2 77 4 100 3 27 1 63 4 76 1 80 5 43 3 79 9 9 4 80 1 39 4 60 8 98 7 19 8 7 4 64 3 81 1 79 7 45 4 96 0 95 7 41 0 81 6 60 6 67 3 2 2 30 5 94 8 83 2 8 5 65 8 59 
50 5 66 9 7 1 98 7 93 3 33 4 38 6 19 1 8 3 70 9 20 9 58 1 65 4 94 3 2 4 50 6 68 1 75 4 49 3 94 1 54 4 47 8 51 3 16 1 72 3 21 4 69 7 39 9 54 7 78 7 97 1 29 3 65 4 52 7 11 7 53 4 59 8 53 7 82 4 89 4 74 3 46 4 45 0 13 3 100 5 80 3 9 7 29 3 35 4 98 5 35 
50 6 99 0 23 8 18 4 74 9 59 7 10 0 76 5 56 1 23 0 55 2 56 7 17 5 14 8 44 0 1 7 4 4 39 2 41 7 66 0 44 0 56 7 97 6 14 0 73 2 88 2 3 9 53 6 66 9 60 4 89 3 29 2 8 7 23 0 3 5 77 7 59 5 96 3 3 3 89 4 52 3 28 2 12 1 56 0 46 7 78 1 88 9 65 6 86 0 51 3 5 
