10 10
50 5 55 3 14 7 86 5 5 8 86 0 63 0 18 9 12 3 89 6 64 2 96 7 3 4 98 9 93 4 3 9 17 2 38 2 14 1 27 9 77 8 15 8 15 0 23 6 44 8 71 0 73 2 32 4 34 8 98 6 46 1 5 7 87 8 96 2 33 1 31 1 77 5 46 7 50 2 8 4 55 9 31 9 8 2 56 1 20 1 72 5 9 2 57 6 80 3 25 8 24 
50 2 41 2 64 3 59 9 64 4 5 4 41 0 56 8 39 5 98 6 70 4 53 9 2 0 16 7 24 4 18 4 17 1 85 2 18 6 50 1 58 9 41 7 58 4 81 1 46 2 5 7 23 9 32 2 75 4 34 3 85 3 78 3 91 3 88 6 62 3 64 7 43 4 1 7 22 6 69 0 63 6 100 1 28 0 17 5 2 0 77 2 92 3 65 9 59 5 31 6 59 
50 2 45 7 72 1 47 1 1 2 42 7 42 5 43 9 30 6 32 4 34 5 50 9 27 4 72 6 95 8 71 7 67 9 76 3 28 8 74 2 23 0 33 2 97 3 80 9 89 8 12 7 29 5 86 1 83 6 59 6 62 6 11 5 42 1 52 7 15 3 69 8 79 5 22 9 65 4 90 6 17 9 70 8 63 5 2 4 1 4 34 1 34 8 30 6 6 3 68 6 86 
50 9 6 9 27 1 34 1 64 6 71 1 29 9 80 9 24 3 81 7 11 5 89 1 5 0 34 2 37 5 3 4 6 4 44 7 56 9 77 0 33 6 35 2 19 5 79 5 53 0 52 2 30 0 72 7 15 6 9 1 43 9 47 3 93 3 27 9 93 2 18 9 79 5 47 6 67 8 58 3 87 2 12 3 72 8 63 3 58 4 40 1 37 6 5 8 28 1 10 8 6 
50 3 25 0 36 2 47 6 24 1 30 6 95 9 18 9 67 5 14 5 31 4 15 4 6 5 76 8 6 6 39 4 44 3 48 0 37 4 11 0 79 4 47 2 5 1 19 3 32 0 59 6 1 8 9 3 51 3 19 8 10 7 25 9 98 7 30 0 64 3 7 2 81 9 89 4 22 4 20 0 79 7 38 4 7 0 10 4 44 3 50 2 16 7 20 0 41 9 24 9 88 
50 6 20 6 20 0 77 4 49 9 68 5 89 6 31 9 59 3 29 4 95 5 72 7 83 1 83 0 93 2 11 4 10 5 57 6 57 0 16 6 62 9 9 5 30 6 65 4 79 0 6 9 36 9 83 3 39 4 81 3 96 5 9 7 9 2 71 1 36 7 66 7 100 5 62 0 5 6 90 1 60 1 34 2 87 4 29 0 38 1 40 5 36 5 19 4 36 4 99 3 53 
50 4 61 7 10 0 47 7 31 5 47 9 84 8 38 5 96 1 52 6 97 6 1 0 46 1 19 9 82 1 37 6 58 3 71 6 64 2 71 4 68 2 57 8 47 3 29 0 50 9 5 6 98 8 1 7 89 6 72 8 18 9 99 6 54 0 78 6 3 8 19 3 1 1 27 4 72 2 66 4 99 9 60 4 70 7 72 6 79 4 99 7 86 0 26 2 84 8 63 4 92 
50 1 54 7 85 5 17 5 97 3 20 6 70 4 15 3 3 9 10 7 3 1 48 7 79 9 55 5 54 9 99 7 85 1 78 0 62 2 7 3 28 2 55 1 79 9 7 3 62 4 63 3 30 2 37 4 77 3 27 1 68 7 76 7 23 7 63 1 35 0 87 0 90 4 18 7 78 4 92 5 81 7 94 0 11 5 61 9 56 5 26 2 100 6 50 4 63 4 13 6 87 
50 1 69 5 65 8 61 5 57 8 70 6 99 6 97 3 24 0 53 4 3 8 100 4 51 3 57 3 100 8 13 8 77 9 79 3 21 2 73 4 98 6 21 5 61 0 76 2 85 8 42 8 60 7 43 6 94 2 59 0 38 7 47 5 6 8 24 4 93 0 44 1 56 2 63 6 36 4 12 1 100 7 74 0 17 0 31 2 66 2 42 1 44 1 13 7 99 4 94 5 85 
50 3 58 7 69 4 78 9 55 9 86 9 27 4 48 3 92 2 19 7 48 1 85 9 6 6 12 2 49 6 66 3 88 4 73 6 61 7 76 1 39 8 54 1 70 2 60 0 88 7 93 0 3 6 40 9 99 1 36 8 74 0 18 5 80 7 39 9 59 9 42 8 81 8 62 2 48 9 35 7 59 6 42 6 79 8 39 0 77 3 53 1 60 2 31 4 52 5 50 7 69 
