10 10
50 4 57 5 56 4 12 7 3 3 53 6 100 9 73 5 97 7 28 0 91 8 23 3 69 3 45 9 99 1 46 5 94 7 52 9 21 3 56 8 42 5 74 1 14 3 58 6 99 6 93 1 42 0 90 5 85 3 88 2 48 9 6 5 75 5 65 6 29 7 1 7 86 4 79 0 48 8 86 5 71 9 32 4 98 7 10 5 87 5 37 9 48 3 13 9 60 4 14 4 46 
50 7 79 1 50 9 36 6 89 9 89 0 85 3 53 1 53 5 23 0 92 4 19 2 77 9 27 1 49 1 44 7 34 2 82 1 57 6 93 0 48 4 98 5 62 3 77 4 11 5 100 7 91 7 96 3 54 4 8 8 77 8 5 7 37 3 47 8 93 0 22 8 1 5 30 5 80 5 28 7 91 1 51 4 45 4 74 3 34 6 53 5 69 2 64 7 25 0 40 5 32 
50 8 2 8 22 4 61 7 31 0 2 9 52 8 85 6 49 0 27 8 53 5 85 9 66 9 22 7 63 0 49 0 49 0 59 8 45 5 65 5 57 7 4 2 22 4 73 7 11 4 48 2 93 6 38 0 82 1 67 7 68 7 48 3 88 8 61 8 31 3 37 3 73 1 41 4 22 5 22 3 78 3 75 6 47 6 31 8 100 7 36 2 83 3 19 1 41 8 17 2 4 
50 0 36 6 92 7 84 6 61 1 56 3 65 3 6 7 1 0 39 0 18 0 60 1 62 4 95 4 42 6 27 1 22 5 3 8 91 2 100 8 94 2 76 7 74 1 47 3 35 2 18 9 52 6 82 0 12 4 46 1 19 6 78 9 7 4 98 1 88 9 83 3 22 0 48 6 4 0 81 1 4 9 43 4 18 4 46 0 61 7 39 0 54 0 16 6 30 7 16 4 66 
50 7 55 6 33 8 92 1 93 0 81 0 53 4 44 2 84 0 7 6 94 0 100 5 36 4 93 0 73 8 75 6 22 2 60 0 96 1 19 0 79 7 19 5 30 1 78 6 26 6 70 1 15 3 99 1 86 5 81 2 11 9 80 5 27 4 86 0 72 2 40 5 7 2 39 9 96 1 56 8 73 8 20 1 58 0 14 3 89 2 64 1 15 9 56 1 42 0 72 3 16 
50 0 36 0 25 1 21 9 50 7 14 8 43 7 2 4 48 4 48 6 47 5 79 9 20 2 77 9 75 4 40 9 31 0 4 3 6 2 52 1 49 9 2 3 19 5 50 7 12 4 25 4 28 3 59 1 67 8 21 9 10 9 89 3 32 1 50 5 26 7 65 9 58 2 83 5 37 8 59 5 39 4 81 3 43 2 93 3 52 8 16 9 79 0 6 6 27 2 66 5 27 
50 2 34 2 5 9 35 9 5 1 2 4 33 6 88 7 8 7 57 9 32 7 85 3 4 9 72 6 24 8 20 6 76 8 54 6 25 2 6 1 2 5 45 0 21 0 56 8 48 2 7 7 59 1 16 5 85 2 69 6 93 1 18 5 90 5 56 5 18 0 32 2 17 8 10 4 26 7 49 3 77 8 82 2 34 0 42 3 2 2 17 7 38 0 91 2 8 4 86 4 16 
50 1 13 9 98 6 22 4 32 3 97 4 2 8 55 1 27 5 64 3 65 3 30 1 17 4 23 6 89 2 51 3 48 2 58 9 32 7 46 0 26 1 2 4 49 6 50 4 10 9 45 9 52 9 18 5 42 5 89 1 19 7 90 8 24 7 78 2 75 6 4 7 82 3 22 9 38 1 86 7 44 6 49 8 17 0 45 7 70 7 11 5 68 3 7 4 62 9 75 6 92 
50 2 51 1 50 1 28 2 61 8 18 8 35 5 29 9 44 7 21 9 71 7 50 4 75 8 76 1 70 4 95 9 18 7 32 6 97 6 87 0 97 6 59 4 75 0 46 1 27 5 80 9 99 6 18 8 47 0 51 2 73 0 77 3 27 3 89 1 78 2 86 7 100 3 96 6 38 7 74 4 8 1 20 6 60 5 31 4 87 9 24 1 62 0 36 9 65 6 28 8 3 
50 6 23 5 25 1 59 1 14 9 70 0 84 3 15 6 92 6 43 9 19 9 50 7 97 7 97 8 2 5 56 6 83 6 56 6 56 9 32 9 47 9 16 7 82 2 97 6 68 6 3 8 69 0 88 5 49 9 6 5 73 5 48 9 3 3 6 2 89 4 13 8 32 6 64 1 10 4 68 9 69 0 74 5 53 9 43 3 63 2 2 0 51 0 48 7 45 2 45 8 80 
