10 10
80 2 24 0 43 3 23 9 58 8 63 4 38 7 88 5 24 1 19 9 60 2 60 2 45 8 42 6 25 5 23 9 27 0 43 7 31 0 25 4 46 5 36 6 75 6 35 5 33 8 25 1 39 1 30 1 38 6 17 1 69 9 54 8 6 7 40 0 66 8 93 5 49 2 15 9 8 1 39 0 26 2 78 2 48 5 54 4 3 4 24 1 44 4 86 9 81 9 48 8 2 6 11 8 52 3 81 4 58 7 59 3 91 3 84 8 79 6 77 7 9 5 69 8 3 9 91 3 17 6 22 5 34 7 66 8 35 0 30 0 78 4 58 5 24 1 55 8 52 3 42 8 55 9 55 4 95 9 1 2 36 
80 3 96 9 63 6 26 8 91 7 34 2 51 4 34 3 41 4 3 6 3 9 84 3 1 2 9 6 12 0 6 1 99 7 2 3 95 8 50 3 75 4 12 6 75 7 46 1 41 6 14 3 82 2 82 4 37 7 17 8 19 4 11 0 51 7 22 9 66 5 44 2 64 1 97 2 62 3 38 3 69 0 66 3 52 6 20 7 33 0 32 4 62 2 41 3 35 1 98 3 91 0 76 6 35 7 10 7 69 3 58 0 97 4 100 6 37 4 98 9 95 1 10 6 64 2 40 5 58 8 31 2 56 1 62 1 50 0 84 2 71 0 80 2 12 6 35 9 93 9 45 0 91 8 26 8 37 4 15 2 69 
80 8 26 4 70 9 6 5 50 6 29 0 25 2 66 8 75 6 58 6 56 9 67 2 55 5 88 1 74 1 5 8 29 6 87 9 6 7 93 1 64 4 85 5 75 9 64 3 44 6 48 5 57 6 79 2 91 0 14 6 89 9 91 2 34 1 44 3 66 8 85 7 35 4 17 7 89 0 10 3 58 5 69 1 15 3 68 5 94 5 30 1 94 9 1 7 82 4 31 1 68 2 56 0 33 3 78 0 3 7 98 5 74 5 55 1 66 5 94 7 25 7 55 6 91 2 57 3 42 6 51 3 6 7 42 6 52 5 22 3 53 2 40 6 57 3 49 4 27 6 12 4 16 9 48 8 57 7 94 0 3 
80 5 62 2 84 4 67 9 10 6 51 5 3 1 73 8 39 4 96 3 28 8 38 0 99 7 88 4 80 6 70 1 90 7 57 0 86 8 20 0 75 1 3 0 8 1 48 8 39 1 39 5 12 5 35 1 52 1 14 7 20 4 26 2 1 9 87 0 10 6 95 7 21 7 56 8 99 2 99 3 41 4 45 1 60 8 95 3 49 8 81 0 54 5 17 8 52 0 74 1 38 1 73 2 92 2 28 0 98 3 40 1 48 9 56 8 95 9 74 9 96 4 15 8 94 4 1 2 12 9 20 5 50 6 85 0 92 2 56 0 96 2 36 7 60 1 13 4 77 9 65 4 56 6 52 0 69 9 17 3 4 
80 9 36 2 36 8 68 1 86 1 88 9 22 1 84 3 59 7 22 4 93 5 19 5 4 7 76 1 10 0 68 7 93 7 94 6 94 8 80 7 22 7 34 0 16 2 84 9 66 5 72 7 8 6 21 6 29 6 82 5 73 2 83 9 25 0 50 5 88 5 53 8 31 8 44 2 4 5 67 2 62 2 11 4 11 3 83 8 2 6 30 9 91 4 50 9 55 0 49 1 79 2 85 7 14 6 11 4 72 4 3 2 64 2 11 0 43 8 43 1 65 0 30 7 12 5 32 4 21 9 34 2 83 5 81 3 82 5 68 9 89 1 7 7 38 7 68 4 21 8 60 7 11 8 49 1 21 5 15 7 73 
80 7 70 5 89 9 9 8 35 7 11 6 60 1 37 7 70 7 13 8 82 8 70 3 96 1 77 5 25 9 54 3 29 7 39 8 45 1 95 4 93 4 73 1 45 9 69 4 3 2 13 7 68 0 3 8 69 2 8 3 44 2 69 7 72 3 33 9 47 4 67 1 17 5 38 8 77 6 84 8 52 4 60 9 76 7 58 7 84 4 42 8 30 7 84 8 26 5 50 7 59 6 97 9 61 6 95 5 8 8 7 8 23 7 59 3 77 3 59 8 28 9 93 9 21 4 11 8 5 2 46 9 17 1 68 2 77 5 86 7 50 5 69 4 11 2 39 0 52 8 89 1 84 1 27 5 56 3 55 0 44 
80 2 90 7 97 5 47 6 50 3 97 9 44 4 72 3 62 6 89 6 62 0 44 0 26 5 15 2 51 1 22 5 89 1 80 3 30 3 77 4 85 6 91 6 15 0 9 6 43 5 48 3 72 8 22 9 27 7 57 6 19 7 13 5 69 1 92 0 91 3 1 0 34 3 1 3 36 1 94 1 72 5 73 0 53 3 53 5 69 1 44 4 82 9 33 8 39 7 92 3 62 0 33 4 62 8 97 4 49 7 71 3 89 1 27 0 15 8 1 4 62 4 88 9 94 9 97 0 82 7 65 2 11 6 80 1 87 7 12 2 12 3 87 9 13 9 28 2 51 0 88 2 2 9 41 2 52 4 22 4 9 
80 7 1 2 84 5 77 6 29 0 78 8 14 4 31 9 13 9 77 2 89 2 85 1 87 4 54 3 91 0 41 4 49 4 2 3 50 6 36 0 42 6 79 4 6 5 11 0 2 1 37 5 56 2 25 7 3 3 48 4 81 9 51 4 45 1 80 7 23 3 24 9 43 6 51 4 36 9 29 5 62 5 88 8 30 4 94 2 27 0 92 5 82 3 44 2 15 6 20 4 21 4 10 0 59 1 46 5 65 1 41 0 96 4 26 2 44 9 34 2 12 8 29 5 43 6 67 0 73 2 16 0 73 9 23 1 92 1 26 1 15 8 43 4 59 8 19 8 61 4 79 2 70 7 78 9 5 3 23 8 25 
80 1 48 2 26 4 25 5 9 5 91 0 48 2 61 5 46 2 91 4 73 1 24 7 29 7 76 2 16 1 79 1 30 2 42 7 15 5 6 5 48 3 40 5 10 0 9 3 25 8 73 5 63 5 56 0 54 8 44 7 67 6 16 6 100 3 12 3 54 4 22 7 45 9 87 9 37 9 4 2 91 8 37 2 75 0 34 5 31 3 21 9 18 6 27 0 76 6 24 6 50 6 7 5 6 8 1 7 3 6 52 8 82 0 4 8 70 4 11 6 19 6 53 9 87 0 26 4 89 8 63 8 98 1 33 6 91 2 5 0 52 6 41 4 5 3 18 4 7 2 19 1 97 9 83 6 59 0 51 5 62 
80 7 50 6 83 1 65 9 35 0 99 2 69 4 52 6 54 9 39 1 60 2 6 0 80 8 36 9 37 4 42 4 78 1 83 8 70 3 50 3 79 1 14 1 33 2 93 3 35 6 80 7 64 9 35 7 8 4 58 2 96 1 54 5 97 4 90 0 85 3 55 9 70 9 36 9 89 6 3 6 8 7 87 1 65 6 56 0 92 3 86 7 41 8 30 1 90 4 80 6 70 0 86 2 70 8 77 3 96 2 41 1 100 2 90 2 43 8 74 1 58 2 90 2 27 6 60 9 76 3 57 9 62 0 98 2 57 0 13 8 51 9 57 7 15 3 78 6 53 0 84 9 19 0 14 4 53 4 11 2 22 
