10 10
80 7 85 4 63 0 21 9 36 9 45 6 82 9 82 5 87 3 76 6 91 1 94 0 35 2 5 8 94 1 73 7 96 4 85 9 31 8 1 1 54 7 40 7 78 2 3 8 67 5 56 2 9 0 100 8 16 9 90 7 51 4 32 0 87 8 46 3 87 1 21 5 92 7 12 2 63 8 20 8 64 7 49 6 95 8 73 0 35 1 33 9 39 3 68 5 11 6 68 7 21 4 99 4 36 9 44 7 53 2 95 2 8 3 32 9 9 5 44 1 62 5 32 4 56 4 18 2 42 1 74 4 86 9 51 4 1 4 89 8 14 0 30 2 96 1 95 6 46 0 65 5 99 5 89 8 7 6 58 4 37 
80 0 53 3 67 5 44 8 7 1 42 0 60 8 6 6 87 5 53 1 99 2 33 2 5 2 21 1 78 7 61 9 86 6 99 3 96 5 5 6 65 9 79 7 65 2 28 0 54 0 63 9 8 9 44 7 39 5 15 1 39 8 54 1 39 5 7 2 79 6 22 7 80 1 61 9 49 3 77 5 38 7 57 6 93 2 7 9 15 4 72 9 67 3 58 7 72 6 51 9 28 8 33 5 4 6 19 8 88 3 93 0 7 0 75 9 43 2 33 5 86 1 94 5 100 7 70 5 23 8 82 5 23 5 78 8 60 2 56 3 21 5 49 1 34 3 90 0 21 9 78 4 28 9 31 1 50 0 94 4 89 
80 5 71 0 47 6 44 7 98 0 15 6 42 6 7 2 81 2 22 3 44 9 89 6 100 6 49 5 44 5 54 7 24 4 5 9 5 5 25 2 65 0 64 8 24 2 73 6 33 0 96 3 81 4 71 4 49 3 95 1 65 8 99 0 49 8 9 2 88 4 80 9 6 7 45 1 59 6 63 8 47 4 29 6 17 9 89 1 62 3 12 2 51 1 2 0 43 8 5 4 57 8 51 4 51 0 36 7 42 9 49 0 94 9 77 5 93 0 93 2 15 6 44 5 66 3 89 0 23 0 92 6 25 6 20 4 15 4 3 0 10 3 59 8 62 7 42 8 19 6 64 3 55 5 36 0 68 9 82 1 88 
80 4 7 9 13 6 97 0 53 7 16 2 14 5 46 8 73 6 83 1 35 5 27 2 81 5 93 7 96 8 43 2 46 6 2 1 78 8 9 0 87 0 69 1 20 2 86 7 42 3 43 7 78 5 32 8 44 6 65 0 88 5 2 9 38 2 14 7 58 8 10 9 89 5 55 3 90 9 89 9 58 5 86 1 52 3 57 0 16 4 50 7 67 7 50 6 30 2 60 0 70 3 51 9 1 1 18 0 21 6 29 3 100 3 19 3 47 2 9 8 86 3 21 5 54 5 15 3 48 0 4 7 13 8 20 0 34 3 25 6 50 4 83 1 64 9 18 3 99 6 96 3 18 5 64 6 61 1 22 4 18 
80 1 21 9 15 2 52 1 54 9 66 2 9 6 42 0 52 4 57 1 1 2 23 9 40 2 36 8 87 8 84 3 76 3 26 5 39 5 100 8 48 6 29 7 82 5 77 0 48 2 68 4 23 4 2 0 74 8 75 8 33 4 93 0 33 1 62 3 21 1 16 4 24 5 21 1 96 1 52 2 48 5 18 5 27 5 49 0 66 5 59 7 93 9 50 8 22 4 27 7 18 2 20 3 75 3 50 5 45 0 85 7 41 7 26 9 34 3 7 7 11 5 1 1 70 0 36 5 41 9 68 2 62 7 13 0 15 3 81 5 30 3 44 3 95 5 80 6 5 0 74 1 20 4 46 1 24 2 74 5 95 
80 8 63 2 90 9 57 7 93 9 11 6 58 9 66 2 60 4 80 7 85 2 18 5 3 9 68 6 79 0 89 4 83 2 44 3 85 3 74 8 86 2 33 9 3 6 40 1 48 2 70 6 22 1 75 7 32 7 76 7 1 0 51 6 35 9 64 5 19 2 30 3 68 0 62 4 39 5 13 9 32 2 10 4 40 2 81 8 11 3 41 6 43 0 11 8 92 5 52 4 79 2 80 6 82 6 94 2 1 6 9 5 11 1 92 0 29 0 58 7 84 7 59 5 44 6 94 8 69 0 28 2 22 5 74 6 29 6 29 1 2 9 76 2 50 3 93 7 68 3 13 6 26 5 16 4 80 3 15 8 42 
80 0 51 2 93 6 68 5 6 0 23 1 84 9 58 2 32 7 29 9 84 3 2 5 26 1 83 0 79 5 13 5 71 5 22 5 41 8 94 7 17 0 69 4 80 7 70 0 80 7 89 8 58 6 76 5 86 0 75 5 69 7 54 6 29 5 28 8 68 6 5 6 89 4 91 9 8 0 82 3 30 3 14 8 54 5 79 1 87 6 41 4 71 5 53 3 98 1 18 7 53 7 36 0 26 2 89 5 77 8 99 5 47 9 67 0 48 9 41 8 80 0 88 3 46 7 90 1 36 6 14 0 83 2 19 9 84 5 4 2 16 0 65 2 62 3 40 3 3 4 52 3 88 8 14 7 37 0 15 8 12 
80 9 91 4 54 4 96 9 44 3 100 7 26 5 18 9 65 6 49 5 53 5 41 2 76 8 18 8 96 2 44 8 13 8 33 5 46 2 22 0 37 2 83 7 63 3 95 5 3 3 72 9 31 4 29 1 16 5 66 5 22 1 73 4 29 9 11 7 60 8 89 0 63 1 17 5 82 9 13 1 16 3 100 4 35 4 45 0 77 6 54 6 90 4 81 3 50 3 3 2 41 6 39 4 76 6 37 6 83 1 2 6 35 2 88 6 80 8 74 5 55 0 94 9 96 4 42 4 81 3 18 0 6 6 47 5 75 4 23 7 73 2 97 9 72 7 80 4 33 0 76 0 7 2 10 6 80 4 91 9 94 
80 8 88 3 15 6 16 5 71 6 3 1 40 1 32 4 41 7 9 3 80 9 72 7 89 5 41 1 87 8 97 7 11 2 42 3 84 5 12 6 87 6 43 2 16 7 96 4 27 7 33 4 72 9 50 7 22 4 85 8 60 4 88 4 50 0 22 2 79 9 16 5 27 5 90 7 35 2 41 7 10 0 86 4 53 4 12 2 71 9 17 4 64 1 64 7 9 7 87 5 82 3 1 4 11 5 61 0 30 2 94 8 82 6 80 3 84 2 9 4 8 8 87 8 90 1 8 5 26 6 24 9 5 8 14 4 65 1 35 8 59 6 85 1 61 7 79 6 22 6 82 0 81 6 17 9 57 8 94 5 33 
80 5 17 4 20 7 34 3 33 4 16 4 96 0 63 4 46 9 55 5 81 7 49 5 99 9 67 3 43 0 74 5 77 2 9 6 59 8 1 2 18 6 27 0 74 1 30 1 9 9 91 7 42 3 41 0 34 4 16 9 76 7 71 7 80 7 19 4 77 6 32 7 96 1 32 8 19 7 30 7 22 7 88 2 4 8 97 6 3 5 36 4 84 5 81 2 22 3 1 7 58 8 11 1 56 8 99 2 59 5 75 6 52 9 88 6 73 9 25 1 72 1 22 2 81 5 6 9 21 6 58 6 29 8 54 1 7 1 15 7 51 4 1 4 66 6 36 0 72 8 26 8 16 7 32 6 96 0 6 4 49 
