10 10
80 2 76 9 55 2 98 2 46 0 20 5 44 6 65 3 72 9 97 3 11 2 17 2 42 6 19 2 56 2 89 7 100 9 100 7 10 4 78 3 69 0 54 2 80 0 28 1 40 7 36 5 33 2 39 9 35 5 19 3 28 1 71 4 7 2 28 5 72 3 83 6 80 3 40 1 28 1 68 7 29 5 75 4 100 1 58 6 50 1 49 2 54 3 70 6 94 1 80 8 67 7 14 7 76 7 89 9 61 1 60 2 60 7 15 7 52 0 1 9 37 9 68 2 45 2 70 1 100 3 35 2 51 1 37 6 73 1 95 4 6 7 12 7 43 9 75 2 5 0 15 8 9 5 74 6 97 2 56 1 7 
80 9 45 6 49 8 93 4 54 6 69 6 24 0 38 4 50 7 32 8 58 7 40 9 19 9 13 3 36 6 54 2 95 4 36 3 20 9 34 8 4 2 14 2 37 5 61 1 83 6 72 2 56 2 26 0 73 3 37 1 88 8 71 6 65 7 77 4 7 4 82 0 21 4 46 0 72 2 46 7 17 6 56 6 35 9 91 3 91 3 12 5 36 2 18 8 61 7 98 3 35 7 23 4 17 0 6 8 70 5 68 6 38 1 86 7 4 3 72 6 45 4 50 4 82 5 90 1 6 6 48 9 78 8 40 5 66 1 1 6 77 6 96 4 90 2 86 7 55 5 12 9 58 5 61 0 66 2 78 1 30 
80 3 71 3 26 7 64 5 94 3 93 8 70 4 36 0 19 1 77 5 93 5 100 0 8 3 27 7 59 6 21 9 36 8 71 1 48 2 15 4 9 6 95 6 24 2 76 5 38 8 90 6 9 6 43 1 95 3 71 8 57 2 85 1 11 9 72 8 36 5 77 2 60 9 36 9 60 5 4 9 51 9 71 8 43 4 47 1 73 8 29 9 11 2 40 7 94 0 63 5 31 2 11 7 88 3 31 6 29 8 97 2 84 7 93 3 28 4 56 3 96 8 41 1 48 8 98 6 56 3 53 1 78 2 84 0 36 5 71 2 85 4 25 9 69 5 46 1 17 8 1 3 26 2 52 8 85 7 2 6 75 
80 8 39 2 75 4 1 7 58 1 6 8 5 7 96 7 95 9 85 6 60 5 43 5 93 1 72 8 69 4 47 0 7 0 22 4 90 2 64 1 56 8 28 5 14 7 69 7 92 0 45 2 95 9 57 2 56 9 55 3 46 9 41 6 4 7 4 4 76 2 46 1 69 5 36 2 90 0 5 7 32 2 18 9 28 2 94 9 48 9 42 6 50 8 74 0 1 2 95 7 19 7 57 4 42 5 62 7 68 7 74 5 24 9 37 3 30 0 50 9 47 9 55 0 3 4 53 1 79 8 21 3 42 7 15 7 65 1 98 9 2 3 85 1 85 0 9 8 60 9 98 4 89 6 85 3 21 7 54 4 29 
80 7 38 3 24 1 57 8 47 9 57 6 41 3 21 4 90 3 5 8 49 8 38 1 86 7 35 7 90 2 70 2 10 6 82 3 39 8 50 7 13 7 1 9 57 5 8 9 90 8 24 8 6 2 85 7 16 6 3 5 7 5 55 6 50 7 15 5 5 8 37 0 35 7 94 6 42 0 55 8 65 8 95 2 42 4 45 4 19 2 95 2 6 1 12 8 79 3 41 2 70 5 7 9 86 1 44 5 15 3 43 1 32 1 68 1 88 4 90 6 76 8 11 5 24 0 70 9 99 0 92 3 61 8 14 9 20 3 50 1 49 7 74 7 19 4 85 5 80 7 20 3 8 9 45 5 85 0 100 4 26 
80 5 90 3 42 4 20 2 36 7 14 9 17 0 80 3 69 6 82 9 29 8 78 5 7 3 63 2 48 8 34 1 66 8 11 1 59 0 82 1 19 2 73 0 66 8 49 1 50 2 93 2 1 2 68 8 38 1 60 8 67 8 82 8 58 3 85 9 39 7 74 2 76 1 42 1 43 2 4 9 55 7 17 6 62 7 8 6 83 3 51 7 31 3 38 5 84 2 77 8 28 6 29 2 13 4 76 1 40 5 11 4 10 1 45 7 15 4 55 0 17 7 71 4 84 9 56 5 63 7 25 1 67 6 88 4 31 8 43 7 83 1 95 7 52 6 57 2 65 3 7 0 22 2 37 5 46 5 61 4 40 
80 0 45 3 74 0 31 1 87 8 16 4 80 1 3 8 100 5 19 6 64 2 28 7 58 5 5 7 10 2 57 3 3 8 44 6 33 2 75 8 95 1 8 0 5 9 39 4 36 4 73 2 94 6 92 9 54 3 58 0 67 9 85 6 16 1 9 8 25 3 27 5 25 0 1 7 30 8 20 3 7 2 74 4 36 4 1 5 37 0 86 9 87 9 6 9 44 2 29 1 47 8 5 3 45 3 26 2 57 9 81 6 57 3 19 9 77 5 4 8 42 7 74 3 61 1 37 9 23 2 87 8 58 5 43 1 23 6 36 1 77 8 46 3 99 1 38 5 46 3 19 5 66 1 65 3 97 4 82 6 68 
80 6 87 8 20 6 71 9 7 9 11 3 41 7 87 3 80 4 92 9 52 3 83 9 100 9 82 1 58 4 75 9 98 6 57 1 87 4 2 1 16 4 36 6 17 5 53 2 20 9 19 5 72 9 5 4 4 7 26 7 6 8 74 7 63 8 35 5 5 6 88 6 19 9 20 0 1 9 32 4 35 1 42 0 73 3 97 2 69 3 13 4 36 7 13 6 84 4 20 1 6 1 100 2 41 9 55 6 31 5 43 8 93 9 78 9 83 5 68 2 67 8 74 1 74 8 62 1 96 4 19 9 3 2 12 4 96 0 98 2 7 6 47 0 25 6 6 5 14 5 35 2 51 7 37 1 77 5 74 6 89 
80 4 3 0 99 8 1 4 83 6 30 0 64 6 25 0 84 3 37 8 79 1 48 5 28 5 88 0 42 4 77 5 20 6 76 3 62 3 94 8 70 6 25 7 65 6 95 5 79 4 21 0 55 7 74 4 37 0 80 1 69 6 65 5 12 8 2 5 97 9 16 8 61 6 53 0 9 6 64 4 44 6 78 8 5 5 14 6 48 5 2 4 88 7 78 5 50 1 49 0 74 6 1 5 64 7 79 0 99 1 83 0 40 2 18 0 52 2 98 6 8 5 77 4 45 7 39 9 9 7 28 1 83 0 51 7 93 4 52 8 81 7 27 4 8 0 38 4 97 2 34 3 63 0 83 8 73 5 71 4 81 
80 2 76 0 26 5 99 2 60 3 98 3 97 6 67 8 40 5 54 7 97 3 27 2 78 1 11 9 39 2 24 4 49 1 63 4 68 8 44 1 31 6 56 6 76 7 96 5 34 0 81 4 95 6 22 5 10 4 7 7 31 4 44 7 54 3 46 5 84 2 32 3 96 6 53 4 38 7 14 6 48 9 66 1 81 1 80 7 41 7 63 2 98 3 22 4 59 6 43 5 35 2 28 6 87 3 88 4 9 8 13 3 98 2 5 6 30 7 31 4 34 4 27 3 57 2 85 0 16 2 15 4 5 2 36 2 76 9 79 6 37 7 88 6 55 9 34 9 46 4 90 9 66 4 35 4 95 9 73 8 72 
