10 10
80 8 77 8 48 9 15 2 23 5 49 4 41 2 3 1 11 8 16 8 79 1 47 1 59 0 86 0 61 7 51 3 68 9 89 0 72 5 54 9 20 4 51 7 51 0 76 7 4 2 73 2 43 6 47 0 7 6 61 8 22 9 34 1 40 8 35 5 55 6 11 2 44 7 70 2 30 9 59 2 18 8 3 4 53 0 56 8 87 4 17 1 42 2 96 5 65 5 37 7 78 9 5 6 1 3 64 0 92 9 73 9 69 4 82 0 38 5 12 2 82 8 55 0 68 2 2 9 1 2 1 2 47 8 2 1 56 8 86 6 89 0 6 7 74 4 6 7 39 7 5 2 26 9 43 7 64 0 78 2 68 
80 9 61 3 99 6 88 2 89 3 7 0 3 7 79 5 43 1 84 9 53 6 89 6 77 9 68 5 59 7 80 8 67 4 73 8 48 0 42 0 81 7 42 6 83 2 75 9 52 6 16 7 64 6 70 9 24 7 34 3 81 0 66 6 26 4 56 9 31 0 86 5 28 2 34 5 30 8 93 2 70 5 33 6 93 2 58 9 31 4 24 3 34 3 99 4 11 1 29 1 48 5 87 6 52 7 32 9 47 8 22 3 16 7 84 1 99 2 70 4 96 8 83 5 43 8 14 9 97 0 16 6 3 2 69 8 76 3 12 5 58 7 5 0 26 6 10 2 29 6 23 5 50 5 14 8 83 3 83 6 8 
80 8 72 7 54 5 42 7 37 6 30 8 28 3 10 2 86 8 42 6 36 6 22 1 87 8 23 9 61 1 94 8 47 3 22 1 38 9 95 4 31 0 4 7 28 2 44 1 96 2 43 0 62 1 65 5 97 3 72 2 83 0 65 2 14 5 59 6 84 0 85 6 86 5 71 9 19 5 24 3 5 5 95 9 29 0 46 7 43 5 100 9 76 2 59 7 63 7 80 7 29 1 13 7 68 2 80 8 79 3 69 3 55 7 10 6 27 0 67 3 50 1 9 7 69 9 69 5 38 4 81 1 99 6 68 7 82 9 37 9 3 8 40 6 76 9 41 7 26 1 11 0 92 8 75 4 14 8 35 6 85 
80 4 78 8 8 7 79 4 27 4 51 0 48 7 52 0 79 8 25 6 16 5 35 8 100 8 10 7 87 5 72 4 58 6 99 0 85 6 20 0 15 3 60 3 95 5 17 2 31 5 1 7 14 9 15 1 31 0 16 1 76 3 81 2 13 5 4 8 16 6 28 7 60 7 93 2 74 1 42 0 58 8 78 4 98 2 52 9 93 2 65 8 89 1 58 6 65 6 73 9 88 8 50 8 76 1 45 3 20 2 71 1 25 2 77 3 96 6 73 7 96 8 95 5 67 1 24 3 44 9 12 1 8 5 65 8 100 7 4 4 53 7 60 6 47 5 71 5 90 5 88 9 54 1 49 2 92 0 67 2 33 
80 7 82 9 52 9 61 3 11 2 80 7 22 8 53 8 72 8 52 5 77 2 52 2 73 7 45 4 96 6 17 3 31 7 44 1 43 3 5 1 22 4 37 9 51 0 42 0 41 4 46 8 31 0 70 4 67 5 18 1 80 9 10 7 5 5 38 1 26 9 95 2 6 9 27 1 74 9 51 3 36 3 46 2 10 9 95 2 71 3 26 5 4 5 64 7 1 4 7 3 91 5 99 6 22 1 81 4 41 7 73 3 85 8 76 1 52 6 19 7 17 0 6 2 51 9 48 8 91 1 24 8 61 2 81 3 24 0 14 6 59 7 91 0 42 1 9 7 23 6 80 0 65 8 17 8 10 1 20 9 87 
80 4 46 0 40 5 81 3 59 8 100 5 79 6 3 1 33 9 99 2 23 5 26 3 74 8 19 7 80 8 17 5 7 6 43 4 29 0 25 2 82 2 92 6 24 8 53 8 34 8 31 9 75 1 32 8 64 6 65 2 88 0 96 0 56 2 54 4 14 2 78 3 56 9 53 5 76 7 18 9 37 6 11 5 23 7 79 1 97 6 94 0 40 8 27 9 20 0 97 0 78 4 63 8 7 1 19 8 33 4 36 5 20 2 48 0 91 8 27 5 51 9 55 1 9 4 42 0 13 8 91 6 34 1 7 5 100 6 87 0 88 8 97 8 32 8 16 1 45 6 81 8 30 7 75 8 56 3 13 3 76 
80 0 50 6 43 8 50 8 26 7 46 9 71 8 63 8 45 2 13 7 11 9 50 7 17 4 45 5 61 0 78 8 59 6 52 3 83 1 64 8 80 8 7 4 26 9 10 7 70 4 75 0 66 8 13 5 12 2 1 0 2 2 70 5 52 8 74 9 51 0 32 6 81 2 97 2 20 9 47 9 26 2 95 0 35 4 5 5 69 6 72 6 36 4 3 6 40 1 68 4 67 1 47 3 71 3 11 8 52 0 63 6 85 4 49 3 49 8 18 6 98 8 84 9 23 0 20 0 64 5 30 9 46 4 46 5 89 8 51 3 25 7 2 1 24 6 70 7 25 5 59 5 51 2 62 4 47 4 97 7 18 
80 1 92 4 38 7 82 3 83 1 65 2 28 5 13 4 65 6 59 6 38 6 58 7 96 2 29 4 37 1 8 3 80 5 19 6 42 6 81 3 2 7 95 3 61 8 13 5 25 9 66 0 91 0 58 2 45 0 1 0 77 2 23 9 31 1 79 1 41 7 47 7 13 4 42 9 9 4 2 7 40 6 82 1 32 6 34 7 58 3 59 4 73 1 17 9 73 2 51 4 22 5 48 4 90 3 99 2 42 0 55 5 17 5 82 5 9 5 49 0 37 5 62 5 46 6 89 7 43 4 96 7 91 8 70 7 99 8 22 0 29 5 43 6 16 7 84 0 2 3 74 6 60 5 5 3 13 1 25 0 54 
80 1 97 8 87 8 41 7 92 5 36 8 87 2 90 1 53 1 99 8 39 7 18 4 50 3 57 5 24 6 62 5 80 4 60 8 27 9 68 2 88 4 24 6 42 8 6 8 90 8 62 8 36 8 31 1 66 3 35 3 93 5 50 9 42 8 82 8 34 1 79 2 66 3 8 6 63 3 55 1 8 8 48 2 2 2 9 3 95 0 55 5 8 8 1 7 88 6 78 3 28 8 70 7 48 6 5 8 49 5 9 3 1 5 17 2 11 6 19 3 59 9 89 0 80 0 58 8 39 6 49 6 74 4 93 4 2 5 68 8 50 9 76 1 32 0 54 4 87 1 42 0 82 4 96 6 33 7 14 3 18 
80 3 32 1 57 6 43 3 75 0 58 1 16 5 38 8 21 7 8 5 92 1 57 9 59 5 64 6 95 7 63 5 25 4 93 3 78 2 43 5 76 6 14 4 61 8 3 6 12 1 19 3 38 8 52 8 98 7 6 3 76 5 47 2 17 2 93 6 70 9 49 1 55 4 37 5 12 1 33 0 61 9 88 0 18 2 21 0 91 7 26 5 57 5 22 0 71 0 58 1 6 0 79 5 84 7 47 1 92 2 38 5 87 6 88 9 82 5 28 9 82 3 47 7 31 7 95 0 47 6 98 0 44 6 66 1 36 0 44 5 64 4 91 2 67 7 84 3 28 1 7 7 90 6 57 5 15 3 58 5 95 
