10 10
80 4 97 2 51 9 55 9 94 7 65 5 33 6 39 7 88 8 29 2 67 8 68 4 24 8 90 7 28 5 80 8 18 4 11 5 81 7 89 4 32 6 30 8 19 0 1 5 56 2 28 4 3 2 63 0 72 5 65 8 10 7 19 1 39 7 70 8 55 4 99 2 42 2 40 4 33 5 98 1 14 2 34 3 1 0 22 5 67 0 52 8 4 2 23 2 47 9 52 3 67 0 89 8 82 6 30 3 17 0 39 0 38 2 90 7 14 2 93 4 2 2 37 6 37 6 71 7 79 3 33 0 79 0 55 7 26 2 57 3 78 1 82 2 24 0 91 4 28 7 67 6 90 8 26 4 24 5 32 9 48 
80 1 50 4 45 9 15 7 82 1 68 8 90 6 75 6 72 4 98 5 27 7 11 9 12 5 46 7 58 2 93 3 58 6 100 4 42 0 13 9 81 9 27 1 67 5 72 1 57 7 70 7 72 0 43 1 22 7 77 5 65 4 78 8 84 8 1 6 83 7 65 2 36 4 31 5 71 3 48 1 19 7 36 2 49 5 42 6 90 1 70 0 69 8 78 3 56 6 37 6 96 4 9 5 14 4 29 9 22 8 38 9 78 1 54 4 30 3 30 6 82 0 27 5 48 9 20 4 96 4 29 1 40 3 81 0 39 4 91 3 40 8 61 3 64 0 39 4 34 6 16 5 55 0 8 1 10 0 5 3 37 
80 3 17 0 63 0 84 8 22 2 2 3 4 4 2 2 5 4 16 0 73 7 45 2 99 4 63 4 71 6 73 3 85 3 99 5 28 3 10 8 80 1 48 8 2 9 93 9 9 7 91 6 97 3 53 4 87 3 26 2 93 2 35 1 57 1 41 9 41 6 96 2 63 2 76 0 16 1 40 7 97 9 58 6 54 8 99 2 45 9 52 8 50 7 34 3 41 7 14 4 26 9 72 7 81 2 36 7 66 1 9 9 30 6 43 8 72 1 51 3 30 1 15 3 38 2 8 0 13 7 66 2 5 1 79 3 87 4 80 5 34 0 88 7 40 9 36 7 37 4 72 2 28 5 90 5 13 4 65 4 73 
80 4 28 8 57 3 94 3 31 0 61 3 51 5 7 0 10 8 100 2 65 4 89 6 77 0 85 3 97 5 89 8 47 5 43 5 83 8 79 6 79 0 93 5 50 2 10 5 4 1 91 3 80 9 35 0 58 5 82 1 95 9 31 8 44 9 52 7 78 7 36 7 57 5 84 1 25 4 91 3 92 5 75 8 31 5 39 7 2 4 16 2 33 5 12 3 7 0 99 7 28 6 47 2 62 4 35 9 11 6 99 4 30 1 14 7 51 8 30 1 13 4 53 9 84 7 58 1 15 5 73 1 49 3 94 4 36 5 50 4 26 1 49 6 22 1 5 2 18 5 91 7 63 6 11 4 73 1 82 9 91 
80 6 6 7 67 2 18 1 73 2 68 9 21 9 12 5 78 1 32 6 11 3 43 5 91 5 61 3 89 8 47 2 63 9 25 5 8 6 69 1 98 1 53 6 24 5 17 6 22 9 69 9 51 1 14 0 47 2 24 5 100 5 34 3 1 4 99 6 44 0 77 3 39 7 90 5 52 3 100 9 87 9 14 5 47 2 10 2 62 0 98 4 18 9 98 8 50 4 24 2 18 0 59 9 69 9 84 0 74 1 91 9 43 7 94 9 39 3 71 2 1 2 70 3 38 1 29 1 9 3 36 0 6 6 60 0 33 1 31 6 13 5 24 9 16 0 26 7 56 0 61 2 84 7 30 6 1 6 88 7 97 
80 9 50 5 18 8 61 5 13 9 23 2 71 8 7 6 96 8 25 5 56 6 36 1 52 7 73 3 53 1 56 5 37 1 65 5 76 4 95 4 31 3 9 7 52 4 55 4 75 6 21 8 82 0 87 2 39 0 56 4 65 2 17 3 14 8 90 5 33 8 100 5 90 5 21 7 97 5 7 0 53 4 50 0 86 9 36 3 6 6 12 5 49 3 64 3 61 4 89 3 18 0 41 7 97 3 7 6 25 7 97 8 61 7 40 7 59 8 49 2 90 8 14 9 31 5 16 6 93 2 47 3 11 8 26 7 92 8 96 4 46 5 16 2 50 7 98 7 37 1 45 8 76 0 22 4 22 2 38 7 20 
80 2 52 8 31 5 16 9 92 8 66 7 1 4 47 8 2 8 85 5 44 8 93 9 54 5 68 4 41 4 42 7 58 2 97 0 23 8 16 0 59 3 47 3 53 0 38 9 18 2 26 7 46 8 5 2 37 7 34 6 34 4 98 5 68 5 39 6 92 2 91 9 61 8 72 6 31 3 58 3 68 2 3 3 96 1 79 7 38 8 18 5 95 8 26 1 85 0 89 1 73 2 20 2 35 7 14 1 59 3 6 3 82 0 50 0 84 0 67 7 99 8 8 4 5 6 33 4 18 2 77 5 95 0 54 3 21 6 34 1 43 3 31 6 61 1 54 0 69 6 76 2 37 8 53 7 28 8 76 7 57 
80 8 68 3 31 8 98 2 68 8 71 6 6 0 60 9 13 8 48 7 22 6 39 1 18 0 13 1 9 2 63 7 62 7 78 0 70 4 78 4 13 9 30 3 68 9 91 1 8 2 85 6 64 0 23 5 42 9 17 2 33 9 97 0 57 4 74 2 3 6 13 3 76 5 36 9 94 3 35 2 16 2 80 2 58 7 5 9 69 9 78 6 30 5 7 1 7 8 1 9 59 5 91 1 5 2 4 2 96 0 10 9 40 9 38 8 72 9 7 2 46 7 96 8 90 5 52 0 40 1 24 9 12 1 70 7 36 2 84 7 30 5 44 9 47 9 83 2 82 3 43 6 39 8 7 9 10 6 37 3 63 
80 9 14 0 89 1 36 7 70 7 25 4 25 8 14 1 69 8 94 0 78 4 56 0 79 0 5 2 25 4 52 4 99 4 77 3 74 3 99 3 37 3 89 3 91 4 60 2 1 1 27 2 60 5 2 2 44 0 55 8 18 1 29 2 24 4 63 2 57 1 1 3 70 8 2 2 47 3 30 2 40 8 59 4 27 8 87 2 74 8 76 7 27 7 60 3 93 9 27 8 29 6 71 9 11 7 35 1 68 8 20 7 6 7 7 2 82 0 67 6 30 8 72 6 8 1 31 4 68 0 3 5 98 1 96 1 28 8 97 3 14 1 41 3 84 5 64 0 78 8 38 6 38 7 9 2 95 0 99 2 2 
80 9 47 7 90 7 22 3 81 6 68 6 96 0 93 9 47 9 99 5 11 0 17 6 50 4 35 8 53 0 83 0 67 9 79 2 9 9 86 7 88 0 32 5 93 5 55 5 76 6 42 1 31 5 1 3 91 2 39 3 51 9 27 2 78 5 49 9 70 1 4 5 31 0 97 0 16 7 91 2 15 8 78 1 58 8 16 9 86 6 70 7 84 5 15 6 66 6 94 3 30 2 97 8 99 1 29 6 42 3 9 8 78 9 33 4 13 3 72 4 79 8 77 5 77 1 98 9 4 2 67 9 78 9 77 8 16 7 1 6 91 9 2 6 93 0 33 0 50 4 80 7 69 8 33 7 95 2 20 3 4 
