10 10
80 0 19 6 47 9 12 5 58 8 41 1 98 7 79 4 84 6 69 6 84 7 83 3 30 8 47 1 57 2 7 0 23 9 56 4 3 8 65 3 73 3 47 4 89 0 85 2 2 4 69 0 39 7 93 6 25 4 18 4 51 8 13 6 69 0 92 8 2 8 27 4 45 3 39 0 16 8 36 5 44 6 12 1 7 3 26 3 16 1 37 9 10 8 22 7 85 6 40 8 28 7 68 8 58 7 44 6 54 6 6 6 75 0 72 3 94 8 84 5 31 2 79 7 10 0 4 6 20 4 3 0 42 4 16 0 14 3 39 6 25 9 68 8 1 2 87 6 32 3 98 6 69 3 66 8 84 2 28 3 50 
80 6 6 3 51 6 60 2 42 9 11 1 72 5 25 9 13 5 28 9 25 2 36 9 45 9 68 6 7 5 18 8 63 3 19 2 12 5 78 5 23 1 47 4 73 2 39 1 66 4 96 1 18 7 45 2 31 6 76 5 30 5 25 8 76 5 99 7 72 0 70 9 52 6 10 4 1 7 25 7 33 3 74 9 100 8 64 2 3 1 86 9 19 5 99 5 56 0 9 6 55 2 26 1 47 7 61 9 38 8 34 4 4 1 1 3 83 9 95 8 91 0 63 9 54 7 8 6 76 6 36 4 12 7 31 0 98 0 71 7 68 6 38 6 67 1 86 1 97 5 97 3 10 9 46 8 57 5 91 7 17 
80 7 9 3 21 9 11 8 89 2 64 3 6 9 29 1 94 6 61 1 83 3 97 6 46 4 87 6 84 2 60 6 100 5 65 9 48 8 76 2 94 3 78 1 31 8 28 7 52 9 32 9 93 0 26 3 82 3 46 0 60 9 52 2 83 2 49 7 16 4 87 1 53 5 91 6 40 5 70 8 15 0 18 2 70 8 83 1 33 7 13 0 22 7 72 5 24 5 30 0 38 8 33 9 14 6 33 2 49 3 69 9 70 2 90 9 52 9 63 2 12 0 82 6 43 4 7 7 84 9 53 7 50 2 40 1 54 7 72 3 99 6 95 5 50 0 48 1 17 0 1 6 7 6 33 9 37 2 94 4 90 
80 4 95 8 64 0 51 8 89 4 21 7 17 2 2 8 28 9 16 0 48 0 93 6 3 6 96 8 10 2 57 6 28 5 48 7 89 0 36 0 10 3 3 7 88 1 97 5 6 2 36 3 11 1 60 3 99 0 87 7 34 8 1 6 83 9 96 1 55 8 82 1 58 2 52 3 51 7 4 6 17 6 74 8 72 0 64 2 88 4 5 5 100 2 14 9 89 8 80 1 63 4 72 8 59 0 95 0 4 6 93 5 56 3 94 8 79 8 34 8 52 1 81 7 95 9 75 2 7 4 12 2 18 1 32 6 75 8 69 5 47 6 2 5 49 9 51 1 30 0 48 6 84 6 97 7 6 4 80 1 75 
80 6 69 6 77 3 26 0 67 8 97 7 24 9 26 6 12 8 10 4 44 2 60 1 51 8 26 7 100 1 32 7 58 2 86 3 41 7 28 4 15 4 38 6 87 5 79 4 49 7 70 9 14 9 75 7 71 4 77 9 56 6 72 7 76 1 77 6 81 2 57 8 30 8 73 1 46 4 68 9 40 5 98 4 43 5 75 9 83 5 43 0 74 8 95 7 16 1 86 9 93 6 26 3 4 4 99 7 31 8 14 1 94 6 51 7 76 8 86 3 52 6 48 0 27 4 55 6 13 7 59 0 32 4 76 8 2 4 67 4 22 0 50 0 1 9 18 0 78 8 33 8 40 4 65 6 44 8 17 4 28 
80 4 48 6 38 5 95 6 47 1 92 0 11 0 33 5 91 0 25 1 89 3 99 8 85 6 60 1 7 8 57 8 95 0 47 0 59 6 50 7 97 3 54 4 22 9 96 8 82 3 78 0 22 9 27 5 30 0 78 2 40 5 13 4 73 6 41 3 83 7 45 8 51 5 91 5 29 7 95 8 70 0 54 6 96 8 19 7 50 4 28 2 16 7 40 6 13 5 6 6 15 3 80 4 86 6 13 9 26 5 27 5 26 5 82 1 3 0 23 7 11 1 44 0 73 5 53 9 86 8 45 7 57 8 2 3 98 4 39 9 77 1 15 9 19 5 83 6 12 9 13 2 57 9 2 8 8 3 20 4 8 
80 6 94 4 37 4 4 1 98 8 20 6 47 9 38 7 66 7 53 7 50 7 86 8 63 8 47 9 35 0 81 4 24 2 64 4 88 2 4 9 93 2 29 2 16 6 77 3 50 2 10 0 92 7 55 8 25 6 36 4 17 3 25 1 44 6 72 7 84 7 7 6 52 9 99 7 8 5 60 2 73 2 29 2 2 2 70 9 55 1 44 5 81 7 68 8 16 1 81 6 65 7 1 9 87 9 26 9 81 9 26 7 51 7 34 2 50 6 99 9 36 7 54 9 66 5 75 7 92 0 7 0 72 0 61 2 72 2 5 9 81 4 19 4 97 2 11 2 69 5 24 1 97 9 2 1 4 2 61 0 57 
80 3 23 4 58 4 42 8 56 5 83 2 84 2 61 0 22 3 26 7 40 7 71 9 54 8 69 3 5 9 31 1 30 0 77 9 29 6 17 8 42 8 69 0 81 2 82 6 89 9 49 0 86 9 16 3 75 5 12 0 39 2 43 3 35 5 20 4 83 4 23 4 57 4 46 1 62 4 59 1 63 7 36 9 61 4 32 2 59 5 57 6 74 8 99 3 14 6 46 8 9 8 100 5 93 5 50 0 59 0 46 8 80 7 99 7 3 0 86 5 51 2 35 2 51 8 5 3 8 0 55 6 15 4 10 4 22 2 97 4 77 2 15 0 36 2 21 5 55 0 59 5 48 0 88 0 84 8 45 8 56 
80 1 80 3 50 6 33 3 40 3 19 3 91 7 33 4 25 7 96 8 40 9 33 6 98 3 58 8 84 9 23 3 33 4 90 5 92 0 44 8 56 7 58 7 56 7 20 5 74 4 21 0 51 6 13 4 7 0 52 0 94 1 96 9 56 7 58 3 76 8 96 5 43 1 96 6 16 5 58 7 18 0 100 2 21 2 81 2 61 9 94 2 30 8 52 8 12 7 79 9 68 8 67 8 33 9 94 0 61 4 45 5 73 3 44 8 4 0 49 4 81 1 35 2 31 1 83 9 36 9 68 3 17 5 4 1 80 0 59 4 22 2 9 0 91 0 57 6 33 4 56 8 7 5 78 9 30 3 67 5 42 
80 9 98 7 84 7 40 6 69 1 58 5 18 2 27 6 65 2 51 4 37 9 76 4 76 4 49 2 1 0 13 8 77 5 28 1 84 5 55 5 2 8 89 7 32 5 85 6 86 8 65 3 57 3 75 6 59 1 38 4 46 5 94 3 22 1 79 1 19 6 53 5 95 0 80 4 24 7 34 3 46 5 24 9 91 1 2 1 36 0 32 2 33 4 8 0 90 2 84 3 23 2 20 8 41 6 72 4 35 9 12 3 54 7 74 8 66 8 63 9 69 4 91 5 62 9 53 6 56 6 70 4 72 3 95 6 44 3 51 1 88 6 65 8 50 7 4 3 82 0 65 2 36 7 43 3 18 0 42 1 32 
