10 10
80 8 95 8 14 6 3 2 10 6 23 4 31 6 24 4 74 1 18 6 93 9 22 5 2 0 39 5 79 2 45 3 64 9 48 0 62 7 10 9 67 2 59 8 19 1 7 2 3 4 59 4 84 6 24 4 3 2 6 9 49 6 34 5 20 3 46 4 98 9 93 5 17 6 49 5 9 1 100 2 26 1 40 9 76 4 26 3 37 2 85 6 60 0 90 5 96 4 19 8 37 3 33 4 51 2 12 4 20 9 19 7 21 7 36 5 99 9 63 6 90 0 9 1 32 3 38 6 74 3 28 4 59 9 75 0 80 2 37 2 97 7 35 2 7 4 47 0 60 0 67 6 17 2 48 5 61 2 57 5 21 
80 9 2 8 16 2 5 5 38 6 73 2 54 0 86 0 50 5 45 1 85 3 71 3 13 8 98 1 1 8 65 3 32 2 57 0 47 1 11 0 63 4 38 2 80 1 47 2 21 6 68 2 97 6 86 5 62 2 85 2 71 1 64 3 43 1 67 9 37 2 53 2 57 4 84 9 50 1 5 3 59 2 83 8 20 9 90 7 78 0 96 5 58 4 20 0 50 7 61 7 15 4 47 1 35 7 65 4 48 8 64 8 39 0 49 9 62 7 47 8 72 9 30 7 14 7 44 6 9 2 26 1 2 9 11 3 70 7 20 4 76 3 31 3 62 4 73 4 41 5 34 7 78 6 81 2 32 5 21 9 41 
80 4 62 3 87 5 92 2 71 1 3 7 86 1 97 7 13 2 39 3 100 6 18 0 40 8 72 8 36 0 63 0 31 1 21 5 66 3 9 5 81 6 61 6 80 7 71 8 42 1 31 7 66 2 90 1 62 2 41 0 100 1 91 5 71 7 77 4 19 3 17 3 30 0 3 2 64 5 18 0 11 3 71 8 5 3 89 6 82 2 100 3 100 8 10 5 76 5 13 6 50 8 43 0 13 9 33 0 2 9 63 0 39 9 79 9 62 3 47 1 94 4 79 7 22 3 58 5 65 8 3 5 92 6 6 4 86 8 21 9 91 6 100 0 86 9 67 7 47 0 63 8 20 9 8 1 19 6 97 4 93 
80 0 88 3 66 0 81 6 79 9 94 8 92 0 38 2 16 6 44 1 68 5 55 8 70 6 37 6 66 7 16 7 29 8 22 8 43 3 72 1 39 5 80 0 88 4 54 3 42 2 8 2 60 2 13 3 50 6 7 9 35 5 33 1 9 7 99 1 72 8 52 3 40 6 60 7 39 4 28 4 24 0 57 4 68 1 39 0 13 5 81 5 68 1 55 6 5 5 23 2 29 8 26 0 74 7 46 0 91 3 72 0 2 7 99 9 81 2 47 5 66 7 17 5 50 0 75 9 57 9 86 0 69 3 93 3 80 4 22 3 40 1 37 6 24 0 99 9 3 0 53 7 17 0 13 7 75 5 7 6 19 
80 4 85 3 71 8 8 1 53 9 6 7 77 2 18 5 11 9 40 4 66 9 88 1 32 7 66 0 27 3 3 8 45 9 64 8 65 8 78 8 12 7 65 6 11 4 88 3 2 9 65 3 99 2 28 6 65 1 16 7 24 7 71 5 15 2 65 1 1 0 45 1 76 6 59 0 22 6 51 8 17 7 84 8 40 3 63 4 53 4 59 0 79 6 28 7 19 6 92 4 94 6 75 6 15 8 64 7 28 5 30 2 70 0 24 5 83 3 52 2 96 3 22 3 13 6 56 1 54 5 72 3 32 0 23 8 52 0 91 9 71 7 77 9 45 8 65 0 2 3 41 0 87 4 100 9 72 3 50 0 68 
80 4 36 0 39 2 90 7 27 3 5 3 99 7 32 6 64 0 36 9 17 9 68 7 68 2 56 9 20 0 51 8 36 6 75 7 35 3 50 5 10 9 47 3 59 8 23 9 3 4 99 9 22 3 76 2 28 5 1 6 87 5 45 8 40 0 75 4 85 0 33 4 53 1 43 8 16 8 26 9 85 3 17 9 84 6 19 9 92 3 64 3 61 7 96 2 40 8 97 2 32 2 44 0 9 5 33 2 51 5 65 0 53 1 25 7 35 4 43 6 30 1 74 4 34 4 32 1 19 3 12 5 16 2 69 9 5 8 55 8 86 3 34 8 20 0 34 6 58 5 25 5 62 1 73 5 11 5 50 7 63 
80 0 21 0 11 3 79 7 62 7 31 4 37 4 68 1 60 0 63 5 79 2 91 9 54 9 51 7 100 2 15 9 82 1 45 3 91 7 78 3 25 4 20 4 21 4 86 9 88 7 50 9 39 0 71 1 32 1 62 3 5 9 35 9 19 7 32 6 14 3 20 8 21 8 52 2 99 9 78 3 81 9 6 2 83 9 56 2 45 4 61 7 94 2 49 1 47 7 100 0 1 6 21 1 89 6 82 3 23 4 99 6 36 8 46 7 21 2 7 9 55 5 65 7 50 9 8 8 29 2 30 8 77 8 12 8 82 5 35 5 74 9 93 2 41 0 67 4 51 2 89 4 45 7 93 8 70 1 42 5 30 
80 4 93 1 17 1 2 8 67 1 19 3 59 7 66 5 22 5 32 2 97 7 3 8 88 7 66 9 14 3 10 2 62 7 24 6 9 2 1 5 98 7 65 5 22 0 39 7 80 4 83 1 75 6 37 5 20 6 47 7 19 2 14 2 47 2 65 5 33 4 35 9 22 1 71 5 51 5 66 7 97 7 42 6 66 9 35 1 100 4 77 5 57 5 90 2 9 6 60 4 52 4 86 7 88 4 17 8 51 9 25 6 5 5 78 8 61 8 30 3 69 6 11 1 56 1 70 1 70 9 99 5 31 2 16 3 27 5 91 7 95 8 77 8 34 1 93 5 52 6 50 2 6 0 58 8 17 7 7 0 63 
80 6 90 3 47 4 14 7 64 9 46 3 60 1 70 2 6 9 80 2 57 0 18 3 63 9 82 6 33 4 50 8 70 4 83 2 1 1 51 7 95 1 7 2 68 6 100 0 74 1 15 6 83 9 54 0 18 5 17 7 36 7 91 5 19 6 64 5 27 5 83 6 82 2 58 5 18 3 87 0 44 7 70 4 95 4 15 1 40 0 59 1 20 7 52 6 7 5 95 0 44 3 76 0 54 0 14 7 58 9 95 7 37 7 77 4 96 2 54 7 48 0 7 9 17 4 27 2 98 8 57 4 32 4 11 3 52 8 4 3 14 1 84 9 72 0 83 8 88 3 31 5 84 1 78 4 34 2 17 9 79 
80 7 10 5 55 9 54 9 54 4 30 0 46 2 20 2 17 6 90 1 57 6 83 6 73 2 75 7 76 1 24 8 42 9 36 4 93 6 56 8 99 0 82 3 7 5 25 9 16 6 38 1 14 0 70 8 17 3 67 5 23 5 70 5 45 1 78 8 75 4 87 8 98 9 73 1 16 1 63 9 62 1 38 8 70 7 84 3 60 7 56 2 66 9 63 5 32 1 36 4 35 4 40 2 54 1 56 3 22 1 95 4 41 7 71 4 41 7 8 0 52 3 12 1 21 5 90 2 20 6 10 2 95 0 51 3 71 7 96 9 70 4 42 7 33 6 8 3 69 5 52 5 77 2 15 4 39 2 92 9 61 
