10 10
80 6 68 2 71 8 48 1 86 3 11 2 7 0 62 2 20 0 87 5 76 7 57 0 27 5 38 9 65 6 99 8 74 5 57 8 100 4 47 1 60 1 83 3 82 8 16 4 45 6 76 5 37 9 12 6 95 6 75 9 81 8 77 7 43 2 27 3 22 0 5 7 64 4 10 6 13 3 89 4 62 5 20 0 43 2 43 0 40 7 100 1 12 4 45 7 92 4 83 8 44 2 92 0 42 0 30 4 74 7 32 0 70 8 66 6 41 6 46 8 52 5 8 2 97 8 4 5 70 3 14 1 67 4 84 6 98 6 78 0 9 8 66 7 40 5 59 9 17 7 34 8 16 3 31 1 76 4 79 0 84 
80 9 24 6 56 5 39 0 87 0 16 1 16 1 92 9 33 3 27 9 6 7 4 5 46 2 28 1 19 3 56 0 68 1 79 8 92 3 36 1 64 7 56 0 95 4 21 1 97 0 41 4 29 3 56 9 43 5 20 7 94 4 34 9 61 9 73 0 58 7 91 4 97 9 18 4 19 0 31 7 3 5 57 5 1 1 90 9 88 0 83 0 25 5 32 3 81 6 47 6 100 0 8 9 45 6 72 3 76 9 12 7 65 3 67 0 51 7 6 6 8 6 12 1 84 5 51 7 34 4 89 4 78 5 91 2 40 0 49 5 75 3 47 6 1 9 82 9 10 6 3 1 56 6 10 7 21 0 59 5 55 
80 5 93 9 50 0 57 2 8 7 2 0 50 9 40 4 42 3 93 8 79 2 95 9 36 7 77 0 85 6 39 3 1 9 16 2 42 8 81 0 57 1 90 3 29 4 33 0 38 8 18 7 14 7 37 1 19 1 2 2 53 6 25 7 69 9 32 1 72 0 34 5 43 3 24 3 7 0 37 9 83 1 12 3 32 4 13 0 82 3 36 8 27 3 55 3 88 7 60 8 96 8 37 6 44 6 2 6 97 7 21 9 5 0 35 2 18 0 97 6 63 8 74 7 71 4 41 4 85 9 96 0 8 0 60 0 6 6 87 2 27 5 62 8 75 2 22 0 55 1 53 1 60 9 65 5 57 4 78 0 16 
80 6 89 8 74 9 1 9 96 1 77 2 79 5 77 2 77 2 80 7 50 3 26 6 32 0 40 4 16 3 57 9 88 0 52 5 90 5 23 0 40 5 47 4 37 2 16 6 20 2 68 4 44 3 7 9 99 5 63 0 20 6 62 0 15 6 45 4 14 2 55 5 100 2 94 2 12 6 73 0 3 3 95 6 26 3 83 9 45 7 25 2 43 6 13 6 71 4 70 7 29 2 61 4 65 3 24 8 97 6 98 0 10 7 75 7 14 9 38 6 95 0 77 2 100 2 87 2 46 8 52 5 48 2 86 4 84 7 26 6 43 7 46 1 9 3 36 9 41 6 33 3 25 8 97 5 100 8 62 5 78 
80 1 29 0 100 8 97 8 49 1 3 9 56 9 63 7 52 2 19 3 77 9 35 6 78 8 91 5 41 6 5 8 40 4 73 2 10 6 71 6 35 4 1 5 54 5 86 7 82 5 67 6 98 5 34 0 100 9 55 4 95 9 32 0 97 3 5 0 99 2 26 3 28 2 64 2 19 9 76 7 33 9 92 9 71 9 96 0 1 9 71 3 88 9 33 6 84 1 58 3 95 9 89 9 49 5 45 3 99 8 31 3 94 5 51 4 51 3 13 5 27 5 82 3 15 4 10 6 55 3 82 3 30 9 32 8 77 8 74 4 70 6 11 1 75 3 38 3 95 6 1 8 80 2 6 2 20 1 64 7 38 
80 3 16 1 58 8 71 0 37 5 39 0 67 7 46 2 88 4 92 6 86 4 74 8 24 6 22 9 21 2 48 6 48 9 67 3 59 6 19 0 71 8 45 3 84 5 5 3 38 3 50 3 79 0 83 0 17 3 83 6 40 0 52 1 54 2 99 2 72 1 74 0 95 9 93 2 19 4 97 2 4 3 57 7 31 2 64 7 81 6 42 1 72 7 32 1 92 1 94 8 94 0 91 8 77 4 92 5 41 5 88 2 80 3 47 9 75 8 21 5 59 7 66 7 41 7 53 4 16 9 85 3 74 5 82 4 22 8 97 7 56 9 85 6 84 9 60 0 2 0 97 4 46 0 13 6 10 9 48 5 83 
80 5 27 0 36 5 56 2 68 4 97 5 63 3 19 5 8 9 99 5 86 7 22 0 82 7 84 5 84 4 69 8 8 9 92 4 56 5 42 8 62 8 99 6 69 8 33 1 77 6 81 7 36 4 98 7 40 8 46 3 22 5 59 3 87 7 66 6 3 4 27 2 1 2 22 2 33 4 45 9 41 2 43 3 54 1 56 5 76 0 99 0 48 9 71 8 32 8 87 1 71 9 53 3 93 2 94 0 60 0 14 2 89 3 31 7 47 3 74 1 71 0 56 0 75 0 12 6 59 1 53 4 38 2 47 7 56 0 36 0 58 5 38 0 84 8 42 8 31 0 42 5 60 4 7 7 72 2 47 2 71 
80 4 82 4 60 4 54 8 77 6 37 2 94 1 23 5 19 3 15 9 77 6 78 9 64 5 58 2 52 0 87 0 86 1 47 4 15 1 10 6 9 8 71 1 51 3 45 7 34 2 89 4 37 0 85 5 14 4 84 8 61 9 51 5 33 2 61 2 79 3 26 6 86 5 44 3 51 9 91 9 5 7 58 6 72 5 94 1 71 2 57 3 2 6 39 6 74 6 93 9 49 4 18 5 12 0 56 0 55 2 98 1 39 5 6 0 49 0 7 3 99 9 30 3 8 3 98 7 61 3 7 6 50 6 64 4 99 0 3 3 76 8 24 6 7 5 60 8 88 7 4 1 46 4 42 2 56 7 9 1 37 
80 0 57 6 82 6 15 6 18 0 88 3 15 3 6 4 78 9 92 8 64 9 46 4 19 2 4 3 10 8 71 4 56 3 100 2 18 9 91 7 23 5 9 9 2 8 12 0 9 5 63 3 62 5 38 8 80 2 18 7 40 4 12 0 68 8 17 1 93 8 71 3 87 5 17 9 54 8 5 9 5 6 39 5 15 8 14 8 20 9 69 8 97 4 57 0 98 5 60 1 66 2 70 6 56 0 74 6 63 8 1 6 37 8 39 7 66 4 31 9 62 7 50 1 78 3 41 7 10 0 91 7 3 7 38 2 83 4 24 3 89 5 2 6 81 1 100 8 40 5 33 0 47 9 22 4 35 4 42 1 79 
80 0 8 1 46 1 100 1 36 2 82 4 78 1 10 8 46 6 94 7 1 6 12 5 15 8 55 2 13 3 51 4 91 0 32 6 11 2 5 9 100 2 96 1 98 0 45 8 48 9 60 3 50 5 85 9 45 8 65 8 14 3 45 1 14 7 62 0 70 9 70 6 82 5 15 9 44 2 47 3 49 5 67 4 32 5 42 8 39 2 11 4 1 6 27 6 55 3 65 9 59 4 67 2 12 8 9 7 49 3 70 4 5 7 30 8 26 4 13 5 58 4 81 8 72 4 39 1 88 1 46 7 89 2 55 3 87 1 63 8 68 0 12 0 56 6 56 9 21 9 58 3 16 6 48 1 36 5 6 7 24 
