10 10
80 0 96 3 93 9 61 0 43 4 67 7 52 3 6 6 9 7 98 6 27 6 43 3 36 5 81 4 40 4 39 1 49 7 49 8 84 0 43 2 6 3 6 5 95 8 68 5 88 0 5 4 4 5 41 7 11 6 23 8 80 0 52 9 84 2 74 6 96 6 19 9 70 6 71 5 1 7 79 5 60 7 45 1 48 7 57 6 4 6 97 7 37 9 77 1 22 2 24 6 27 0 2 3 81 4 64 3 64 5 89 9 89 9 85 4 56 8 60 9 27 0 68 7 42 1 76 2 25 1 60 6 77 8 96 9 36 5 44 1 33 8 75 1 63 5 53 7 14 7 54 2 38 9 10 9 16 2 55 7 1 
80 5 24 4 97 4 54 8 69 7 85 0 36 5 11 9 41 6 86 5 49 8 26 6 56 4 81 6 99 8 73 4 47 3 91 1 81 3 29 4 39 4 30 0 80 8 24 1 11 0 85 9 100 5 66 6 34 2 99 8 21 4 73 3 57 6 55 6 13 2 72 7 11 6 23 5 55 8 40 1 95 1 11 8 2 1 79 1 94 5 94 9 97 9 92 1 33 8 14 4 77 2 41 8 94 7 97 1 96 4 2 0 71 3 70 8 99 6 97 6 34 2 70 8 89 4 57 9 20 4 66 4 56 0 88 7 85 0 21 9 9 9 52 2 29 5 41 7 8 8 99 6 57 3 67 8 11 9 79 4 44 
80 7 85 4 26 2 1 7 94 9 26 6 25 0 21 3 30 9 69 9 38 9 51 0 24 6 21 6 21 7 67 4 86 3 64 9 49 7 6 0 61 7 29 2 27 6 59 8 16 0 32 1 54 0 75 7 98 2 8 4 6 6 44 0 99 4 8 1 15 6 83 9 65 2 37 7 70 0 54 4 83 4 37 1 65 6 66 8 88 9 97 0 44 4 66 5 44 4 86 6 68 5 70 0 97 6 38 8 6 6 37 6 4 2 26 6 32 6 85 2 59 7 13 3 35 9 62 3 24 6 64 9 9 6 80 8 6 1 96 2 79 3 11 4 27 8 40 8 3 4 95 0 42 6 75 1 58 6 79 8 63 
80 2 34 0 58 7 92 4 65 8 35 6 95 7 99 4 2 9 52 5 57 1 81 9 31 3 67 4 53 2 1 9 98 7 88 4 58 6 60 3 15 7 27 5 42 4 64 8 89 5 35 8 96 3 84 7 62 8 42 9 91 9 72 3 61 0 6 3 60 1 92 6 81 0 65 8 65 2 54 5 85 7 27 3 80 6 67 0 91 4 58 8 65 5 31 8 57 2 42 7 16 0 49 5 21 9 56 0 46 6 33 1 50 4 59 6 62 8 43 4 29 4 21 9 99 8 82 1 66 6 89 1 75 8 19 0 87 5 53 5 24 7 80 2 12 0 47 6 72 6 58 8 17 2 35 4 9 0 63 7 87 
80 9 34 4 9 6 13 0 23 3 19 8 23 8 77 5 64 3 12 1 70 5 91 3 82 4 72 7 100 5 31 8 8 4 34 0 19 7 25 2 97 6 53 0 74 0 64 3 17 6 79 6 42 0 99 1 60 5 21 3 66 7 56 1 79 4 51 9 59 3 33 8 16 4 56 2 39 9 53 6 16 3 54 2 31 0 41 9 9 9 38 5 89 5 26 0 90 9 65 8 11 8 4 7 10 9 52 3 9 3 37 4 79 8 97 8 25 3 11 5 17 4 57 5 20 3 58 8 2 4 51 0 48 1 86 6 55 1 67 1 77 6 1 9 82 8 59 0 76 2 35 2 52 1 15 1 29 8 30 1 11 
80 1 40 3 51 3 56 0 52 3 37 4 64 4 24 8 98 8 95 7 31 6 78 0 74 8 90 5 5 6 14 3 58 8 36 0 31 3 72 9 77 0 44 9 21 1 6 3 74 6 7 1 48 8 98 2 84 4 93 5 36 4 45 2 9 2 31 5 59 4 59 2 71 9 56 6 67 2 43 7 77 5 8 3 92 2 26 8 29 1 19 6 68 4 81 8 17 6 81 4 6 7 99 3 73 5 47 6 39 4 37 1 37 7 15 2 1 1 19 9 96 3 2 4 17 9 98 1 6 0 100 0 41 2 69 4 55 6 46 6 7 9 31 7 86 0 69 1 83 4 98 0 93 1 6 7 77 5 71 0 93 
80 3 4 5 45 2 23 8 30 8 72 1 29 9 67 8 100 8 74 3 66 1 41 4 99 3 60 0 58 8 31 0 15 8 5 1 65 5 87 7 14 0 26 5 83 1 4 6 26 6 75 0 54 5 16 8 13 9 8 9 70 4 97 3 35 0 83 1 90 6 26 5 20 4 92 0 49 3 43 2 75 7 11 3 7 5 1 3 97 1 38 8 60 5 7 2 74 7 7 2 81 9 73 7 91 0 54 8 52 8 24 4 81 0 71 6 47 7 23 8 4 8 68 1 38 0 26 5 61 4 62 5 93 0 6 2 11 0 67 3 88 9 94 6 83 5 36 7 15 2 89 0 100 0 45 1 71 6 13 4 53 
80 3 65 0 74 6 94 5 57 5 95 8 89 9 100 3 76 8 57 7 93 3 38 6 50 7 83 3 85 3 26 0 79 2 65 5 19 6 20 8 67 4 81 4 76 3 42 8 26 3 64 9 90 0 65 2 45 3 66 4 35 9 55 9 90 2 4 5 90 2 27 6 95 9 78 5 94 9 66 3 92 3 91 4 12 9 26 8 8 7 75 9 42 4 58 6 100 3 4 0 19 5 35 6 58 2 79 0 3 9 55 4 40 1 23 6 86 4 60 5 8 8 61 9 10 0 95 1 75 0 23 1 4 4 23 8 7 2 56 0 28 7 16 2 15 3 90 9 59 5 70 7 88 0 7 8 59 6 44 6 87 
80 8 26 0 77 8 9 4 3 7 47 1 57 2 32 8 95 6 26 3 3 8 80 4 42 8 51 2 76 6 92 4 48 0 1 4 12 4 59 6 100 5 74 6 62 7 76 4 56 6 13 7 17 3 46 1 10 2 92 3 67 9 90 4 72 7 49 8 10 1 68 3 84 3 92 6 83 3 93 5 48 3 22 6 65 5 81 2 92 6 91 8 71 6 87 0 11 1 89 3 6 1 48 8 98 4 28 5 2 7 100 1 57 7 66 3 76 2 64 5 36 9 46 1 24 2 30 2 18 1 93 5 99 0 39 7 3 9 67 7 78 0 98 5 58 1 29 4 54 2 27 4 59 3 96 3 12 9 58 6 55 
80 3 79 2 17 7 60 6 65 3 10 8 34 6 82 9 1 8 75 4 62 2 1 3 100 4 36 5 10 2 13 0 90 1 23 2 2 4 39 0 36 7 67 5 30 6 18 5 32 6 94 6 11 9 54 8 15 1 78 4 73 7 87 3 45 9 80 8 10 8 2 5 12 5 10 8 33 4 18 1 55 0 18 7 41 0 94 8 84 7 47 0 31 4 67 7 76 7 49 8 19 8 57 8 6 4 8 9 40 5 58 7 80 1 62 6 35 2 93 2 57 5 69 5 84 8 45 7 86 9 1 0 35 2 98 1 38 7 10 1 18 9 85 5 42 7 55 8 65 0 36 6 36 7 48 1 10 5 35 5 57 
