10 10
80 3 61 7 8 6 28 3 78 4 67 7 18 4 27 2 66 9 62 0 55 4 16 0 21 8 67 6 86 1 53 9 3 1 85 3 93 1 26 0 35 1 63 5 34 3 27 7 45 0 22 6 15 9 13 6 23 6 27 2 39 7 73 8 49 2 35 5 25 2 36 7 37 3 65 1 57 9 21 6 51 4 59 3 23 9 69 6 6 1 100 9 67 0 50 1 31 3 3 5 86 1 66 2 6 4 86 8 72 2 89 7 44 4 26 0 29 2 8 3 99 7 27 4 30 0 50 7 40 0 95 7 17 2 16 2 48 0 6 9 91 0 56 8 34 4 6 0 86 4 93 4 79 0 26 8 26 5 23 2 76 
80 9 66 5 80 7 88 6 75 6 2 7 39 2 79 7 26 1 48 9 44 0 71 0 52 4 9 2 49 3 39 4 22 2 87 9 84 1 79 3 87 9 60 7 91 2 79 0 24 4 67 3 4 3 13 5 43 9 40 8 4 2 94 3 29 3 82 7 57 5 7 7 71 3 47 9 17 2 97 7 24 2 57 4 79 8 35 8 65 1 84 0 90 9 49 1 6 0 87 1 39 1 4 2 9 6 59 3 59 0 63 6 86 0 2 6 76 3 72 6 86 8 84 9 13 3 61 7 18 6 56 7 22 8 68 2 8 1 51 2 48 5 58 8 62 4 4 9 74 9 64 9 18 0 81 8 83 4 92 4 65 
80 5 83 0 2 2 54 5 79 6 73 5 63 1 12 8 54 1 36 5 25 6 84 0 14 8 8 8 4 5 18 1 88 1 15 6 18 6 41 1 95 8 29 7 2 5 99 6 14 8 15 8 90 7 41 2 76 6 5 4 44 1 40 2 12 2 85 8 93 1 43 1 35 7 48 1 69 1 67 5 75 5 42 1 99 5 48 3 74 8 78 7 29 3 70 9 96 0 63 2 57 9 25 0 55 6 74 4 45 9 96 9 23 7 46 6 60 7 81 0 37 6 62 0 86 6 35 6 47 7 72 6 28 1 57 1 87 6 88 6 73 8 95 4 27 9 7 8 20 4 78 2 93 9 3 0 3 1 52 3 87 
80 2 42 1 30 0 93 5 2 4 57 8 2 4 92 6 100 2 6 1 71 3 49 9 62 9 1 5 31 6 92 8 63 5 75 9 5 7 77 8 65 7 73 9 3 6 50 0 78 3 10 4 66 3 70 5 96 1 34 6 19 6 48 4 29 0 81 6 87 6 7 3 96 2 45 0 73 0 92 5 58 3 42 7 45 3 29 3 77 2 93 3 30 3 62 3 12 2 95 1 31 1 78 8 40 1 15 3 86 7 84 1 18 4 7 1 52 1 83 8 26 4 76 1 90 9 54 3 83 0 7 9 43 2 15 2 8 8 76 7 26 5 24 0 87 2 97 4 6 8 13 8 53 7 25 5 19 6 55 0 81 
80 3 13 0 31 3 18 9 56 5 46 0 11 6 1 6 1 6 62 8 11 6 2 8 49 1 81 0 98 1 56 1 37 7 41 1 100 4 8 1 72 1 79 0 28 6 9 2 71 6 92 9 11 0 88 9 88 4 75 6 24 6 95 1 75 9 57 3 34 3 52 3 44 8 81 6 18 2 50 7 46 1 21 3 9 3 31 0 54 5 62 0 90 3 26 3 3 0 15 2 13 0 56 0 75 0 89 2 93 5 41 4 82 0 60 7 34 1 18 3 32 4 85 5 66 5 100 1 47 9 84 9 80 6 35 3 89 9 36 1 90 9 89 3 45 0 15 5 51 1 72 2 25 1 14 9 30 1 89 4 34 
80 2 39 4 98 6 39 2 83 5 42 8 49 2 93 7 20 1 70 3 56 1 98 8 68 1 73 9 57 5 29 1 94 7 90 2 72 1 64 3 17 1 13 4 56 8 46 6 8 8 51 0 24 9 81 1 54 1 73 3 28 1 56 1 47 1 41 9 76 1 27 7 73 4 14 4 59 6 51 5 64 5 40 4 73 9 97 4 86 9 91 5 76 7 50 0 96 1 45 1 33 4 92 9 85 7 87 3 94 7 92 0 81 8 35 3 89 4 75 0 86 0 38 3 84 9 81 7 99 8 47 3 69 0 78 9 32 9 44 3 29 0 10 5 49 9 56 1 27 5 15 9 91 1 89 4 2 7 15 5 73 
80 1 8 4 27 7 28 6 88 4 18 8 46 0 54 0 79 5 83 7 26 6 4 1 70 2 26 9 84 9 93 5 29 7 58 4 23 9 29 3 55 8 29 0 65 4 26 8 94 5 76 4 82 0 20 7 75 6 89 5 78 1 25 5 65 2 49 7 99 4 7 9 36 3 70 6 92 4 55 1 3 4 24 5 16 7 74 8 92 4 20 4 6 0 97 7 92 9 10 4 59 6 78 3 54 6 15 6 67 4 58 3 2 4 46 4 58 4 43 0 89 5 32 9 53 5 88 9 2 3 69 6 70 0 97 6 45 6 36 5 6 2 35 3 94 4 61 4 89 7 5 5 19 8 57 8 98 2 69 3 55 
80 8 86 0 76 5 10 8 35 4 97 6 88 4 95 0 70 9 29 6 1 0 82 7 3 1 24 3 17 7 45 0 59 0 15 2 87 5 46 6 58 3 6 4 43 6 44 7 37 3 43 7 19 7 95 0 66 8 1 1 87 7 42 3 63 0 26 8 1 0 23 1 37 1 88 2 79 3 28 3 41 2 89 7 93 7 9 8 3 4 44 3 92 0 38 9 74 0 79 2 80 5 10 0 76 8 35 3 26 2 10 3 43 0 7 1 1 2 2 2 88 0 7 1 1 5 74 3 59 3 83 0 65 7 25 2 34 0 26 7 5 3 59 6 6 9 69 6 87 1 78 4 67 8 30 8 95 7 83 4 97 
80 3 63 6 58 3 61 1 2 3 39 6 25 4 31 4 72 6 6 5 67 4 100 9 92 0 58 6 23 2 69 8 48 4 68 3 11 3 3 1 34 5 83 9 84 5 55 6 46 1 58 4 79 4 83 9 1 9 3 2 43 8 10 1 47 0 14 9 37 5 18 2 16 6 70 7 2 4 55 4 23 1 39 8 16 4 10 8 49 8 73 2 86 5 33 3 92 2 20 6 57 9 88 7 48 5 95 0 74 7 54 6 3 8 34 8 68 4 82 3 55 5 50 2 6 0 9 5 89 5 45 5 58 1 2 8 93 3 55 9 63 4 31 8 3 0 46 6 96 8 19 8 17 0 61 4 13 4 90 0 58 
80 5 80 7 62 9 74 3 72 8 38 6 46 5 71 3 37 4 4 6 36 9 100 3 54 1 42 9 34 2 66 5 100 9 74 8 25 2 3 2 75 0 24 8 13 2 50 4 56 2 31 0 39 6 90 8 32 9 95 9 42 3 50 4 96 5 31 9 90 0 30 8 79 5 34 5 31 5 3 3 62 3 82 8 16 0 2 9 96 6 50 0 31 2 87 6 90 9 56 1 35 2 42 8 76 2 52 3 1 8 68 8 72 8 58 8 32 1 44 7 54 9 10 3 28 8 20 9 28 9 37 2 16 0 24 7 6 8 69 0 38 1 96 4 45 6 96 9 28 4 59 5 29 8 25 0 17 3 45 4 79 
