10 10
80 9 22 0 74 9 74 8 28 8 72 3 45 2 6 5 91 6 49 9 59 8 62 4 9 6 13 7 14 3 52 3 95 4 84 4 87 5 21 7 84 5 75 0 6 0 15 0 70 5 7 7 78 5 58 1 68 3 69 2 80 2 94 0 95 3 64 5 58 5 29 2 90 7 51 7 81 7 51 2 51 3 63 6 90 2 57 3 30 5 72 8 2 9 6 2 47 9 67 6 71 7 29 3 3 5 75 3 77 2 59 8 79 0 73 1 53 7 66 3 77 7 54 6 50 0 62 0 14 0 55 0 79 7 89 5 66 7 6 8 11 4 60 8 16 3 67 7 48 7 95 6 15 3 14 5 30 0 30 4 71 
80 5 83 7 21 8 96 8 60 6 96 5 25 6 13 3 61 1 54 3 64 0 54 6 32 6 4 0 76 8 3 8 35 2 73 4 17 5 61 9 1 3 7 8 31 9 54 5 74 1 76 5 25 4 17 5 47 7 46 6 63 9 51 4 80 1 78 9 62 8 51 9 65 2 82 2 30 9 61 2 50 5 72 6 57 1 56 3 27 0 26 3 1 9 62 4 57 8 68 4 1 0 83 2 18 2 40 5 2 9 55 9 12 5 31 1 19 7 35 1 35 4 98 6 15 6 59 0 64 3 27 4 69 3 30 6 63 6 14 5 41 3 76 0 52 8 21 3 91 0 88 0 19 4 93 1 31 9 57 1 21 
80 4 24 6 62 6 8 4 43 2 76 8 35 0 48 2 42 6 51 4 67 8 77 9 24 6 19 5 74 5 45 8 63 7 41 5 48 5 96 8 97 7 80 4 65 7 19 2 27 9 72 5 77 3 75 7 44 3 45 6 50 3 87 1 57 1 40 0 66 9 51 6 67 5 32 7 91 8 31 6 27 4 90 0 25 2 24 1 21 5 35 6 28 1 18 8 66 1 91 3 87 3 25 6 78 0 53 4 29 3 81 4 86 3 16 1 87 6 62 6 100 9 14 4 37 4 48 0 24 7 11 9 3 0 88 7 92 3 88 9 54 6 89 2 83 8 55 9 45 8 97 9 65 8 33 9 65 0 17 9 26 
80 5 10 5 32 3 39 5 1 2 28 7 46 3 73 0 16 2 79 9 92 2 6 5 59 7 16 4 88 2 25 4 43 6 10 2 50 3 4 1 75 4 39 5 85 2 35 3 42 1 59 9 78 4 44 0 21 5 24 0 52 0 70 1 55 7 57 3 63 2 88 6 74 6 62 3 1 1 46 6 49 9 71 1 88 3 89 3 58 6 20 9 2 2 61 7 43 3 29 1 98 6 24 5 94 3 31 6 9 0 60 2 82 7 48 4 6 6 63 7 13 1 30 8 57 8 94 9 14 3 53 9 40 4 90 1 61 3 15 0 8 7 81 5 28 4 62 0 11 7 75 7 34 6 62 1 59 1 28 0 80 
80 1 23 3 5 2 39 3 100 1 26 8 75 0 84 3 91 6 47 9 30 4 56 6 67 1 96 9 37 8 87 4 34 0 70 7 84 2 20 8 97 6 71 4 11 9 32 8 72 2 11 0 47 0 34 5 82 3 74 2 59 7 20 4 35 1 63 1 33 6 34 7 23 8 12 6 70 1 69 1 95 3 94 3 32 4 21 4 29 0 98 6 39 8 23 7 54 6 4 1 80 8 33 8 79 9 75 8 25 5 99 9 43 4 35 3 67 6 17 4 88 2 44 8 22 9 9 1 70 9 47 6 36 6 50 8 55 9 5 3 41 1 59 6 63 9 53 2 4 3 5 5 84 0 60 8 27 5 23 0 4 
80 3 42 2 67 7 59 9 64 6 79 9 98 8 30 8 50 4 59 7 3 2 16 8 52 6 32 1 2 0 44 4 9 7 24 3 73 5 7 4 51 8 21 2 18 4 38 9 57 6 15 8 72 6 49 4 4 8 75 3 33 9 67 4 1 0 31 7 9 1 8 5 45 1 25 3 60 6 85 8 10 7 85 2 6 8 58 1 37 7 58 0 32 9 49 6 77 8 16 8 62 2 23 3 48 4 7 2 94 9 13 9 75 6 76 2 83 8 34 4 10 3 9 3 77 0 95 0 3 1 80 7 61 4 68 6 28 6 62 0 65 1 50 2 25 5 83 6 52 7 9 9 80 8 68 3 28 5 79 4 55 
80 1 89 6 88 2 51 6 32 9 9 0 52 4 87 9 85 6 17 6 89 6 91 8 6 7 91 5 7 2 46 2 4 1 60 0 75 6 70 3 26 4 40 6 49 0 27 7 13 6 50 9 15 4 42 6 45 2 1 7 56 9 33 9 43 6 11 9 33 7 37 0 95 3 62 3 92 3 79 2 46 1 12 4 83 7 92 8 96 1 11 9 8 2 92 8 39 7 5 5 62 3 56 6 34 6 4 5 30 1 49 2 32 2 32 1 48 5 1 6 31 8 85 9 23 7 60 9 30 0 92 5 82 2 62 2 26 0 73 4 93 5 7 3 20 6 89 5 14 6 69 2 21 2 32 6 91 6 44 5 37 
80 4 37 7 18 7 28 4 61 7 96 7 53 0 98 5 62 8 88 2 77 1 87 9 2 7 93 8 44 4 63 0 42 4 36 8 26 7 33 0 57 7 19 5 33 1 53 9 64 1 29 9 25 8 56 4 40 7 55 9 72 8 59 4 51 2 1 0 24 4 63 4 74 8 89 2 92 5 94 8 18 6 66 8 6 3 26 9 79 4 42 7 68 1 34 3 46 9 82 8 97 8 77 6 13 6 67 4 35 3 19 3 25 8 80 1 49 5 79 6 62 7 46 1 85 0 73 6 47 0 74 6 84 6 74 2 50 7 75 5 53 3 40 7 43 5 1 0 36 6 100 7 88 3 5 4 51 8 98 0 38 
80 2 3 3 5 1 66 6 99 9 28 9 35 2 12 4 15 7 55 5 38 3 72 0 41 1 80 9 28 6 71 4 28 4 53 7 54 9 70 1 28 1 80 5 95 2 6 8 11 8 63 0 7 3 59 7 33 4 70 1 85 4 39 3 32 5 60 6 85 7 69 8 8 9 12 1 82 4 19 9 90 5 9 6 64 1 74 0 46 0 37 9 16 2 36 3 85 5 55 5 40 9 66 0 45 9 28 2 43 7 99 3 94 4 37 9 38 1 60 9 22 0 80 1 28 1 37 8 84 5 66 9 99 9 56 1 87 9 68 7 62 0 17 7 27 6 14 1 49 4 90 8 30 8 34 2 92 3 80 3 80 
80 1 64 7 21 7 13 1 55 9 62 1 62 4 97 7 51 7 27 5 98 1 37 2 60 7 84 2 100 6 13 1 78 8 76 6 1 4 96 3 49 4 34 4 35 9 24 1 65 7 72 9 37 4 45 7 84 5 37 2 72 4 37 7 89 0 75 3 40 6 10 3 56 2 67 4 69 6 83 3 28 2 13 2 99 1 82 0 59 7 60 5 94 5 95 8 75 1 8 4 5 2 38 6 33 1 37 7 68 1 90 0 76 4 62 5 45 2 4 7 7 9 13 5 47 3 51 0 57 4 91 6 99 6 55 4 21 2 9 2 68 4 93 4 20 0 52 8 41 0 10 1 34 9 27 2 9 4 16 5 73 
