10 10
80 7 41 5 56 5 16 4 70 0 59 4 45 9 3 7 70 9 97 1 26 8 70 1 70 6 1 8 3 4 97 1 19 4 10 7 30 6 2 8 89 1 13 2 55 2 11 7 9 7 7 2 69 4 68 2 19 9 9 1 97 3 29 9 96 5 96 2 73 9 95 7 19 2 18 2 28 5 27 8 78 2 83 1 81 5 73 7 21 3 91 4 21 2 12 0 97 5 98 6 98 8 4 5 37 4 58 8 70 3 15 9 93 3 78 4 9 4 33 3 87 4 57 2 13 2 44 5 94 2 91 5 88 7 70 8 36 1 60 8 86 4 70 1 87 2 52 7 84 4 26 9 52 5 5 1 2 4 59 6 25 
80 5 70 5 36 4 61 0 7 3 87 4 6 0 97 6 25 1 52 6 96 8 94 6 11 4 71 6 86 0 98 9 92 3 1 4 81 2 75 1 60 5 87 2 89 1 87 6 13 4 29 9 94 7 16 6 31 0 24 5 12 9 26 1 3 4 88 9 14 5 57 3 61 2 89 3 6 7 69 9 19 7 96 8 64 9 46 7 69 2 62 6 80 5 13 2 68 8 88 0 58 3 63 5 31 7 59 2 98 7 20 4 18 5 70 1 32 1 97 1 80 3 46 2 57 7 67 8 55 0 37 1 75 0 76 4 42 4 46 6 36 5 4 3 59 1 56 8 83 2 37 5 75 5 40 2 85 6 87 1 71 
80 5 84 3 85 0 65 2 78 0 28 6 13 5 78 5 79 7 65 1 23 7 77 9 97 6 6 4 46 0 33 6 70 3 59 7 94 2 35 9 50 3 42 6 94 5 80 3 55 6 54 2 39 0 81 3 18 3 87 3 86 8 25 3 25 2 84 8 7 0 28 7 26 5 92 8 92 6 72 1 3 0 46 2 17 3 54 7 87 5 80 2 46 9 54 2 18 1 79 5 16 6 22 5 77 7 21 4 4 5 85 3 76 6 70 8 87 2 60 8 88 9 35 8 42 1 73 2 45 9 94 0 80 2 91 1 12 9 72 7 72 6 73 9 1 5 35 8 80 8 34 6 100 5 46 3 52 0 62 5 91 
80 2 93 5 93 9 89 3 85 4 68 5 86 7 7 9 22 0 49 2 54 4 88 1 23 2 75 9 74 4 59 4 14 4 45 1 38 2 16 7 30 3 87 4 59 9 85 1 77 2 46 0 42 2 99 5 4 4 95 0 33 9 30 9 32 9 58 2 58 6 32 1 10 7 10 7 55 7 5 8 29 7 63 3 5 5 50 8 19 3 31 4 62 8 17 4 12 3 58 5 66 7 83 0 17 7 76 2 99 2 26 3 68 4 52 1 70 1 43 6 37 5 55 6 26 8 58 3 35 9 66 6 16 4 48 6 95 4 46 6 73 1 62 7 68 4 37 5 86 1 62 3 7 7 90 2 1 3 8 2 28 
80 7 78 7 96 3 28 7 1 3 86 8 14 8 78 7 10 5 52 7 99 2 6 4 45 7 6 6 38 9 59 5 25 8 48 4 20 3 38 5 45 8 81 2 44 3 29 1 23 4 55 5 70 6 34 1 23 1 34 7 52 7 36 9 18 6 76 6 88 6 12 0 56 2 49 8 89 9 18 0 13 6 45 9 56 3 93 4 64 9 42 0 42 4 30 1 19 2 53 4 84 6 75 5 61 8 54 8 59 1 19 5 78 1 9 6 52 4 25 8 42 9 20 5 83 7 52 2 37 1 66 7 60 2 37 5 88 9 42 8 26 1 13 4 25 8 69 9 93 2 46 5 4 6 9 5 53 4 86 4 52 
80 5 95 7 39 6 13 0 64 1 89 8 1 5 77 3 93 2 59 4 72 8 25 9 10 0 100 6 64 2 43 6 61 5 81 7 75 9 54 5 16 3 52 6 29 8 52 3 52 7 83 8 34 2 96 5 61 6 100 6 41 5 22 7 67 6 91 5 50 9 77 1 11 5 14 2 61 4 42 1 19 0 92 3 27 3 20 2 63 2 98 5 10 5 76 0 11 6 59 8 77 9 30 3 1 1 52 8 32 5 4 2 30 1 2 0 51 4 87 9 58 3 52 3 17 0 6 6 79 3 29 5 93 0 50 3 35 6 42 2 95 5 31 8 44 3 79 6 25 4 78 8 50 4 69 1 5 0 11 6 50 
80 0 81 3 86 2 14 2 14 9 96 8 31 4 81 6 52 0 44 0 12 5 45 8 11 8 3 2 75 0 83 1 29 5 69 3 4 0 21 0 48 7 46 7 28 5 42 8 63 5 23 0 61 8 88 9 12 6 68 5 31 3 13 3 70 0 60 1 55 3 10 8 27 0 3 1 94 5 58 8 70 9 33 5 21 1 19 4 57 5 98 9 74 8 100 1 70 9 30 9 68 9 9 2 73 7 90 4 32 3 16 4 24 5 51 9 55 5 69 6 59 4 81 9 76 6 97 5 14 2 10 5 6 6 91 5 21 2 6 3 41 2 88 4 32 9 37 0 97 9 67 4 90 1 72 8 17 3 83 9 5 
80 1 88 9 24 6 40 2 44 4 41 0 14 0 54 8 16 6 62 0 7 1 66 2 94 5 56 5 18 2 1 9 68 0 69 0 54 8 96 4 48 5 20 3 21 5 57 5 86 8 23 5 17 0 43 1 87 7 83 5 11 5 92 2 44 3 27 4 33 1 79 7 8 2 72 0 5 9 46 0 48 3 52 1 76 8 5 3 36 6 28 5 23 9 96 8 98 5 23 2 38 1 27 5 70 3 37 3 78 2 87 9 44 2 19 0 67 8 55 7 62 0 100 7 33 0 98 8 94 7 67 9 91 1 73 5 33 1 45 6 73 1 16 5 78 3 83 3 48 4 97 5 61 7 97 5 58 3 91 7 92 
80 5 33 2 13 3 39 7 47 2 67 3 87 4 68 9 36 5 66 4 82 3 70 1 29 2 37 0 56 9 9 6 46 5 61 1 55 6 38 6 49 6 51 4 94 3 17 6 66 8 50 6 37 2 48 2 15 8 41 0 61 6 10 2 55 6 56 5 16 7 90 3 4 2 91 1 69 0 12 9 30 6 90 9 71 2 83 1 18 7 9 1 29 7 49 8 89 4 90 0 88 9 87 2 36 9 51 6 1 1 35 4 53 7 20 3 15 3 40 3 25 7 19 4 3 1 11 5 95 0 84 3 69 0 33 5 87 0 3 1 65 3 52 1 54 9 5 0 70 1 87 8 24 0 3 6 96 8 100 5 43 
80 0 61 2 32 4 61 0 3 6 31 7 23 5 52 9 25 1 19 7 53 9 70 6 97 4 72 1 49 9 38 5 45 6 18 2 34 9 42 3 85 8 88 9 10 6 25 4 41 1 10 1 44 1 33 4 56 2 63 4 58 3 22 3 77 8 16 3 31 1 54 2 88 4 89 6 79 0 94 6 29 7 3 4 19 9 69 8 81 2 82 0 40 7 76 3 52 1 99 3 40 5 39 6 54 3 96 5 96 0 84 7 27 3 33 4 96 7 42 1 82 3 68 2 10 6 66 5 8 4 3 4 78 9 25 3 17 4 14 3 91 9 79 1 51 7 91 6 5 3 34 1 75 6 10 3 85 7 92 5 33 
