10 10
80 0 69 9 56 5 12 9 75 6 80 6 27 4 4 5 35 4 43 2 39 4 32 6 83 8 41 6 2 0 88 9 48 6 47 4 31 5 59 8 19 1 66 0 82 6 74 4 68 6 22 5 18 7 76 2 42 5 15 8 6 0 91 2 40 5 17 8 3 2 99 3 9 2 63 3 8 9 16 0 60 2 31 9 17 0 87 7 61 9 77 2 76 9 92 3 50 2 39 9 33 8 3 2 12 9 72 3 11 0 23 7 49 2 87 6 10 7 6 5 37 2 27 0 61 7 48 1 86 9 40 5 56 9 70 9 3 4 24 2 4 1 90 5 93 4 30 0 23 0 47 3 18 2 35 2 28 8 24 7 30 
80 4 74 4 17 6 19 9 16 9 69 0 89 5 24 0 48 6 47 4 49 4 19 4 69 9 80 1 51 3 81 3 22 5 5 6 28 9 63 5 49 8 81 7 37 1 17 3 75 7 37 4 84 9 77 6 96 2 63 6 37 5 27 6 68 9 46 2 43 6 20 7 55 7 72 1 57 2 13 7 76 8 8 3 78 8 14 1 48 2 81 7 77 0 50 2 24 4 8 0 86 5 25 4 78 1 95 9 78 9 22 9 67 1 2 6 41 5 62 4 42 1 2 2 68 4 96 2 79 1 99 9 89 6 74 9 11 7 18 9 21 8 61 6 86 2 21 5 22 4 62 5 2 6 22 8 98 2 67 9 62 
80 1 48 8 11 6 97 4 18 9 26 4 79 9 71 6 99 2 17 0 26 3 11 9 49 5 21 2 61 9 12 9 44 9 7 5 63 3 29 8 27 8 41 3 92 6 78 0 37 4 56 8 56 8 82 8 16 1 42 2 18 0 92 3 73 8 16 7 83 1 3 0 31 3 44 8 4 2 42 5 8 5 36 8 34 8 54 4 38 9 72 7 95 3 69 8 88 3 41 3 85 1 9 5 79 7 10 3 64 8 52 1 86 9 97 3 16 8 22 2 35 3 39 7 82 6 45 6 65 8 5 0 71 2 62 1 8 6 51 3 17 6 80 3 82 5 21 4 35 4 66 3 75 3 34 1 41 1 24 8 87 
80 4 73 8 88 8 3 7 10 3 56 1 77 7 5 1 97 0 54 8 72 4 73 2 82 6 76 5 92 1 11 8 42 2 23 6 88 7 23 3 41 6 19 4 5 9 21 2 94 4 30 2 97 8 90 5 84 6 69 2 34 2 2 6 67 0 26 4 33 5 70 1 47 7 36 9 94 5 99 2 96 7 1 4 39 7 8 7 53 0 16 5 69 0 81 6 59 4 74 0 72 1 61 0 36 4 33 6 26 9 34 6 1 5 94 1 15 6 33 3 83 2 29 9 73 4 72 1 4 8 38 8 55 6 81 1 63 1 48 0 26 3 73 8 66 4 64 7 5 2 78 4 40 2 49 2 1 7 28 5 52 
80 6 1 1 20 4 24 6 55 7 30 2 89 7 33 8 73 9 32 1 67 1 79 8 72 9 82 0 52 5 21 7 82 4 79 1 15 3 97 1 98 7 81 9 57 6 44 7 18 6 54 6 14 8 14 2 41 8 61 7 80 1 70 5 17 5 10 4 2 6 41 0 42 7 86 9 17 1 21 1 93 7 83 5 83 5 84 1 88 5 11 7 2 1 49 0 16 1 35 8 29 7 66 4 97 3 95 8 58 7 55 6 83 0 19 0 80 2 43 0 38 4 41 1 81 2 73 3 60 1 34 4 24 0 94 4 76 2 17 9 52 7 61 3 30 5 33 8 12 8 53 1 46 5 19 4 41 3 82 8 76 
80 5 44 9 3 2 14 6 38 8 75 1 13 9 97 4 53 3 49 4 58 9 28 9 61 3 70 4 34 3 67 4 23 3 56 3 96 0 34 5 39 2 90 6 88 6 43 7 19 3 66 9 51 2 55 8 76 5 2 2 96 0 42 5 36 6 48 8 22 7 84 9 100 9 14 0 57 3 11 5 4 8 5 5 91 4 97 2 26 5 82 2 89 5 62 7 19 1 11 0 94 4 53 8 35 9 48 7 45 9 60 6 56 6 45 8 100 6 98 6 63 2 36 4 39 1 68 8 32 2 22 7 99 2 87 7 35 9 93 6 27 2 56 6 6 0 61 5 3 0 40 0 30 9 75 1 90 5 99 4 55 
80 7 56 7 23 4 3 4 44 7 96 8 58 7 45 6 99 6 92 5 25 0 61 9 26 9 51 0 16 0 84 0 83 4 9 1 84 8 4 4 76 4 87 9 68 9 37 7 37 5 38 0 89 8 64 9 11 1 93 3 15 6 81 2 50 2 80 6 77 9 70 4 87 7 28 0 76 3 82 5 84 3 20 7 74 3 8 8 2 3 36 0 52 8 75 9 56 0 49 1 50 9 97 0 35 2 61 9 68 2 35 4 89 3 35 6 100 8 28 1 14 1 60 8 78 9 42 2 100 5 21 7 62 4 31 4 29 5 91 7 92 9 10 4 46 2 73 9 7 0 71 0 88 6 99 9 14 0 50 9 46 
80 2 41 7 95 4 69 8 47 4 22 6 68 6 36 2 15 1 64 3 10 9 21 2 18 7 50 2 44 2 53 5 9 3 74 4 50 9 69 1 34 2 100 9 80 5 56 9 72 2 65 2 72 9 94 2 66 6 80 9 36 5 15 3 36 2 63 0 15 7 60 9 81 5 85 9 34 1 69 8 41 5 42 9 26 7 51 5 46 2 2 2 90 7 87 3 10 8 39 8 97 0 23 1 82 7 41 4 58 8 79 1 56 2 1 4 67 9 25 1 60 9 89 5 90 8 61 8 87 4 37 2 45 0 76 1 51 0 52 5 26 0 6 2 40 9 91 9 2 3 62 1 5 9 9 8 46 5 46 7 31 
80 0 94 7 16 2 78 3 61 5 25 1 93 2 11 3 45 7 49 7 79 6 60 0 79 5 28 4 82 5 62 4 62 0 19 8 36 3 45 8 30 0 50 6 48 7 94 7 8 6 95 6 48 1 33 5 58 0 39 4 26 8 84 0 56 3 52 9 19 5 28 6 52 4 74 2 49 3 69 8 57 1 92 4 62 2 95 0 24 1 69 6 5 1 47 4 55 4 90 9 84 4 69 6 41 0 13 8 79 9 6 1 57 1 7 2 94 5 52 2 51 7 79 3 13 7 8 3 46 8 80 0 59 9 69 1 16 2 3 2 63 0 50 1 72 9 49 7 20 6 24 1 72 4 30 4 44 2 2 9 31 
80 2 15 4 78 2 14 9 18 0 68 8 66 4 10 7 67 4 59 9 12 1 74 3 10 8 30 1 93 6 4 9 89 1 80 1 77 0 99 9 32 3 58 3 36 0 16 9 54 1 97 5 7 3 64 9 13 2 26 2 25 4 54 3 17 8 52 9 4 3 62 0 20 4 86 0 63 4 85 3 25 2 9 2 55 8 52 4 52 5 2 0 43 3 84 4 24 4 95 3 48 7 36 7 24 6 76 8 84 5 74 9 58 0 89 6 93 1 18 6 72 0 12 4 1 0 86 8 17 7 69 1 94 3 2 2 94 5 64 4 50 8 72 0 17 2 16 2 95 4 11 4 39 3 92 2 48 6 25 8 26 
