10 10
80 4 35 1 8 5 24 2 39 4 74 6 81 0 85 4 80 7 35 1 55 0 100 1 10 3 34 7 89 1 45 5 15 4 52 1 100 6 81 4 52 6 58 6 47 2 85 2 54 3 75 4 81 0 68 1 67 8 24 7 29 0 92 1 1 6 76 4 72 4 19 3 69 0 79 3 36 1 100 5 79 9 65 5 47 5 32 3 66 4 37 8 23 4 96 5 29 7 55 1 42 8 23 1 41 0 43 5 74 7 80 3 18 8 94 7 58 4 86 9 81 2 66 5 83 7 90 1 59 3 26 9 25 2 56 5 79 5 25 3 60 4 66 7 90 9 71 7 22 1 46 9 43 9 18 8 30 4 71 7 72 
80 3 69 0 82 3 18 5 78 6 7 3 83 5 2 4 35 4 80 9 18 6 62 3 5 4 37 3 76 0 73 6 19 2 25 2 74 2 65 7 39 6 99 9 4 7 27 5 19 1 30 3 8 4 94 5 99 5 36 3 72 8 90 5 47 5 7 7 88 4 15 3 64 5 62 0 16 9 75 6 46 6 62 6 45 4 96 0 96 6 99 3 95 1 36 0 98 3 27 5 75 5 97 3 17 7 55 6 72 3 85 5 53 5 14 4 25 4 45 6 34 2 39 5 49 5 93 8 11 6 41 6 91 0 31 5 41 3 12 6 60 0 23 8 61 9 90 6 24 8 61 6 54 7 27 7 17 6 26 4 53 
80 8 59 7 83 8 64 1 63 8 75 1 75 5 54 6 30 6 23 5 57 1 54 9 91 7 32 2 79 6 42 7 4 5 62 2 76 9 22 0 16 5 76 6 40 8 21 8 64 6 53 8 49 0 39 2 26 8 93 3 97 2 94 6 6 0 23 0 20 6 47 7 58 4 89 1 59 2 79 7 89 4 84 9 54 3 18 8 14 3 35 2 11 6 99 0 67 9 89 9 69 4 9 3 89 0 25 8 94 0 87 5 70 9 83 6 78 7 29 3 21 3 50 8 29 3 79 2 72 0 10 6 85 7 48 0 78 2 78 1 56 5 83 0 68 6 82 9 8 5 38 6 15 8 92 3 17 3 85 8 86 
80 4 78 9 62 9 9 7 100 4 69 8 16 6 69 2 8 2 65 2 27 7 97 3 7 2 29 0 41 7 35 2 53 3 98 1 79 3 65 2 38 1 19 0 38 7 57 5 4 4 15 1 7 3 80 2 99 8 99 1 15 5 66 7 26 1 86 5 74 6 24 3 33 1 82 5 72 3 12 6 50 6 91 4 57 4 41 8 28 4 58 9 4 3 16 9 49 9 95 5 12 5 37 4 43 9 62 2 41 1 84 9 60 1 91 3 74 9 9 9 35 2 60 2 24 3 31 6 11 8 68 9 74 1 99 8 27 1 60 4 4 4 89 9 12 7 49 4 82 5 60 7 54 7 20 4 16 1 53 7 66 
80 0 49 9 48 9 15 6 51 5 86 1 82 4 46 5 23 4 27 6 54 7 91 5 73 9 77 0 83 5 23 8 84 0 99 0 53 9 5 1 61 6 8 1 60 9 7 3 95 2 61 8 27 5 46 5 46 9 62 0 8 4 21 8 78 5 76 1 60 5 14 8 12 7 32 7 2 6 9 8 1 1 5 9 72 9 87 9 32 7 92 6 74 6 31 5 80 1 89 0 64 7 6 7 18 1 7 3 16 0 81 7 94 7 100 2 26 9 74 1 14 2 85 3 51 2 21 8 73 7 37 4 15 6 22 6 77 6 11 2 17 3 60 4 58 2 91 2 25 6 53 4 87 5 10 7 20 7 31 1 2 
80 8 60 8 87 6 16 9 23 6 14 0 38 2 67 4 49 8 6 6 71 3 73 3 82 6 8 7 9 0 8 9 76 2 96 3 7 1 90 9 78 8 74 5 90 7 45 0 22 3 6 4 82 9 67 4 72 9 20 9 19 0 10 5 50 7 7 7 59 2 28 9 19 1 84 3 57 4 67 7 54 0 55 5 78 0 56 6 49 4 77 3 53 1 3 4 39 8 79 5 8 3 54 4 55 5 42 5 54 1 16 7 1 6 98 4 55 8 16 7 59 0 5 2 6 6 25 7 6 8 97 2 93 8 73 1 1 5 17 2 51 0 91 6 1 0 59 1 51 2 59 0 74 3 82 9 14 8 11 8 95 
80 1 67 8 5 1 44 5 75 5 52 3 13 0 44 4 86 9 98 0 26 9 99 1 86 9 81 3 8 4 15 7 29 1 34 7 85 0 96 7 19 9 96 9 26 6 16 8 55 7 67 4 44 4 18 6 64 4 28 9 57 6 79 8 91 4 12 6 55 1 51 2 58 4 94 6 20 7 8 6 87 1 94 8 77 9 17 6 29 6 69 1 24 8 45 4 6 3 74 9 16 0 50 8 89 8 47 4 17 6 65 3 16 6 44 0 91 9 36 1 61 5 18 2 52 4 41 6 95 8 63 4 28 0 40 3 35 2 17 6 87 0 55 3 34 0 42 2 26 3 76 1 68 1 62 3 84 1 24 0 50 
80 4 15 9 92 8 69 8 27 7 34 6 41 0 83 4 24 9 47 8 45 3 27 5 62 1 7 8 29 3 76 4 99 2 18 7 26 0 44 3 94 6 99 2 82 9 32 3 86 3 88 6 53 3 80 1 48 2 2 9 48 1 86 9 93 4 11 2 14 9 70 2 52 2 87 5 36 5 60 4 31 5 79 2 94 4 35 7 76 7 45 3 61 4 57 4 30 6 14 8 58 8 44 8 69 6 10 4 81 7 46 1 43 8 33 7 87 6 38 2 85 9 44 9 54 4 68 7 69 1 80 0 67 3 56 0 63 1 44 1 30 4 2 3 8 7 5 8 75 1 100 1 55 0 34 3 99 4 44 7 40 
80 4 47 5 80 4 99 4 48 5 10 9 30 2 100 9 31 2 94 5 70 7 50 2 71 2 32 7 32 9 82 6 39 1 71 7 84 2 34 8 87 3 35 6 89 4 51 3 11 6 93 1 25 7 96 7 27 1 62 1 22 4 41 4 62 2 80 4 79 3 70 5 93 1 83 9 14 6 11 1 61 9 42 5 62 4 46 0 83 1 9 6 49 6 65 0 53 8 23 4 81 6 71 0 30 3 97 8 49 4 66 7 74 1 38 1 55 3 81 7 24 9 55 6 76 8 24 5 36 1 35 8 39 5 3 2 96 3 32 9 22 7 43 4 58 4 84 5 8 4 47 6 98 6 6 0 86 0 86 4 77 
80 8 42 5 65 0 60 7 62 2 67 5 62 3 34 6 94 9 94 9 9 9 37 8 70 3 36 7 68 8 48 0 92 5 39 4 42 9 79 6 3 8 3 9 79 6 95 2 85 8 74 7 90 6 9 6 42 4 31 5 30 5 14 4 29 5 31 8 21 6 96 0 39 8 54 6 11 0 22 6 20 3 30 7 30 0 12 5 90 5 92 9 34 1 49 1 34 8 17 7 29 4 54 9 44 6 5 0 40 9 73 1 82 1 48 6 38 8 55 1 69 1 31 0 74 4 93 1 4 3 52 3 55 4 23 8 47 9 51 4 42 5 47 0 16 1 5 9 74 2 71 7 33 2 13 6 99 3 32 6 78 
