10 10
80 7 58 6 60 1 78 2 84 8 41 4 93 7 91 8 65 5 24 3 73 7 63 4 87 3 84 7 90 3 33 5 71 3 21 7 60 5 72 4 34 1 55 5 71 1 49 8 74 6 42 2 2 2 99 7 54 8 13 9 97 1 45 7 54 1 78 8 9 5 68 2 33 1 100 6 54 8 89 2 60 4 41 4 49 5 16 2 81 3 53 3 79 1 91 1 64 7 84 4 78 3 52 8 94 5 90 9 43 1 85 0 53 8 45 3 50 3 96 9 87 1 23 8 98 0 38 1 93 2 33 6 51 8 2 1 61 3 97 9 51 0 35 7 30 3 31 0 3 0 50 8 85 6 78 6 77 9 41 7 88 
80 9 27 2 100 4 75 7 99 4 23 3 85 2 74 8 21 2 80 2 5 3 41 2 97 5 77 3 67 5 89 4 38 3 68 0 10 7 23 4 72 1 65 7 94 4 66 1 79 9 43 3 38 3 96 3 12 1 76 8 64 7 28 3 71 1 80 8 72 0 65 7 29 7 17 4 90 5 100 8 35 8 22 5 76 3 91 8 19 8 83 8 66 2 84 3 38 5 36 4 75 8 71 7 21 0 80 6 31 5 13 9 40 3 68 7 26 4 94 7 99 2 59 6 83 8 52 9 68 2 31 9 95 1 94 3 12 4 36 3 27 9 96 6 49 1 12 3 50 7 38 1 82 9 48 8 62 8 28 0 82 
80 9 9 9 25 9 84 1 12 3 20 2 32 2 35 0 46 5 77 9 96 0 12 3 8 4 74 8 12 6 40 8 59 9 78 4 53 8 58 9 30 0 67 3 44 7 36 2 45 4 73 2 47 4 5 5 31 9 70 6 58 8 77 8 35 0 1 4 22 3 54 9 36 0 64 2 17 7 14 6 72 3 53 6 43 3 23 3 76 1 82 3 39 8 89 7 38 7 93 3 95 6 24 8 100 7 67 1 51 2 47 4 90 4 93 9 6 4 5 3 20 2 83 1 77 6 48 4 25 8 51 4 87 8 67 3 97 4 81 3 6 1 3 9 27 2 42 7 94 8 74 1 45 3 66 5 34 6 88 6 30 
80 3 24 2 28 3 98 2 47 9 7 7 45 4 63 8 26 3 57 7 94 0 97 0 22 6 35 7 41 6 77 4 25 4 19 1 31 5 2 2 15 2 87 0 79 0 26 4 37 0 37 3 59 9 30 3 49 5 74 4 76 6 16 3 57 1 70 1 16 3 43 2 56 1 63 7 43 3 81 1 52 1 99 2 35 2 96 0 49 9 39 2 95 8 45 4 9 8 36 2 2 6 93 2 44 7 90 7 11 7 31 9 52 9 94 8 3 4 84 3 42 5 22 8 21 5 85 6 4 4 29 3 18 9 9 2 10 2 10 8 33 5 53 5 44 0 4 4 38 9 10 1 29 7 10 8 82 2 100 2 24 
80 7 18 4 33 9 49 9 15 6 24 7 88 4 66 4 32 4 66 4 83 4 70 3 18 9 39 2 18 8 88 2 44 5 52 9 96 9 77 5 8 9 63 6 87 8 41 3 25 3 44 2 91 9 36 4 78 7 42 2 59 6 57 5 53 8 51 7 77 4 24 4 39 5 99 6 37 5 97 5 96 2 81 1 57 9 36 1 29 5 40 7 77 4 95 6 52 1 36 5 78 9 79 1 100 4 100 7 83 4 30 9 47 1 66 6 4 3 79 8 66 5 51 2 59 0 69 5 13 6 68 3 23 9 28 1 31 9 20 5 14 2 21 5 46 6 13 3 76 0 16 0 90 6 33 1 56 2 17 5 57 
80 1 65 2 49 5 15 7 40 8 33 8 55 9 3 3 68 3 73 7 36 5 58 5 28 2 75 6 63 8 43 7 16 3 69 2 60 5 58 1 16 7 77 7 2 7 10 9 96 0 30 3 20 7 5 3 93 9 92 1 73 5 90 1 68 6 46 1 83 5 1 2 50 0 81 9 86 9 55 6 89 3 92 0 50 0 18 5 35 9 25 4 74 4 36 0 3 8 81 5 41 7 8 3 35 4 58 3 58 0 15 3 52 8 65 2 61 8 20 9 48 3 25 7 42 7 55 0 92 9 53 9 15 0 13 8 16 4 24 6 85 0 30 6 29 1 19 6 34 4 35 8 89 5 92 5 74 9 9 6 30 
80 9 83 1 46 9 85 5 98 8 99 2 56 6 76 4 3 2 51 4 91 6 45 6 32 2 15 6 71 3 15 7 48 3 58 7 20 8 57 5 34 4 5 5 26 3 20 7 25 2 13 3 14 4 98 2 90 6 86 9 79 9 87 7 47 7 42 8 25 7 73 5 11 4 42 5 76 5 79 7 41 9 90 9 10 6 92 4 51 5 65 3 100 5 94 3 8 3 40 7 61 8 14 6 99 3 39 5 62 6 71 2 86 9 40 1 77 5 41 8 96 6 8 7 71 7 67 6 91 9 32 6 10 3 32 0 83 0 89 4 99 9 96 7 54 4 13 5 20 8 97 2 15 5 70 2 47 1 62 6 27 
80 5 77 2 17 1 85 7 59 3 10 9 3 5 25 4 86 6 99 9 93 5 45 4 66 9 49 0 14 5 82 6 53 3 42 9 31 3 35 1 16 2 20 7 65 1 43 9 75 6 13 0 24 7 1 1 45 3 33 2 19 5 47 0 88 7 54 5 81 3 93 0 32 2 67 1 90 2 36 5 48 4 66 3 65 7 34 0 54 4 56 1 65 5 2 9 5 2 73 9 84 9 61 9 9 3 24 3 65 7 36 7 47 9 22 0 16 9 95 8 6 5 66 8 17 2 70 4 35 4 95 9 6 4 75 3 69 8 40 1 58 2 41 8 42 6 30 6 55 5 39 4 44 1 13 8 32 7 23 9 3 
80 7 58 7 44 2 15 0 85 0 76 1 33 4 64 1 45 3 27 5 44 6 58 7 69 3 18 1 40 8 80 8 15 8 36 0 8 1 85 2 49 0 10 1 98 4 99 2 21 2 81 0 36 0 22 0 10 6 46 7 29 2 86 0 96 4 3 9 35 4 90 6 42 7 2 7 56 3 12 9 8 5 8 0 67 5 85 3 20 5 37 1 54 7 98 8 65 6 79 9 31 2 80 7 48 5 67 6 60 2 86 9 5 4 96 1 92 0 98 7 23 5 1 9 76 5 37 2 61 2 42 4 23 4 57 3 46 5 34 5 97 3 60 6 36 9 88 8 33 7 26 9 9 0 13 8 46 8 74 1 72 
80 3 89 1 6 8 56 9 80 3 99 8 58 1 98 9 80 2 82 3 91 9 44 4 46 5 8 2 34 0 73 1 12 1 67 4 71 5 48 6 34 9 62 3 34 3 90 6 17 2 78 4 75 3 86 5 60 2 45 5 25 9 16 4 46 0 43 2 11 3 98 8 57 4 75 9 16 7 51 9 32 0 16 7 89 8 6 9 22 3 92 2 21 8 27 4 56 9 10 1 68 5 56 9 88 0 32 0 35 5 29 8 86 0 98 6 43 7 70 0 90 4 72 4 7 1 48 7 74 9 83 2 19 2 21 5 37 9 55 0 50 1 7 4 71 3 6 3 20 6 42 0 76 5 89 4 71 1 17 9 94 
