10 10
80 4 70 4 44 9 73 5 44 8 16 1 92 9 95 6 11 1 18 8 60 6 3 1 8 5 77 2 41 7 36 6 34 0 63 7 50 9 87 5 10 7 15 0 47 7 61 9 30 9 98 4 67 0 85 5 70 6 35 4 28 2 90 9 2 4 85 0 97 7 24 2 16 2 3 1 48 3 9 0 32 6 58 8 49 1 67 9 94 7 33 7 33 6 80 6 29 6 20 4 98 3 25 1 24 6 88 3 76 4 21 4 42 2 70 1 6 0 70 2 26 5 34 8 56 1 97 2 86 9 32 6 84 1 59 5 17 5 19 4 61 1 37 9 66 2 53 7 65 3 88 2 84 2 56 6 9 0 63 8 20 
80 7 40 5 17 6 28 9 100 6 11 1 23 3 76 9 47 8 78 4 50 4 42 0 1 2 100 0 10 0 14 6 18 1 22 2 34 6 35 5 72 2 6 0 35 9 61 3 60 8 30 6 49 8 42 0 80 2 72 0 5 6 50 6 43 8 82 9 66 9 64 1 22 4 30 0 77 2 53 8 63 6 72 6 41 9 70 2 77 3 7 9 54 8 30 7 60 2 71 0 43 4 73 0 32 5 60 0 6 9 70 5 80 3 61 9 74 4 70 4 49 2 99 9 76 5 67 9 68 3 81 7 45 7 68 8 30 8 64 3 13 1 3 8 37 1 80 3 52 4 18 7 43 0 51 7 36 7 71 3 49 
80 0 83 3 29 7 80 3 29 0 32 4 29 3 15 1 27 8 58 6 80 1 71 1 90 1 27 4 85 0 61 6 65 0 83 1 57 8 90 3 41 7 9 2 31 6 73 3 89 5 95 3 73 8 55 8 72 1 72 8 28 4 32 4 79 1 55 9 50 6 35 2 37 8 20 6 99 2 40 7 13 1 64 5 70 2 24 7 57 5 94 9 60 5 93 3 31 4 88 7 13 7 70 8 99 8 42 9 94 9 64 8 38 9 34 5 75 2 90 5 8 4 27 7 6 9 17 6 26 7 89 1 100 5 22 3 19 2 6 5 54 5 14 4 1 0 73 9 40 7 39 1 66 1 70 3 97 0 8 3 2 
80 1 43 6 75 5 86 7 8 4 14 2 69 8 35 5 87 9 62 8 19 3 93 8 88 1 60 7 82 7 28 0 49 3 20 0 10 4 40 2 44 0 89 8 48 9 65 1 62 7 58 1 84 8 27 8 97 4 23 7 48 7 60 5 93 2 37 7 35 0 53 7 42 8 49 7 27 2 22 7 70 3 82 7 78 6 75 2 15 1 35 2 3 9 23 0 50 7 64 2 54 1 64 7 71 7 50 7 18 4 84 1 38 2 44 2 13 0 5 2 96 7 24 3 69 5 68 2 84 0 62 1 9 5 24 1 22 7 12 6 33 5 95 9 52 9 100 6 32 7 88 0 72 8 83 2 54 0 46 6 78 
80 7 13 0 76 2 67 5 66 8 64 9 42 4 48 9 66 5 26 0 25 7 47 6 17 7 21 0 65 8 41 7 99 7 51 6 39 6 99 2 8 6 40 2 73 0 75 2 92 8 22 9 57 5 70 1 37 6 31 1 84 0 54 6 68 1 18 0 82 5 77 8 80 4 65 0 37 9 13 5 4 7 67 8 53 8 35 1 55 4 16 5 82 5 79 2 73 3 7 4 18 7 31 4 41 1 40 1 20 5 30 6 4 5 88 3 6 2 72 7 86 9 1 5 90 1 5 8 37 1 77 2 15 3 53 4 82 2 57 5 43 1 56 3 34 1 81 5 19 6 37 4 1 4 68 4 2 0 88 6 25 
80 9 61 0 57 2 94 9 66 0 55 8 76 9 28 1 100 7 69 8 76 3 71 4 36 7 16 0 58 2 2 7 40 4 71 2 27 7 42 7 25 6 26 2 83 1 6 6 32 5 17 6 30 3 78 6 70 3 76 3 74 8 8 5 53 4 64 7 8 8 78 3 61 9 11 8 91 1 47 3 46 5 36 7 16 4 61 8 60 9 84 6 46 5 48 2 28 2 57 5 67 0 68 2 40 9 56 1 35 1 92 7 98 3 54 3 58 4 13 6 63 9 85 6 98 4 78 9 66 3 59 0 63 3 29 6 71 6 22 5 19 7 91 6 73 5 26 9 14 5 26 2 11 8 94 0 5 1 65 1 91 
80 4 16 3 68 2 3 1 98 7 26 4 83 4 59 5 25 1 53 8 49 1 78 3 40 2 8 1 57 6 32 5 17 4 19 7 77 4 92 4 69 4 38 6 48 2 85 3 36 4 40 3 2 5 16 5 30 8 15 2 75 9 54 8 70 1 14 7 13 8 27 1 39 5 21 6 44 1 74 6 37 5 1 5 93 8 51 2 7 2 33 3 71 1 100 6 64 4 64 9 32 6 2 0 66 3 55 9 9 6 69 9 45 5 56 7 53 6 76 4 21 0 86 0 31 9 76 5 79 0 1 7 74 6 82 9 13 3 17 6 13 3 100 6 91 2 48 3 13 4 73 6 52 6 24 6 23 2 50 4 15 
80 9 75 1 97 6 76 4 96 9 78 5 16 1 62 2 75 3 61 3 91 2 61 5 12 2 33 8 14 6 57 4 34 7 61 2 14 2 75 4 15 3 58 8 4 5 90 7 33 1 10 1 86 7 70 7 38 0 15 5 20 6 67 4 17 3 15 5 40 3 68 3 38 7 62 3 60 5 22 3 3 5 79 0 31 4 21 0 83 3 55 3 35 7 81 3 81 3 81 0 8 9 70 4 23 5 58 1 21 6 28 5 71 8 94 2 56 1 81 6 57 6 61 4 73 0 66 4 50 9 78 1 20 1 5 3 49 7 19 0 95 3 13 9 42 4 71 9 54 2 94 4 82 7 19 9 21 4 66 7 4 
80 8 100 7 70 6 30 5 47 6 61 9 58 5 83 9 8 2 29 1 26 2 44 1 90 8 11 6 69 8 11 6 10 3 76 0 91 8 29 9 28 6 13 3 85 1 75 2 78 8 12 8 40 2 92 2 12 8 45 0 92 6 43 8 51 7 71 1 51 1 13 6 17 3 77 1 70 5 58 1 8 4 21 7 59 7 76 0 86 9 98 4 55 3 78 9 62 8 55 0 33 8 59 6 63 3 42 3 13 8 76 2 6 1 74 5 40 3 3 4 82 5 24 7 19 8 62 8 3 5 60 3 78 4 36 0 16 7 97 6 91 7 90 5 15 3 13 8 62 8 25 0 33 6 82 4 44 3 60 6 45 
80 5 71 6 19 2 67 8 17 5 24 4 48 1 20 4 26 5 48 8 2 6 52 9 36 2 84 0 41 9 69 4 1 9 16 8 94 1 86 9 52 8 29 6 44 7 79 5 68 6 18 0 82 4 50 6 13 8 64 2 9 7 61 5 18 7 32 9 10 4 9 8 8 6 13 2 23 9 79 6 95 0 80 8 35 3 22 6 51 9 35 4 18 5 12 9 100 1 52 9 60 9 21 1 50 5 18 4 1 4 56 2 6 7 11 4 45 6 25 9 88 8 5 1 99 3 61 4 71 0 7 2 22 1 47 4 78 2 84 6 14 0 55 1 87 1 52 0 4 2 51 1 99 4 73 3 31 5 64 1 15 
