10 10
80 9 34 0 90 6 94 5 65 7 1 3 6 4 76 0 29 6 14 2 2 2 59 3 26 0 32 3 92 5 82 8 69 1 24 6 86 1 88 1 7 1 28 5 78 7 51 0 2 7 75 5 28 2 15 8 94 1 24 8 93 0 77 5 69 1 48 8 92 4 6 9 32 3 64 5 77 5 12 4 70 0 97 3 4 7 13 2 23 4 23 6 86 9 22 1 7 8 90 5 1 7 95 8 52 8 70 9 19 3 56 5 93 7 13 2 65 8 54 4 9 6 55 6 22 1 14 7 48 9 82 2 75 8 21 7 11 7 4 8 12 6 78 8 72 3 2 9 51 8 66 9 5 2 47 5 2 3 86 2 5 
80 2 95 6 94 9 67 3 68 6 94 6 95 3 98 0 58 2 55 6 70 1 75 8 48 6 56 9 36 5 40 8 13 2 77 8 34 0 97 6 28 2 55 5 46 4 21 0 40 8 70 8 99 4 75 9 96 6 79 3 67 3 65 7 48 8 13 7 22 8 70 0 71 0 29 9 21 3 86 5 34 1 63 3 82 3 34 4 94 8 99 9 60 9 1 8 33 8 5 9 52 8 4 1 36 8 6 8 93 7 8 1 83 2 74 2 24 0 72 0 7 6 81 6 98 9 94 1 24 5 51 1 32 9 54 0 93 3 14 0 70 7 54 4 77 8 4 7 21 9 82 3 61 8 14 3 54 6 46 7 6 
80 3 83 8 6 2 19 2 64 8 20 4 55 6 85 9 26 1 66 3 70 5 61 1 62 1 42 3 89 8 11 1 46 3 79 5 40 6 89 4 38 7 86 7 51 2 32 1 72 1 20 5 36 0 93 2 59 3 42 0 51 6 45 2 89 8 20 6 66 6 8 2 42 4 66 7 91 5 35 4 71 6 69 7 48 4 11 9 26 1 22 6 96 1 30 1 62 8 36 0 84 6 43 7 89 6 54 5 50 1 21 2 68 7 77 3 33 8 14 3 81 1 93 8 21 7 5 5 25 0 52 2 44 9 11 5 56 5 12 0 80 6 4 1 74 1 28 9 42 2 55 5 25 3 7 8 92 4 11 8 95 
80 8 38 7 36 1 2 9 82 5 44 8 93 8 28 8 86 5 55 9 82 3 6 5 45 4 68 8 100 9 18 1 58 4 81 2 19 1 68 9 66 1 10 2 20 2 12 0 54 1 90 3 78 6 1 3 28 4 93 7 96 2 72 9 66 0 22 7 71 2 71 0 71 3 74 2 26 4 48 1 4 5 75 4 35 4 32 2 46 4 76 9 31 1 34 1 40 8 94 6 13 0 85 1 14 4 8 3 81 7 24 0 45 9 20 6 98 0 48 8 28 7 95 9 96 9 86 0 3 9 23 6 83 5 1 4 34 0 60 7 58 6 17 7 14 1 75 4 34 4 66 1 57 1 55 8 94 2 32 2 26 
80 6 2 7 54 0 33 8 51 9 79 2 77 5 85 9 43 5 26 2 49 3 60 9 95 8 7 4 87 3 13 3 38 6 15 7 77 5 1 9 10 7 37 6 31 1 86 3 44 9 73 1 13 9 15 4 72 2 78 6 65 1 56 1 64 8 28 1 40 5 75 3 77 3 14 8 16 6 52 1 81 9 17 2 64 2 9 1 4 6 49 1 45 7 14 7 52 4 20 6 11 9 16 7 100 4 28 9 48 1 64 0 83 1 74 8 66 7 24 2 95 9 76 3 9 5 53 2 60 6 37 1 92 3 80 3 60 1 8 3 91 7 99 3 44 5 48 7 36 1 59 4 100 6 33 9 18 3 20 7 28 
80 3 63 9 66 1 1 7 5 6 21 2 73 4 98 3 81 9 71 0 35 9 75 3 88 1 93 2 79 6 67 3 18 5 37 3 73 1 99 5 100 4 60 1 5 4 19 8 5 3 51 7 5 7 12 2 85 0 47 7 78 7 43 6 1 0 51 4 6 9 1 0 82 8 5 6 98 2 26 1 5 6 8 0 14 8 23 2 29 4 73 8 1 1 65 9 12 7 88 1 37 8 31 0 87 4 23 5 86 0 58 0 100 0 33 2 86 3 89 7 22 7 18 8 66 8 12 8 55 1 9 0 49 7 19 9 77 6 73 8 13 7 75 2 96 8 16 5 60 3 84 9 35 1 96 3 19 3 7 1 7 
80 9 96 7 67 3 34 8 18 0 87 6 94 4 72 8 29 3 14 4 21 4 83 5 43 9 5 4 87 3 99 2 47 1 86 0 8 6 5 4 97 7 17 3 90 4 15 2 67 2 24 1 68 6 16 0 21 0 14 1 94 8 33 5 73 8 6 9 10 0 85 3 27 9 43 6 76 8 14 3 20 3 19 3 74 0 4 2 27 8 14 4 83 6 65 0 64 3 1 5 13 1 65 6 50 7 13 2 92 4 52 5 9 1 90 8 18 3 79 6 72 6 91 5 46 9 26 3 91 3 28 4 99 0 12 7 12 1 15 3 26 7 9 8 97 2 9 1 2 9 43 4 72 7 72 7 33 4 48 8 2 
80 3 33 8 12 5 46 6 17 8 30 6 60 4 66 7 9 1 24 0 65 2 59 2 78 8 97 7 11 3 58 9 18 5 97 3 56 5 2 3 91 7 31 7 3 9 11 4 79 3 2 7 68 2 87 4 48 0 95 9 64 7 9 9 87 1 8 7 18 5 45 8 72 4 82 8 70 6 13 5 25 7 59 5 2 7 71 4 40 6 67 0 43 8 96 2 62 7 86 9 75 3 79 4 10 7 88 8 29 8 74 9 45 7 10 2 74 4 49 9 42 9 90 6 99 3 37 5 15 6 74 8 71 7 95 9 35 0 76 4 28 2 93 8 96 1 79 5 51 6 43 1 30 2 32 7 38 5 96 7 16 
80 2 12 2 97 4 71 6 63 0 86 3 4 2 39 4 30 9 63 9 26 2 7 7 53 6 99 9 89 2 42 4 59 4 97 7 38 6 66 2 3 3 19 2 70 2 53 4 81 9 51 4 56 2 72 6 68 9 50 8 75 3 100 6 19 8 20 6 35 2 42 5 30 2 91 6 87 9 48 7 60 7 41 8 45 1 87 5 57 6 76 7 30 1 26 1 68 8 35 1 92 1 42 7 69 5 93 3 89 7 31 1 76 4 81 3 76 8 27 7 87 4 28 0 88 6 15 8 32 1 31 4 4 3 80 6 20 8 49 5 53 9 88 8 79 0 64 7 18 3 99 2 62 1 52 5 44 2 14 4 81 
80 8 5 5 30 2 60 5 14 0 38 5 60 1 45 6 37 4 42 7 44 4 42 9 44 9 67 7 22 5 36 1 76 2 15 5 60 3 53 5 21 9 41 2 1 5 59 7 6 1 56 6 7 3 61 6 62 3 2 1 24 0 84 7 89 2 62 9 19 2 48 2 100 6 89 3 37 5 73 0 70 2 33 5 66 0 32 5 21 6 90 0 23 7 53 2 7 1 54 7 6 5 58 6 20 2 30 2 1 3 29 8 34 5 67 8 78 0 70 4 31 6 99 6 58 8 19 0 72 1 23 6 92 9 30 1 26 8 20 6 13 9 40 1 21 7 13 8 55 2 93 1 100 4 19 0 98 7 78 2 85 
