10 10
80 7 87 3 76 3 17 6 76 0 75 7 87 6 29 7 37 6 47 2 9 8 42 0 35 1 72 6 67 9 21 9 75 9 67 6 50 1 74 2 100 1 74 9 56 0 91 0 9 0 8 6 73 0 25 6 8 6 25 9 12 2 88 7 39 1 15 6 50 0 92 5 70 0 98 2 13 2 27 8 81 9 78 9 41 5 12 1 71 4 76 4 74 3 36 0 18 0 43 6 65 1 68 5 68 2 42 7 53 4 29 1 89 1 17 7 65 4 82 7 20 0 23 5 85 2 39 4 99 8 31 9 72 3 34 0 92 3 93 8 53 0 21 5 99 7 87 3 62 4 24 0 1 9 18 9 32 2 60 7 63 
80 5 96 7 46 5 13 5 59 9 49 8 56 4 73 0 48 7 44 5 53 0 33 5 47 3 61 7 83 5 29 6 29 9 2 7 95 8 11 7 30 4 9 5 57 0 8 0 84 3 26 0 48 4 81 0 86 3 44 1 91 2 16 7 87 4 89 5 13 5 24 6 32 1 94 8 49 1 27 3 90 3 24 8 61 3 86 0 45 1 36 0 34 0 56 8 64 2 77 6 5 2 90 9 85 3 77 1 60 3 65 4 50 2 41 1 81 6 14 5 36 2 21 0 64 2 5 3 2 2 98 8 36 9 37 7 17 1 32 8 97 7 17 8 41 1 60 0 55 0 27 5 27 4 64 2 31 7 67 0 80 
80 0 40 6 33 8 69 2 80 1 53 2 45 1 58 9 84 7 99 3 95 0 46 6 87 2 78 1 94 5 44 3 65 3 81 9 89 2 56 4 23 4 87 9 76 4 14 1 81 9 68 0 80 8 10 8 87 8 19 7 16 0 59 9 78 6 29 1 99 5 4 0 91 2 17 1 67 0 59 1 93 1 97 2 78 9 35 1 42 4 13 1 29 1 47 0 29 1 76 1 88 1 86 1 72 1 34 1 81 1 1 9 38 1 53 7 20 6 53 7 48 8 52 7 38 7 51 3 69 4 97 5 24 5 56 1 72 4 50 3 5 7 44 0 64 0 43 2 30 1 30 8 29 9 56 5 91 0 92 7 20 
80 3 60 9 31 0 18 0 57 7 61 0 15 8 47 4 57 3 16 9 5 5 22 4 24 4 89 0 29 2 1 6 55 8 83 7 76 7 93 4 34 3 60 4 84 7 58 9 67 4 60 7 39 1 33 3 16 4 53 2 15 5 42 1 93 4 29 0 93 0 15 4 39 6 37 4 49 9 23 9 57 7 87 0 94 2 23 4 95 6 97 8 100 4 79 6 9 0 5 9 88 7 69 4 94 5 71 8 23 3 66 1 4 9 38 1 34 3 68 9 38 6 8 2 44 1 75 0 47 9 57 5 31 5 94 3 72 9 93 2 33 3 95 4 98 7 91 4 97 2 19 8 52 2 13 5 42 4 90 9 87 
80 8 41 1 34 7 3 8 39 2 14 0 51 1 73 2 60 6 77 0 9 2 92 4 8 7 42 0 71 7 83 1 47 0 30 3 5 5 99 1 62 6 78 1 68 3 56 9 62 9 95 7 83 7 81 1 44 1 54 2 34 1 88 5 13 8 99 2 24 9 88 1 98 9 60 8 78 4 57 3 43 9 69 7 48 8 17 4 48 1 7 2 61 5 46 1 42 1 52 5 95 0 32 7 42 8 97 9 40 0 70 3 30 3 47 6 46 8 60 3 97 3 99 6 64 0 38 2 88 6 3 3 60 5 39 6 38 8 37 6 44 2 32 0 74 5 81 5 77 4 34 2 95 9 57 6 59 3 39 4 82 
80 1 37 9 99 8 94 4 50 8 72 1 22 2 90 5 92 8 38 3 62 2 31 9 86 6 92 3 90 4 3 7 58 8 92 5 82 9 29 6 2 8 43 4 82 1 42 3 61 5 31 0 3 2 63 1 82 2 70 3 59 0 5 5 65 5 100 1 77 4 33 0 45 9 20 0 75 5 86 5 9 4 65 6 26 9 60 8 70 6 28 9 34 3 83 8 12 6 53 1 26 2 33 0 34 1 7 7 73 7 38 4 62 6 42 3 58 4 92 1 23 9 50 8 71 0 94 0 49 0 34 9 58 0 14 4 44 8 14 4 35 8 43 6 35 3 75 4 11 2 5 9 92 5 73 1 54 0 5 1 86 
80 4 5 7 98 1 96 1 100 8 9 5 89 4 4 8 82 1 68 1 98 1 4 7 42 9 16 3 92 4 87 1 23 4 86 2 45 8 21 2 59 0 91 7 89 6 13 7 87 9 48 3 30 4 93 7 20 6 100 8 38 8 83 2 66 7 23 2 60 6 77 5 3 4 53 8 97 6 33 2 65 7 97 2 92 9 35 4 57 6 84 2 23 1 61 6 93 9 26 0 59 5 56 0 75 7 68 7 66 5 64 6 65 6 30 1 91 1 11 5 49 2 89 3 83 5 87 3 86 8 45 8 17 4 68 9 78 6 21 4 22 0 61 8 20 1 7 8 1 0 75 7 28 1 7 9 39 4 39 9 2 
80 7 30 4 73 2 69 4 83 2 92 0 76 4 35 8 53 7 27 7 80 7 92 9 39 7 51 1 27 5 1 0 28 6 14 9 92 8 100 9 55 7 74 7 90 9 20 7 31 0 58 5 92 3 76 0 23 8 31 4 91 1 83 5 36 5 22 8 21 4 74 8 18 1 52 8 73 3 38 8 21 2 95 4 35 3 61 3 74 2 22 3 18 7 31 0 91 0 42 2 88 5 85 6 74 2 2 2 43 3 76 5 40 5 96 3 83 5 15 1 73 5 27 6 62 8 36 6 34 3 10 0 17 6 62 4 19 7 70 6 40 3 47 8 64 8 65 1 32 9 89 9 26 5 69 9 44 1 17 1 26 
80 0 24 9 62 2 9 4 15 0 4 5 12 4 100 2 61 9 31 3 27 3 81 6 46 3 19 5 68 9 52 5 31 8 48 5 29 3 3 0 11 1 1 4 44 2 97 6 100 3 60 9 29 3 99 4 15 9 20 4 90 5 76 3 43 4 19 2 82 5 12 9 36 2 74 6 19 6 10 9 9 4 84 5 95 0 70 7 50 7 8 3 33 0 43 9 67 6 36 4 88 5 8 3 52 6 79 8 32 3 74 5 97 4 45 4 53 0 66 6 38 0 22 7 85 5 46 4 24 8 40 0 33 1 18 0 99 9 31 4 11 6 58 7 84 6 20 0 54 0 67 3 62 0 65 1 90 8 42 6 83 
80 8 37 1 37 9 29 0 82 2 64 8 77 8 24 5 72 0 35 7 63 8 72 8 7 2 56 9 76 9 54 7 93 9 70 8 9 8 27 8 65 1 47 4 75 6 26 7 57 7 54 0 52 1 51 2 92 0 45 9 31 4 36 0 7 1 70 6 61 2 95 5 95 4 89 3 58 4 9 1 96 7 94 6 36 8 73 4 87 0 33 8 92 5 44 9 48 1 32 3 55 1 90 5 93 8 54 2 51 7 55 1 61 3 87 7 35 9 58 8 79 0 98 8 33 9 58 3 32 8 9 7 98 7 4 9 21 7 9 6 21 4 4 7 6 6 38 2 93 9 9 5 59 5 35 2 81 9 49 2 85 
