10 10
80 7 92 2 81 1 65 0 45 8 70 4 75 1 87 9 73 0 44 6 85 1 76 7 25 0 57 1 1 4 29 1 76 0 81 6 47 2 16 8 68 8 97 8 68 9 61 4 75 6 95 5 90 7 41 4 32 3 12 9 57 3 98 7 97 6 85 3 74 2 27 3 31 8 31 5 60 5 68 5 36 4 26 9 82 9 44 5 74 7 52 4 4 3 20 8 62 7 95 1 99 9 22 4 75 8 79 3 56 3 93 3 53 2 17 0 63 2 27 6 59 0 83 8 54 1 59 4 38 3 70 1 77 4 68 5 6 4 99 1 39 1 87 7 99 8 99 3 25 5 52 5 48 9 24 5 75 1 76 7 67 
80 7 48 9 52 3 57 1 15 0 90 9 29 0 8 5 67 7 26 6 73 4 81 6 85 9 36 2 13 7 78 5 77 0 27 0 100 2 44 0 94 9 43 9 64 3 28 9 21 1 71 7 23 3 10 2 56 4 33 9 55 3 50 4 84 1 11 7 83 4 63 6 80 4 50 1 67 4 72 1 1 3 38 2 96 6 13 8 91 7 85 9 3 8 80 4 94 6 19 7 15 4 55 4 68 5 20 7 47 3 67 0 59 5 55 1 88 1 5 2 15 8 66 0 88 9 38 5 92 6 81 0 95 6 87 9 52 7 44 9 84 1 11 2 93 9 16 4 30 7 31 8 26 3 56 9 89 9 89 7 25 
80 6 78 8 61 5 11 7 14 1 52 0 57 4 2 6 96 2 71 5 93 7 70 0 4 4 90 3 42 2 44 5 86 6 7 8 12 2 7 8 35 2 40 5 71 5 26 0 100 3 81 0 96 1 36 5 4 0 62 6 61 4 48 2 36 3 54 4 50 6 5 8 93 6 52 8 17 6 31 8 41 7 89 3 44 4 32 7 11 7 35 1 11 4 79 7 23 1 61 0 7 5 99 8 25 8 34 7 60 3 92 2 75 3 88 1 38 7 39 1 72 2 49 2 51 0 91 2 73 8 87 5 74 3 12 4 92 8 16 9 61 7 18 5 99 1 85 4 82 5 59 9 6 1 59 3 77 1 21 8 98 
80 2 90 6 75 7 94 1 98 4 74 3 59 4 39 2 15 8 80 7 21 9 43 0 21 1 3 2 95 6 94 5 62 9 4 4 31 1 78 4 68 8 23 5 23 3 65 7 68 7 89 3 5 4 98 6 77 4 10 9 47 7 86 8 74 1 63 0 82 2 19 5 92 3 63 5 66 0 43 5 15 2 50 5 79 3 3 8 98 3 1 3 25 6 75 9 39 3 94 9 86 3 44 4 44 0 27 8 79 3 27 7 88 4 60 9 76 5 70 1 72 8 23 3 47 7 59 1 85 2 5 7 38 5 8 2 29 7 77 7 58 1 33 9 72 0 27 4 70 6 24 4 88 3 60 1 91 2 50 5 52 
80 8 2 5 36 7 41 8 6 8 45 5 35 0 73 9 82 3 91 0 30 2 11 1 89 8 29 8 33 0 4 8 9 8 71 3 5 9 42 0 70 4 93 8 1 9 2 2 13 7 14 3 97 0 81 7 96 7 52 3 63 6 25 4 29 4 15 3 62 0 74 8 96 1 63 9 66 7 9 3 31 3 56 7 48 2 33 0 28 0 58 3 36 2 86 6 26 8 40 5 100 9 8 5 81 5 56 3 45 9 66 2 74 3 28 0 36 4 96 9 74 3 70 2 13 7 78 2 85 1 37 0 27 0 54 2 100 5 92 0 41 8 19 0 62 8 83 6 46 9 19 9 50 3 43 5 48 5 26 1 80 
80 7 84 1 32 8 76 4 8 2 91 3 76 5 36 0 100 2 75 8 3 9 6 0 93 7 94 1 61 9 10 2 51 6 63 3 41 3 54 4 73 2 65 5 85 8 53 9 56 9 41 7 51 3 51 9 56 0 33 1 44 8 33 7 75 6 29 5 90 4 63 3 21 7 56 1 18 2 86 0 44 7 82 2 14 8 33 0 26 2 68 8 6 8 86 0 73 1 87 3 67 6 77 7 1 5 36 5 66 6 13 8 3 5 56 0 50 3 34 8 75 2 67 1 64 6 44 4 22 5 25 6 85 0 20 0 48 5 79 4 33 5 63 5 76 8 26 7 94 8 13 8 6 7 60 8 52 2 56 0 74 
80 1 77 0 27 0 95 2 93 2 25 7 97 7 56 8 57 9 3 8 59 0 48 4 1 2 57 0 42 5 96 9 56 7 43 1 87 3 77 9 2 0 55 9 93 3 14 0 35 9 67 0 83 7 63 3 61 6 61 8 22 2 55 9 88 4 91 2 77 5 63 9 88 8 72 1 96 4 37 8 100 5 25 1 24 7 9 0 55 0 22 6 84 0 93 2 43 6 92 4 63 2 79 7 52 8 25 0 8 1 96 8 22 2 12 0 71 3 45 3 98 4 46 9 32 1 60 7 6 9 21 9 65 8 25 9 91 8 23 3 99 8 70 4 37 9 57 6 70 7 3 4 92 2 12 9 88 7 86 2 17 
80 3 59 0 34 2 5 0 91 2 39 8 32 1 26 6 34 6 42 5 5 5 87 9 25 6 12 1 48 6 37 5 82 4 28 6 41 2 84 9 25 6 2 5 81 0 58 1 80 2 43 4 89 8 34 5 26 1 87 8 80 4 68 7 99 2 37 9 11 2 20 6 51 1 12 9 58 0 44 4 92 5 24 7 68 7 34 4 28 3 100 6 30 5 48 6 43 6 27 3 30 4 36 8 68 5 57 0 50 1 43 0 82 0 15 7 15 8 56 8 2 0 9 2 66 8 91 6 82 6 49 7 54 4 23 1 94 3 10 5 53 5 17 6 32 0 59 7 24 9 48 2 90 3 92 6 39 4 22 5 55 
80 7 16 9 66 4 98 9 1 1 50 4 49 0 48 8 16 3 100 4 60 4 4 8 53 4 100 5 22 5 5 6 27 1 10 8 2 2 75 0 10 7 63 1 46 4 77 6 6 7 47 9 50 5 84 7 88 7 49 9 55 2 94 3 15 8 88 2 65 5 84 7 90 7 80 2 52 7 99 4 65 5 36 1 72 2 59 1 28 4 74 7 84 7 6 7 86 3 26 4 1 1 37 6 31 9 72 5 19 1 30 1 2 9 45 1 60 2 40 2 70 0 87 2 64 8 12 9 52 4 100 7 58 2 96 8 48 7 78 2 24 3 37 3 99 4 81 3 27 3 96 7 26 8 67 0 51 1 35 6 62 
80 0 26 9 69 4 42 9 3 9 27 4 96 2 6 5 32 6 55 0 20 9 73 8 82 0 43 2 8 3 59 5 81 8 29 4 58 7 68 3 13 6 73 8 72 5 61 5 73 4 69 0 30 6 18 9 67 4 37 1 32 3 28 3 83 2 77 7 33 1 21 1 67 8 98 6 9 8 45 8 26 5 46 1 32 0 26 1 46 2 36 0 14 1 93 7 53 0 59 9 60 6 79 9 49 8 66 8 90 6 64 4 98 4 96 2 5 1 3 3 59 3 95 2 8 4 8 8 18 4 16 1 11 5 16 3 18 2 58 8 40 5 100 5 70 4 78 2 83 1 64 4 75 2 55 7 32 9 93 2 4 
