10 10
80 5 59 7 81 8 77 7 73 2 1 3 20 8 31 5 8 4 64 9 48 0 58 6 85 8 73 3 87 2 78 8 17 9 38 2 6 6 36 1 16 1 18 2 73 2 9 7 99 4 97 1 82 0 10 0 84 2 65 8 53 5 64 8 28 2 5 9 8 9 62 7 80 8 97 4 7 9 7 2 59 0 69 4 33 5 14 7 68 9 47 8 83 3 48 2 52 8 92 0 94 2 11 1 53 1 64 6 29 0 50 1 88 4 80 8 6 6 87 9 36 5 62 0 12 2 61 9 80 5 46 2 44 9 98 4 28 6 70 8 34 4 40 2 68 2 6 1 15 5 93 3 54 1 50 3 21 9 57 4 12 
80 3 72 9 54 9 11 8 90 7 1 8 71 6 84 4 97 3 20 7 1 2 97 6 52 3 28 8 54 6 47 6 69 9 88 9 50 4 65 1 7 3 56 8 47 0 11 6 12 5 77 0 40 9 46 6 67 7 55 8 63 4 77 0 38 3 2 7 12 5 74 8 10 5 83 4 81 4 38 7 12 4 81 0 71 1 13 3 45 5 13 3 88 1 67 2 90 9 98 5 68 4 13 6 49 9 96 0 94 1 74 0 8 5 77 9 81 9 8 4 18 5 78 7 71 4 80 8 100 6 26 6 3 4 63 0 67 8 13 2 78 1 25 7 81 5 2 3 87 5 49 3 7 0 2 2 18 3 74 2 73 
80 4 52 8 64 2 85 0 92 6 69 5 36 5 33 8 55 4 50 6 65 0 31 6 57 2 11 5 25 0 54 9 76 8 12 3 39 5 30 9 93 8 82 4 84 4 55 6 96 1 95 5 18 8 70 0 91 7 53 9 91 5 89 5 41 3 17 4 41 8 66 4 48 0 14 0 53 0 33 7 2 7 27 0 29 0 78 7 92 0 18 9 43 3 80 7 43 5 2 5 99 7 7 2 47 8 41 3 27 9 47 2 10 3 93 0 74 6 25 0 66 8 25 7 18 5 32 8 62 2 28 0 76 8 87 2 93 1 61 2 34 2 76 7 52 5 71 5 77 0 49 7 31 1 70 0 39 5 56 2 7 
80 5 54 7 4 7 77 5 13 1 13 7 24 8 52 0 19 9 42 8 33 0 75 6 41 6 39 4 59 3 53 3 95 9 13 0 98 4 3 0 65 9 50 5 49 9 27 5 64 4 99 3 23 9 73 5 41 8 70 4 69 2 17 0 68 4 65 2 37 3 40 4 58 0 17 6 76 9 97 7 75 5 49 9 5 2 25 2 41 0 99 7 80 3 38 1 54 1 53 4 18 0 70 1 97 7 22 7 48 8 92 6 45 6 14 1 80 8 41 8 16 7 99 0 56 1 20 6 63 6 44 9 39 1 63 7 16 6 93 3 95 0 4 8 56 3 67 4 75 1 64 0 91 2 8 9 81 3 53 6 34 
80 5 88 1 49 6 89 6 86 5 92 2 94 3 15 9 13 2 86 7 45 8 50 5 79 1 80 6 91 5 88 2 3 7 37 6 28 4 21 6 30 6 34 8 91 3 8 7 54 0 52 8 10 0 94 1 75 8 25 5 90 6 52 1 1 2 89 3 62 4 47 8 15 9 87 1 76 8 23 2 61 5 70 6 53 0 10 6 12 7 39 8 75 2 9 7 21 1 40 9 36 0 95 3 51 2 61 2 78 7 33 6 23 7 11 1 85 1 72 7 73 5 25 0 82 2 73 4 31 8 82 7 89 8 93 4 37 4 16 5 100 1 13 1 23 9 15 0 63 1 14 7 33 0 43 8 95 8 28 1 70 
80 4 86 6 79 4 77 2 97 0 3 8 54 6 43 0 15 9 15 3 82 9 80 1 95 4 47 9 44 0 26 5 41 0 72 0 18 4 79 2 15 7 15 7 20 5 79 9 78 5 11 0 21 5 5 4 60 2 95 8 100 9 91 0 98 3 20 3 55 7 1 4 21 7 9 4 26 8 89 8 95 0 85 0 21 4 18 8 92 4 74 4 15 0 50 8 8 5 86 5 45 5 66 5 4 3 81 4 85 4 6 1 19 3 38 1 78 0 8 2 57 7 48 9 95 4 82 7 58 3 22 3 62 5 36 3 32 1 98 0 57 3 78 4 82 1 13 1 75 5 63 7 96 6 39 4 97 7 17 7 96 
80 9 11 1 35 4 85 8 47 4 48 4 4 2 59 0 57 6 100 5 40 8 80 1 66 1 83 8 61 5 21 3 86 7 9 2 70 1 66 3 31 2 67 0 83 9 39 9 34 4 42 9 33 7 79 7 41 6 59 5 89 5 15 8 77 2 34 7 23 7 55 9 43 6 65 5 23 5 32 5 60 6 55 9 8 0 74 3 30 3 51 8 87 1 25 9 4 1 89 0 71 1 26 1 50 2 53 2 61 7 38 0 8 9 20 0 91 9 31 3 83 1 78 4 16 2 70 7 90 1 82 8 19 2 20 8 39 9 95 2 75 8 37 1 94 0 62 0 61 9 89 9 44 0 22 4 60 6 25 7 33 
80 0 30 5 97 9 24 3 69 6 90 0 60 3 29 6 99 5 35 7 70 0 34 9 91 1 79 4 95 5 88 1 96 9 65 7 8 8 5 9 86 7 55 1 62 0 12 7 11 9 78 0 50 3 44 6 65 6 78 9 40 1 92 9 78 6 78 3 40 9 17 8 94 6 8 4 30 9 66 1 8 7 56 8 67 0 53 8 60 3 89 3 34 2 45 2 37 5 2 7 30 9 28 6 77 1 36 1 19 9 31 5 39 4 35 4 7 9 88 5 63 7 41 6 48 1 15 8 33 9 19 8 28 7 70 4 34 4 48 2 45 8 29 1 48 2 93 1 50 2 89 7 62 6 85 6 42 9 75 6 37 
80 0 95 3 23 4 24 3 94 7 68 5 93 8 42 3 68 7 79 9 9 8 39 4 28 7 32 5 61 9 22 5 36 7 36 6 7 7 62 4 99 7 86 6 88 3 4 9 30 2 58 5 93 3 45 0 53 0 62 0 25 0 91 2 49 2 31 7 82 5 82 1 52 6 79 9 56 7 3 4 30 7 7 2 9 8 45 8 69 1 78 0 11 3 97 7 91 3 57 5 45 3 6 7 28 8 42 8 80 0 4 1 18 7 20 3 4 9 41 9 94 4 45 4 32 1 41 1 53 3 2 9 29 0 55 9 70 6 93 1 34 7 76 0 14 7 63 6 91 0 33 3 5 1 17 0 93 7 49 1 60 
80 4 66 7 24 2 30 1 95 6 53 3 60 1 66 6 53 7 27 7 60 8 63 0 28 6 51 9 82 1 7 9 18 0 68 4 89 3 47 7 63 6 67 8 82 1 20 8 61 5 7 5 8 3 38 3 86 3 96 5 78 0 13 1 38 1 6 5 7 2 87 9 70 3 2 7 71 9 31 4 94 0 35 5 78 9 35 5 69 1 59 6 30 6 79 1 30 7 27 8 64 7 56 8 71 1 31 3 11 5 73 8 8 0 35 4 31 9 22 3 52 1 36 1 67 7 71 7 94 0 96 0 40 3 12 9 54 3 46 3 82 8 45 1 60 6 9 9 52 1 32 4 9 6 74 3 32 4 10 7 27 
