10 10
80 9 49 9 66 0 26 5 49 1 68 5 72 9 83 4 6 4 6 2 85 9 72 3 96 5 35 5 37 0 21 2 31 2 37 6 27 3 69 3 32 2 39 4 55 8 11 1 75 9 63 6 65 1 29 7 61 1 76 1 1 7 42 6 60 4 33 7 45 0 10 5 72 1 3 5 25 0 58 2 15 4 69 6 40 5 1 7 11 8 33 9 16 6 48 8 93 2 18 1 57 9 62 4 50 5 40 0 5 8 23 0 46 7 37 9 84 0 67 2 57 4 51 8 20 8 17 5 12 6 13 1 54 8 44 1 62 3 19 8 2 0 28 9 77 5 65 3 56 3 99 7 52 1 52 6 46 8 39 5 77 
80 2 2 2 70 2 48 3 65 9 47 1 14 0 44 9 8 3 55 8 68 6 43 5 5 9 9 9 78 2 61 4 96 8 81 3 31 4 52 1 33 3 11 0 77 0 81 0 67 9 1 8 30 8 80 0 13 1 33 1 23 6 12 6 39 0 91 0 55 9 24 7 3 0 18 7 87 5 96 5 38 9 85 9 54 8 46 3 65 5 77 3 28 8 98 2 59 7 16 2 58 4 13 1 16 5 55 5 63 8 41 8 22 4 59 3 19 5 42 6 69 3 22 0 79 5 99 8 39 0 9 5 79 8 81 0 48 8 64 4 91 2 81 0 95 5 46 1 42 4 7 3 81 2 33 2 60 0 72 6 20 
80 2 86 4 1 4 91 1 89 4 54 9 1 0 50 5 10 9 90 7 50 8 89 0 52 2 99 4 62 2 63 8 2 1 83 6 30 4 4 0 45 8 11 6 21 6 36 0 34 9 6 8 23 2 48 4 7 6 41 2 45 5 22 7 9 4 53 1 50 5 36 8 95 3 57 7 27 2 97 1 41 8 15 0 63 7 57 3 58 4 73 0 18 3 43 6 79 7 52 7 88 0 98 1 22 6 93 6 49 3 17 9 58 3 16 6 19 4 84 1 53 3 1 6 76 1 88 7 28 7 58 3 79 0 21 1 28 3 84 2 17 2 65 2 100 6 86 4 75 5 96 6 32 4 63 8 40 7 90 2 14 
80 6 50 8 42 5 46 2 11 6 74 9 96 6 13 0 80 3 59 4 21 8 79 4 13 9 8 4 34 4 78 5 69 0 29 7 26 7 23 1 87 2 16 8 1 7 43 3 88 8 11 9 74 3 83 4 14 1 76 7 20 2 30 6 85 2 65 2 34 1 26 1 91 8 64 6 39 0 63 9 23 0 57 5 63 1 43 6 98 5 2 4 88 6 68 7 56 1 36 0 55 8 67 5 8 2 65 6 90 2 34 4 69 8 18 9 97 5 64 1 85 3 84 0 16 3 92 1 61 4 29 4 61 0 43 4 30 3 38 3 55 3 67 6 17 9 35 0 30 0 49 8 17 4 88 0 90 3 85 6 12 
80 8 19 7 11 1 11 7 37 3 41 5 41 1 63 6 52 1 42 8 49 2 65 3 41 4 16 7 24 9 75 7 14 2 53 3 38 9 34 1 71 9 32 7 37 7 50 4 30 3 62 0 78 2 59 8 90 4 73 1 18 6 94 8 23 4 66 0 88 2 59 6 18 6 38 6 42 9 38 9 20 6 36 5 8 9 28 6 38 4 46 5 21 4 5 9 94 6 5 4 3 3 50 6 18 8 2 2 59 8 97 0 81 1 8 3 57 1 33 3 25 6 83 1 23 0 98 4 71 5 65 8 79 4 71 6 69 1 55 7 66 4 61 4 30 2 42 5 96 0 19 7 8 9 88 7 63 6 86 2 49 
80 5 100 3 19 7 61 3 20 5 25 4 43 0 48 0 64 1 45 9 76 2 30 2 16 4 33 9 85 9 38 4 45 1 69 0 64 3 10 0 94 5 46 0 34 5 48 8 63 1 28 1 100 9 22 1 53 5 17 5 62 8 37 5 14 9 10 0 94 5 28 9 43 2 98 0 30 4 75 9 49 3 22 5 100 6 37 2 68 3 50 6 34 9 73 7 5 6 64 3 87 9 76 7 90 6 35 8 13 4 46 9 52 6 10 0 71 2 48 6 59 1 68 8 98 7 77 1 99 7 47 1 73 2 45 8 83 7 50 8 65 2 81 9 81 5 30 9 56 5 99 7 83 1 17 6 81 0 7 4 91 
80 8 38 1 63 2 17 0 62 9 100 0 13 9 62 9 72 4 38 6 72 1 36 2 10 1 51 0 56 6 16 2 13 7 36 9 99 4 39 5 8 6 77 8 4 7 20 8 3 9 54 4 12 7 67 9 21 4 59 0 19 8 83 4 72 6 50 9 68 7 51 3 84 3 40 7 89 2 67 2 54 8 99 7 26 5 67 0 70 1 67 6 59 9 78 3 4 1 61 6 43 9 23 5 84 9 9 8 68 6 83 7 69 0 14 4 8 9 74 0 18 9 41 0 6 9 54 0 61 8 86 1 14 8 2 7 73 7 92 1 27 4 47 6 10 5 51 5 89 8 9 3 34 5 20 3 14 2 22 0 98 
80 7 31 3 90 0 34 5 8 1 93 7 35 0 100 8 33 4 52 4 17 5 83 7 45 3 4 0 89 9 41 2 72 1 51 4 29 4 24 7 8 4 39 3 98 8 8 8 36 7 33 8 54 4 80 7 45 3 53 3 99 1 97 7 79 3 42 5 35 2 38 1 91 8 6 7 22 3 46 8 30 6 56 7 34 4 75 0 35 7 1 9 44 9 84 1 20 2 93 2 59 6 99 2 92 8 65 0 75 4 91 9 34 7 93 9 89 8 42 2 76 9 66 3 97 0 45 6 32 1 95 3 36 3 40 2 76 5 21 4 73 0 90 0 23 9 5 1 93 5 67 2 39 2 71 6 4 0 79 8 4 
80 5 84 3 78 0 79 9 51 6 14 1 63 9 57 7 97 3 45 2 45 0 64 4 47 0 56 8 42 1 54 3 95 1 50 8 3 2 25 9 15 9 93 4 84 5 92 0 34 7 30 8 56 2 34 2 42 4 56 0 76 0 24 3 59 1 92 8 52 0 38 1 50 8 69 4 2 2 70 8 96 5 51 9 85 3 90 0 99 2 48 0 17 2 60 7 10 5 32 4 7 2 55 8 33 5 71 4 67 2 55 9 70 7 55 9 93 1 89 5 66 0 34 6 41 6 84 5 51 2 68 3 70 1 88 8 94 5 69 8 18 9 41 3 73 3 10 4 85 4 41 0 99 3 39 3 23 1 20 0 17 
80 6 13 0 57 4 13 8 86 0 65 1 47 3 22 0 87 3 67 6 80 0 92 0 29 6 25 0 96 6 68 6 64 7 84 7 72 4 35 1 52 1 83 3 53 1 49 6 59 2 37 7 44 9 99 9 11 7 37 6 16 4 61 2 68 6 30 2 85 8 53 2 43 8 24 8 97 7 90 2 94 2 30 0 5 7 79 3 52 7 30 0 85 9 73 0 13 5 26 2 97 7 72 2 3 9 63 7 65 0 8 0 34 7 43 1 93 4 44 7 90 8 59 1 62 0 3 0 22 5 21 6 75 8 61 5 41 3 60 0 61 3 9 6 20 8 9 3 23 0 95 8 75 1 62 6 53 2 93 6 67 
