10 10
80 1 94 6 96 9 91 6 83 6 23 9 48 9 65 9 68 2 48 8 70 5 51 9 40 5 25 8 98 3 20 1 35 7 74 6 93 2 30 0 12 8 25 8 44 1 48 0 30 4 34 0 21 4 1 1 19 9 42 4 31 7 71 6 77 4 74 0 24 9 97 3 10 6 80 4 41 8 12 0 21 4 100 1 8 4 2 3 40 3 25 0 35 2 22 0 30 9 40 7 75 7 91 7 96 7 78 2 100 6 32 9 42 8 27 1 78 6 45 7 89 5 53 2 12 8 68 9 86 5 3 4 98 8 77 4 24 7 81 3 64 3 78 6 80 6 54 2 75 4 40 2 32 8 87 6 24 4 31 8 50 
80 1 75 4 55 9 91 5 57 7 93 1 31 7 14 4 17 6 8 8 83 2 58 2 91 0 46 6 10 0 4 0 25 2 14 0 93 4 95 9 14 1 37 6 23 2 99 6 75 7 3 0 58 2 53 0 55 3 26 7 65 3 3 8 13 7 54 7 95 7 34 0 39 4 34 1 77 4 43 9 60 0 43 1 70 5 97 7 5 4 93 9 6 5 34 1 18 2 7 5 63 5 56 2 72 4 47 2 81 9 57 2 21 3 12 3 68 0 40 8 46 8 70 4 93 2 85 9 28 7 68 7 17 7 59 3 4 7 85 6 15 2 17 8 85 5 64 7 84 1 76 2 64 9 77 5 50 4 49 0 97 
80 2 38 4 27 9 70 0 44 0 6 7 30 2 34 2 85 1 17 2 55 4 26 3 20 0 21 8 61 8 17 0 64 1 55 9 6 3 15 0 29 0 58 1 69 4 76 3 18 8 34 4 1 3 81 7 36 9 33 7 95 7 68 8 14 2 9 5 61 3 29 0 52 2 57 2 38 1 16 1 27 4 66 6 69 1 99 8 89 3 2 4 56 0 41 0 19 8 80 0 88 1 28 4 42 4 30 7 95 8 61 3 23 0 63 9 45 3 61 8 58 7 73 1 22 5 14 7 89 7 37 8 78 1 65 3 73 7 92 2 69 1 62 8 10 1 15 5 64 3 49 2 12 7 93 4 60 0 5 0 14 
80 2 87 1 34 1 92 3 12 9 73 9 88 1 3 1 60 2 93 1 45 2 43 8 61 1 10 4 65 5 89 5 4 8 63 7 67 0 69 7 46 0 60 6 98 8 32 8 65 2 62 0 1 4 56 7 26 4 79 3 49 0 67 6 41 1 79 1 39 1 70 6 40 4 66 9 19 9 64 5 8 5 87 8 27 9 14 0 22 0 65 0 46 4 30 2 40 4 30 0 32 6 25 6 95 6 52 7 37 9 24 1 52 9 90 9 58 5 42 4 34 3 91 2 84 2 93 9 35 7 56 1 75 7 27 3 76 3 60 4 81 9 80 7 65 6 39 3 17 5 68 9 18 4 49 3 63 3 30 7 88 
80 0 61 3 21 0 66 3 81 4 89 2 47 4 24 0 71 0 2 1 80 2 28 2 3 7 44 8 55 8 69 4 81 8 33 2 52 2 27 8 37 4 32 2 53 8 92 3 68 9 70 5 97 8 3 9 17 5 17 6 77 7 64 3 16 6 29 1 43 0 93 7 79 5 40 9 81 5 98 9 8 8 93 1 2 5 39 9 82 6 76 6 40 8 73 6 19 6 70 6 30 5 65 7 2 2 99 0 41 2 57 0 90 2 82 0 57 7 36 5 95 5 30 3 69 4 12 1 66 8 77 3 33 3 72 9 98 3 69 4 57 0 21 2 83 5 10 6 84 8 64 0 29 7 45 9 76 9 85 8 95 
80 0 16 8 30 7 15 9 21 0 44 8 79 9 2 5 99 6 73 1 76 1 87 9 11 8 72 2 53 9 40 6 77 0 71 8 31 5 85 7 13 8 60 0 31 7 77 1 87 6 61 7 94 9 53 8 95 4 84 2 65 7 60 5 67 1 61 8 74 3 45 4 69 0 10 5 56 0 55 5 31 2 19 9 93 5 32 0 13 9 81 7 20 1 96 5 46 3 27 2 88 8 44 9 28 0 81 3 9 2 72 7 15 3 98 8 24 2 80 2 71 5 73 9 49 0 70 4 45 0 13 4 41 6 67 8 28 9 24 8 44 9 42 4 39 8 8 0 39 1 70 5 85 1 7 9 9 6 9 9 65 
80 0 5 9 43 7 24 4 90 9 9 4 74 6 27 5 74 3 46 7 35 4 68 5 27 0 29 9 94 6 74 8 5 2 4 7 75 2 66 7 36 6 68 9 60 1 39 9 10 8 11 7 62 2 96 5 60 1 82 5 78 3 8 3 94 2 100 9 77 8 64 3 99 0 72 2 92 4 74 5 3 3 69 1 50 8 73 4 44 7 79 5 73 6 22 5 89 3 84 5 76 5 85 3 66 9 44 1 13 5 89 9 76 5 19 5 96 2 84 3 66 0 88 3 41 4 93 8 17 4 22 4 93 2 66 4 96 6 56 6 73 7 7 1 94 3 70 4 3 3 3 1 9 7 64 6 4 5 36 5 13 
80 1 49 4 26 9 83 9 71 3 77 1 10 7 35 8 90 8 87 5 33 0 94 6 1 2 29 6 73 5 85 0 49 0 54 1 94 6 65 0 83 5 41 6 84 8 69 5 32 9 83 0 75 3 47 5 22 8 27 4 79 1 70 7 28 1 23 3 91 8 20 3 55 2 59 7 33 8 58 4 36 9 13 9 93 9 86 8 92 3 8 4 49 1 88 4 43 2 57 2 82 3 12 0 96 7 19 0 81 0 75 2 1 3 5 7 12 3 53 2 26 0 19 1 82 7 15 9 61 7 60 2 99 8 51 2 21 1 75 0 33 3 41 2 50 7 50 0 93 4 51 4 36 7 89 5 91 1 17 2 78 
80 7 75 1 99 9 72 5 79 9 82 1 69 0 50 3 51 4 85 1 43 3 25 8 70 3 71 6 64 7 33 2 57 1 100 7 79 1 10 5 100 8 77 9 48 9 12 4 30 7 65 6 60 8 96 9 29 6 4 6 91 3 49 7 18 5 69 6 24 9 14 0 50 4 14 8 3 9 87 2 20 4 21 4 28 5 88 4 35 0 44 0 39 7 46 4 23 2 27 4 39 2 39 2 80 6 26 6 44 1 28 6 99 9 27 6 99 4 89 9 24 7 86 6 42 1 32 9 13 0 41 9 63 7 38 1 84 8 21 7 72 0 89 4 27 6 38 5 62 3 55 8 48 3 28 8 25 6 30 3 10 
80 8 98 0 91 1 79 9 79 5 65 6 28 9 57 8 31 9 75 5 27 3 55 4 26 0 15 0 86 4 94 9 34 1 97 1 79 0 58 5 71 2 47 2 67 9 62 5 20 3 71 9 87 2 77 8 63 6 72 1 20 2 95 2 97 0 58 8 93 2 44 6 62 0 94 9 75 8 43 6 41 8 80 3 84 1 13 7 10 7 63 6 98 8 82 8 42 5 25 2 60 1 85 7 88 7 22 1 65 5 54 4 36 0 26 9 7 0 54 2 56 3 93 9 45 8 97 4 71 5 11 5 37 7 67 6 6 2 22 9 48 1 30 0 39 6 28 3 9 1 69 2 10 7 4 0 52 8 80 1 42 
