10 10
80 5 65 9 84 6 84 3 38 1 80 1 93 1 6 7 74 7 45 6 22 2 19 8 4 4 51 7 25 2 77 3 19 4 23 5 63 9 70 6 98 3 79 9 66 8 16 4 13 8 11 0 83 7 40 0 35 3 9 4 88 0 23 5 18 7 75 6 7 3 26 9 88 3 28 3 10 8 49 8 6 6 5 0 89 2 29 5 42 8 1 8 94 4 7 7 87 9 86 3 93 5 53 6 17 3 41 9 63 1 79 2 32 3 67 8 3 7 19 1 17 7 24 7 83 7 82 9 71 7 27 9 57 7 64 3 34 1 16 4 36 0 76 1 43 5 38 1 98 8 98 1 89 7 93 8 21 7 89 1 56 
80 6 67 7 67 0 15 0 84 9 82 1 94 3 46 2 16 6 42 7 25 3 32 3 39 8 10 9 12 1 69 4 81 4 74 8 13 6 6 2 5 8 78 9 10 3 10 9 50 5 42 3 39 4 39 0 23 3 52 2 27 3 34 8 27 9 79 5 28 7 31 8 40 5 36 8 47 7 74 0 40 1 64 7 34 7 73 4 29 7 35 4 5 0 81 5 54 7 8 7 11 4 97 5 66 4 21 5 75 2 17 5 57 8 47 5 49 7 59 0 38 9 79 7 42 4 2 3 88 3 22 9 23 4 8 0 57 6 48 7 55 5 43 2 21 7 17 5 9 3 44 1 98 7 22 4 92 2 84 7 89 
80 4 49 1 22 0 99 4 38 4 25 3 81 2 40 1 69 1 85 3 11 2 25 9 35 8 35 8 21 0 48 4 96 5 50 1 3 9 28 6 87 0 29 6 24 6 72 6 81 4 93 3 53 8 62 1 84 6 83 0 97 4 83 9 81 3 44 4 11 8 94 8 62 6 22 6 74 3 49 1 18 3 21 4 62 9 27 2 25 3 73 7 65 5 23 6 13 4 14 4 65 4 60 4 41 1 42 6 80 8 50 4 79 5 85 8 7 5 77 1 33 1 94 8 45 4 75 5 65 2 32 2 70 3 94 0 81 6 40 4 93 9 51 2 45 0 43 2 73 5 58 9 24 0 65 3 32 3 17 0 8 
80 4 45 1 4 5 20 1 27 2 86 7 79 4 10 0 50 1 41 4 4 2 56 3 31 3 82 3 95 7 97 9 6 5 84 7 31 1 68 7 89 0 31 6 6 3 36 3 14 2 40 4 1 0 39 2 52 6 42 3 44 6 3 4 53 3 30 0 21 5 98 9 41 7 85 9 36 7 51 3 50 2 79 1 73 3 16 6 86 3 51 0 40 7 4 5 30 5 70 7 43 4 99 7 90 0 43 0 88 9 98 1 22 4 45 0 18 8 87 5 38 7 44 8 80 7 20 6 34 4 75 3 14 8 88 7 90 3 78 2 6 7 6 4 96 3 63 3 3 5 18 8 71 7 26 2 57 2 91 4 7 
80 8 72 6 57 7 21 2 17 4 49 8 57 2 100 6 50 6 99 4 83 2 42 2 79 7 77 4 2 7 82 4 34 2 46 5 84 2 15 1 25 9 70 5 53 2 63 2 44 2 16 7 100 6 70 3 92 6 89 0 73 2 88 5 49 9 80 4 53 7 90 6 35 4 68 9 58 2 10 6 100 7 98 4 86 7 96 2 77 9 4 1 47 1 63 6 42 2 63 4 36 0 69 5 88 7 88 9 65 0 85 7 47 9 67 4 43 6 53 4 95 8 1 8 41 4 51 1 20 0 12 9 42 9 3 0 70 4 73 1 43 3 33 5 51 1 80 3 93 5 95 0 18 9 87 9 61 9 36 7 44 
80 7 19 2 57 8 98 9 84 2 74 8 62 3 37 2 75 1 55 1 71 8 75 7 89 8 77 3 33 4 77 0 83 6 5 4 58 1 98 0 68 3 27 8 53 1 8 4 80 1 25 0 96 3 96 6 51 0 71 9 7 4 56 5 82 7 41 5 16 1 67 7 61 1 44 8 36 8 79 3 18 7 16 4 11 6 81 1 97 6 62 8 74 0 62 2 27 4 62 8 4 4 60 2 80 9 71 9 68 1 13 6 53 9 40 3 31 0 46 4 16 0 32 0 69 2 63 5 96 0 21 6 12 5 66 8 24 0 30 7 93 3 40 0 18 8 5 9 35 3 77 1 74 6 32 3 10 7 78 6 62 
80 4 67 6 38 5 97 7 42 7 97 9 30 9 9 8 94 8 11 9 28 3 73 0 9 7 15 2 41 3 62 4 51 6 43 1 34 0 36 1 93 4 63 0 97 9 12 3 72 2 51 5 32 3 63 7 84 0 58 0 55 4 100 6 86 7 8 4 16 6 77 6 63 0 17 0 59 9 36 5 24 8 49 9 68 1 58 4 51 1 24 6 5 3 14 3 80 1 97 3 89 3 4 4 42 5 9 2 95 4 14 4 52 2 27 9 37 1 83 6 84 7 54 6 89 8 9 8 42 4 16 3 38 1 64 3 83 3 12 1 36 5 47 6 99 0 39 6 15 1 16 6 80 9 19 3 38 9 87 4 56 
80 5 18 9 53 0 99 3 57 5 64 1 61 3 82 6 14 3 77 4 39 1 35 4 65 4 66 9 2 3 28 9 62 4 82 4 70 1 84 7 7 2 78 2 31 6 83 7 100 2 44 8 46 0 60 0 80 6 90 8 20 3 88 6 11 5 21 9 96 6 59 5 25 7 52 0 15 3 90 0 56 0 92 5 38 7 60 5 73 7 93 6 9 1 72 6 42 4 78 2 60 3 30 7 32 7 65 0 65 7 66 6 48 2 37 7 53 7 24 0 7 1 11 4 54 5 36 4 24 0 5 9 89 6 12 9 32 0 69 0 68 8 40 4 20 3 66 4 95 8 47 9 10 7 97 8 46 7 93 9 91 
80 4 22 6 57 3 67 0 8 0 44 2 51 1 79 2 98 1 25 3 92 6 12 7 86 9 78 0 64 1 56 2 90 2 77 1 83 6 18 4 40 0 16 1 16 5 59 4 34 2 40 9 69 6 69 3 30 7 2 3 7 4 42 4 62 2 38 4 58 0 34 0 54 1 15 8 2 4 72 1 83 3 96 6 23 0 18 4 31 8 46 3 54 5 10 5 78 0 47 6 22 7 43 1 52 6 75 6 100 0 25 3 8 8 8 6 84 7 94 9 59 4 54 1 94 1 12 3 68 3 91 5 90 5 89 7 54 9 48 9 40 7 13 0 45 6 3 9 64 6 2 4 20 9 24 5 22 2 52 0 82 
80 4 77 0 35 8 71 1 70 0 14 5 22 5 67 2 85 8 53 1 86 9 96 1 48 8 6 5 55 8 15 6 12 6 22 1 42 1 100 9 77 4 97 8 13 2 64 7 41 8 100 3 9 4 72 4 47 0 74 8 80 2 65 7 31 5 97 4 88 5 100 0 39 7 25 8 2 0 33 6 80 0 56 3 70 8 9 3 53 4 36 0 63 3 9 8 51 7 57 5 39 4 5 7 1 1 39 4 34 4 30 2 15 9 16 4 15 0 34 4 39 4 29 5 40 0 65 6 83 7 53 6 28 6 29 7 96 0 29 9 52 6 33 0 62 8 67 2 41 2 50 6 81 7 52 9 71 0 35 0 37 
