10 10
80 7 24 5 55 1 79 1 83 7 36 5 83 6 28 0 21 6 5 4 48 9 3 5 41 8 15 7 63 5 23 0 44 1 15 2 75 2 92 4 34 5 52 0 38 3 59 3 5 1 73 4 72 1 17 1 86 1 19 4 84 5 97 3 59 1 100 7 62 2 2 7 5 5 68 8 19 0 96 3 11 5 99 2 74 0 94 2 17 9 73 0 10 9 84 7 75 7 71 1 2 4 63 1 19 9 100 5 19 7 50 8 22 5 22 3 95 8 67 1 50 6 53 8 28 4 21 6 39 9 83 0 83 9 13 3 69 7 47 8 58 0 13 8 49 3 76 8 75 3 27 4 6 9 88 6 68 2 98 8 91 
80 1 1 7 77 1 45 5 27 4 90 8 92 7 58 2 80 6 71 7 16 7 54 4 19 3 79 1 9 9 45 2 90 6 91 2 74 6 59 1 26 2 43 3 86 4 81 0 25 1 29 1 39 2 93 3 7 9 80 2 57 9 22 7 32 1 21 1 28 6 29 3 92 6 14 0 88 7 38 7 33 7 73 8 71 7 47 8 76 9 10 2 32 4 75 0 4 8 20 6 77 9 41 8 12 0 88 5 23 8 54 8 69 3 59 6 29 7 2 7 4 9 28 5 6 1 56 0 91 9 88 4 86 9 88 1 21 0 70 1 27 9 66 1 2 4 64 0 90 6 37 1 92 5 1 0 4 2 44 1 1 
80 0 39 0 19 7 77 3 88 1 83 4 30 3 5 0 12 3 17 4 20 8 18 6 41 4 38 1 63 8 31 5 71 2 60 6 95 2 32 2 20 4 43 2 23 4 24 0 31 2 57 9 59 8 34 1 13 2 23 4 50 5 79 8 66 3 75 7 32 8 71 0 70 6 10 5 12 6 7 4 99 4 57 4 8 4 59 2 8 3 58 0 12 8 81 9 8 6 43 0 45 9 29 2 39 7 66 1 79 3 61 5 19 0 48 0 11 3 99 3 93 6 78 2 75 2 62 6 57 4 60 8 10 3 4 0 60 3 76 0 46 9 46 6 53 8 89 0 87 5 87 8 47 7 85 2 43 0 97 6 31 
80 8 55 6 56 9 65 1 9 9 1 1 46 9 17 9 64 8 89 6 26 8 74 1 12 9 2 5 61 8 93 7 5 7 43 7 28 0 15 0 39 0 33 3 2 5 65 2 62 4 52 9 54 0 59 3 7 8 1 7 55 6 36 4 31 0 22 5 65 1 10 2 62 0 28 6 68 0 68 5 76 2 20 1 84 8 30 7 22 9 88 9 54 6 91 9 40 0 66 1 38 4 22 7 5 2 98 8 91 9 45 8 100 9 31 9 19 1 63 2 79 2 9 0 30 2 49 6 46 5 45 0 31 7 12 4 53 5 61 6 88 7 3 4 76 7 41 0 9 3 42 4 32 5 74 4 60 6 89 8 79 
80 9 55 7 42 0 56 3 98 6 72 0 40 4 39 9 24 2 98 0 64 4 61 7 52 1 79 7 36 2 47 6 54 7 54 1 74 3 29 2 40 7 33 9 33 4 9 4 89 2 63 3 39 2 11 4 83 3 71 7 71 5 79 2 72 9 51 6 75 5 97 7 74 8 97 6 11 5 4 2 48 9 41 7 94 5 65 0 93 6 72 3 80 0 77 8 39 8 65 1 1 6 43 6 57 7 23 5 7 4 59 9 42 2 89 6 82 1 76 5 94 9 94 6 76 6 60 4 16 2 7 6 21 3 58 6 19 6 70 4 67 2 74 6 24 4 47 4 19 2 90 1 86 0 41 0 49 7 32 5 73 
80 4 14 4 42 5 94 6 100 1 59 9 34 8 24 3 84 9 96 6 4 3 27 9 74 2 5 7 33 0 40 0 65 5 9 8 23 5 61 1 9 7 82 0 23 6 42 0 2 9 67 9 8 9 51 9 2 5 85 1 4 8 52 7 41 0 46 1 22 4 36 8 65 6 42 7 15 2 25 9 20 1 50 6 57 6 79 7 26 9 97 2 49 4 24 1 73 6 23 5 4 9 91 6 65 6 53 1 91 4 2 0 11 9 78 5 46 2 21 8 88 9 29 3 76 5 69 3 94 3 73 9 51 8 97 8 6 8 9 4 28 7 98 1 15 3 37 2 16 7 3 3 53 4 69 7 30 4 45 1 34 
80 4 67 5 22 4 88 3 99 8 78 3 36 7 98 8 55 1 32 6 39 5 31 1 18 0 7 9 42 8 30 2 27 8 3 9 73 7 26 2 47 1 95 6 34 6 63 8 7 9 65 7 89 1 85 8 86 7 24 7 3 6 83 8 27 8 90 7 45 9 58 2 15 2 7 5 92 6 77 3 8 0 59 0 98 2 29 5 5 7 10 6 69 7 89 1 88 7 18 8 34 6 97 1 44 4 69 4 100 6 85 8 10 0 79 6 27 8 39 2 29 7 58 1 35 9 30 3 62 9 26 4 28 2 13 9 30 1 83 5 21 2 19 7 45 4 15 5 85 4 21 4 85 5 38 1 93 3 88 5 70 
80 3 35 3 19 5 97 8 64 4 60 5 78 4 84 7 70 3 21 6 49 0 84 3 65 2 3 4 60 7 82 4 31 6 14 0 16 2 35 9 13 9 6 6 66 6 61 0 79 6 91 2 2 4 80 2 68 8 64 5 37 3 53 6 37 1 84 5 33 1 52 3 74 2 17 8 38 8 44 0 91 9 98 4 29 2 29 5 2 7 99 8 42 2 67 9 95 0 64 6 13 6 64 1 85 5 65 6 16 8 96 6 39 3 58 9 17 2 95 9 63 2 33 8 100 9 7 4 25 0 45 2 39 1 97 7 58 3 37 0 42 8 54 3 79 0 98 0 54 4 88 5 94 3 65 8 25 0 47 5 3 
80 1 56 4 99 0 25 5 37 5 77 2 94 3 84 8 39 3 59 8 44 6 98 4 63 9 2 1 61 8 83 1 85 9 31 9 38 1 5 6 53 8 95 3 82 2 97 5 85 7 6 1 1 9 28 1 98 3 12 7 83 3 34 7 73 0 61 9 81 2 41 5 14 3 41 4 18 4 28 3 48 9 62 4 80 2 17 2 94 4 78 7 57 6 71 7 76 6 38 2 77 8 55 0 46 2 83 2 62 6 38 1 95 5 39 7 66 2 46 5 90 2 69 6 88 2 2 3 90 7 21 3 62 8 34 0 51 2 62 1 8 3 8 8 85 8 35 5 92 1 93 9 97 6 76 0 17 3 43 2 94 
80 0 59 5 10 7 100 0 56 4 19 2 32 7 57 2 53 0 1 0 47 2 33 6 4 5 92 9 6 4 96 3 12 6 75 6 41 3 34 5 65 4 19 4 55 7 62 6 75 1 79 1 13 1 48 2 39 1 9 9 89 5 68 1 86 0 6 5 19 3 55 9 60 1 81 2 91 7 89 8 73 3 59 0 61 0 14 6 79 8 95 4 22 4 47 1 73 5 77 5 68 1 79 8 12 0 34 0 52 1 98 6 26 6 11 8 44 4 65 1 21 9 51 7 49 9 47 6 45 2 71 2 97 3 98 6 11 3 19 3 63 1 3 3 31 5 94 4 59 8 82 9 16 9 59 9 19 3 93 8 30 
