10 10
80 4 70 1 35 9 45 2 28 9 32 0 2 1 74 0 5 9 62 0 78 2 86 5 39 3 7 0 15 4 10 4 9 5 79 4 84 6 33 4 56 1 30 5 14 5 62 7 99 4 84 3 57 3 84 3 56 6 6 5 21 3 74 4 69 8 13 7 79 1 18 6 92 4 70 9 2 5 2 0 58 4 9 7 75 2 57 2 73 5 99 6 11 5 94 1 69 4 18 8 74 6 17 3 72 4 46 8 85 2 44 9 13 0 23 3 90 6 57 4 20 6 33 3 66 4 1 2 8 8 20 4 57 4 6 7 91 7 75 0 21 4 60 7 30 7 38 4 98 0 53 3 38 3 26 8 91 9 45 7 42 
80 3 9 0 68 0 41 0 8 4 13 9 32 3 39 8 33 7 26 3 91 0 20 0 23 8 28 8 91 6 7 9 5 5 98 4 64 6 37 7 44 1 30 5 39 4 13 3 91 4 57 1 35 8 76 8 73 0 6 8 99 2 28 5 23 1 84 8 75 2 76 0 31 4 16 0 90 1 96 1 53 0 38 4 51 3 15 5 69 0 82 1 24 0 29 7 41 2 24 7 19 2 34 5 96 8 90 2 95 0 23 2 19 1 41 6 87 8 26 2 91 2 11 7 21 3 25 5 8 6 50 0 21 9 57 4 44 0 77 6 94 9 28 5 64 2 14 5 58 5 8 3 91 9 95 5 78 1 25 6 9 
80 9 58 9 21 7 32 2 12 0 88 9 63 6 93 4 66 0 27 4 29 3 76 3 92 4 91 8 95 4 30 4 8 9 44 8 36 0 58 2 1 4 38 5 95 4 82 0 36 4 61 0 19 8 18 2 77 7 20 8 90 1 67 0 25 6 84 7 80 8 46 5 46 3 83 1 3 6 100 8 39 6 16 6 11 7 96 9 22 8 46 2 22 1 8 6 31 5 63 2 99 5 65 5 35 1 51 6 65 7 38 3 92 3 23 3 33 6 75 4 80 3 46 4 83 3 85 5 13 9 53 6 60 6 21 5 77 3 17 9 5 0 97 5 97 9 82 8 17 4 47 0 76 9 93 9 5 6 14 8 92 
80 8 73 6 7 3 32 1 45 5 51 8 39 2 11 3 55 8 80 3 31 6 36 4 82 5 98 1 29 9 9 1 2 5 91 0 53 3 88 3 99 2 29 2 71 0 6 6 96 5 77 9 45 3 63 3 15 0 72 8 97 0 25 9 40 3 46 8 33 9 67 2 23 9 29 1 18 3 74 3 88 6 71 5 49 1 64 3 83 4 35 1 35 1 65 6 43 6 18 8 78 5 60 9 25 8 75 9 6 8 11 3 56 6 32 9 42 6 92 7 67 6 80 5 34 9 68 8 13 5 3 9 50 0 28 8 88 5 20 6 82 6 85 5 30 9 10 0 11 2 26 3 66 7 91 0 78 1 62 0 23 
80 5 1 7 68 9 58 4 38 2 76 8 19 6 37 0 16 3 33 0 21 1 15 2 55 4 39 3 86 2 5 7 82 8 80 7 49 0 54 7 22 7 15 5 67 8 88 6 27 7 30 9 54 9 93 8 63 7 100 1 66 6 34 4 66 2 29 4 93 3 4 6 46 5 96 0 48 8 13 3 70 0 67 9 44 4 1 5 77 9 55 9 40 9 77 2 45 5 30 3 22 5 31 4 2 1 3 1 28 7 49 3 37 8 68 0 19 3 59 1 6 8 63 2 35 8 98 6 60 1 43 8 59 6 74 6 52 7 7 2 43 6 31 1 67 1 96 0 12 0 84 4 73 4 40 3 50 1 19 0 5 
80 7 73 7 3 8 98 7 65 7 68 2 14 6 57 2 63 8 3 0 59 1 87 2 34 1 47 3 92 8 29 9 45 0 89 1 87 7 68 8 35 2 56 4 92 7 55 4 41 1 75 0 22 6 62 1 12 1 81 8 3 0 36 4 45 2 32 4 52 1 47 6 92 7 90 2 40 4 21 9 57 9 57 9 70 3 36 8 91 0 47 1 80 6 74 6 33 4 84 7 100 0 79 8 13 2 48 7 9 9 65 4 36 3 68 2 35 5 58 0 23 6 10 8 33 4 4 5 28 9 19 8 41 1 71 3 19 6 86 1 48 7 77 4 37 6 4 3 31 7 8 6 26 0 98 6 29 9 1 6 61 
80 0 95 2 70 1 89 1 34 0 85 9 24 6 8 9 26 7 92 6 77 9 96 9 68 4 53 7 67 3 27 0 66 4 26 5 95 5 1 9 63 9 51 4 30 8 70 8 20 0 96 0 92 5 10 7 15 3 76 3 82 2 9 6 25 6 87 6 14 0 48 5 60 0 76 2 17 2 53 6 83 1 60 0 93 3 64 4 12 5 58 7 57 1 99 2 83 7 59 0 18 1 98 7 1 6 79 6 84 0 49 5 25 5 31 4 69 5 91 4 72 7 32 2 33 8 8 9 80 3 63 0 21 8 7 3 96 9 75 3 29 8 76 3 33 1 34 1 95 6 91 4 81 6 12 4 63 5 49 8 9 
80 3 31 6 7 7 64 1 29 9 13 0 95 3 3 9 83 4 5 1 47 3 27 0 42 1 49 3 86 8 1 3 3 8 16 1 7 6 1 5 31 0 21 8 77 2 44 5 59 6 39 1 11 5 79 5 20 8 33 3 40 5 6 7 38 9 67 9 33 7 92 3 31 6 61 6 1 1 52 1 2 5 95 8 62 1 11 9 13 0 1 8 27 3 21 7 47 6 49 3 94 6 96 0 53 4 86 2 80 4 7 0 39 3 43 1 69 8 95 7 47 8 77 2 6 9 89 7 87 0 45 8 85 7 52 6 39 3 91 9 75 7 12 0 13 0 90 1 60 2 99 9 52 0 50 9 74 3 11 5 80 
80 6 2 7 26 7 78 6 50 5 37 3 65 3 8 1 3 9 93 8 88 6 89 2 80 4 72 1 23 8 17 7 55 3 6 0 22 2 11 6 87 4 70 9 88 6 35 7 33 8 76 6 5 6 76 3 33 6 66 1 15 0 84 6 30 8 9 9 32 1 57 1 14 9 34 1 39 7 54 2 18 4 45 3 89 1 89 1 84 8 72 2 83 0 41 5 9 9 68 0 32 6 54 0 42 4 68 6 13 9 57 0 7 6 81 1 41 7 43 8 35 2 1 0 12 5 30 7 48 7 51 3 83 3 40 1 45 0 100 1 59 7 59 5 90 9 70 3 64 6 56 6 90 9 20 8 23 5 86 4 90 
80 7 88 8 16 9 93 4 90 1 17 2 85 2 34 1 9 5 27 6 69 7 72 0 81 1 56 3 14 2 60 9 8 4 35 9 48 9 46 4 90 0 10 3 57 6 46 3 81 9 98 6 59 2 97 8 52 9 22 2 100 0 56 6 35 8 98 6 40 9 10 0 11 2 13 5 34 0 97 8 13 8 21 1 27 7 7 6 29 0 97 6 36 2 92 1 85 9 46 1 57 8 72 3 42 3 4 0 56 0 9 3 34 0 51 7 62 1 5 5 47 0 91 4 42 8 92 2 83 2 45 5 24 4 30 5 43 1 15 3 83 1 19 4 55 2 68 9 52 8 68 1 95 7 35 7 49 2 76 8 78 
