10 10
80 7 35 8 21 1 51 7 56 0 51 4 86 3 29 1 90 5 7 8 59 4 99 1 97 8 34 7 42 2 59 2 20 5 44 5 85 4 32 6 86 0 86 3 76 8 40 4 44 9 45 2 42 5 74 0 89 2 43 7 20 4 90 4 7 9 51 6 61 4 100 3 74 9 19 3 34 7 38 9 65 7 39 4 20 5 21 4 2 5 3 4 24 9 3 1 76 9 99 8 26 8 54 5 57 4 3 8 17 3 33 9 78 1 19 9 26 6 52 9 53 9 65 0 46 4 3 4 61 4 39 6 48 5 45 9 62 2 93 8 54 2 8 8 13 0 57 7 34 3 19 1 45 5 57 4 92 8 72 5 16 
80 7 87 2 80 0 53 2 58 5 20 3 23 5 41 1 38 8 20 0 77 1 99 1 63 4 98 8 68 4 66 2 56 7 64 6 6 3 7 7 17 4 11 3 15 5 71 7 70 5 82 3 63 0 43 0 49 4 24 4 56 8 33 2 22 5 36 3 56 7 15 4 85 4 13 4 72 6 37 9 18 4 7 9 1 4 55 4 30 4 43 5 34 0 26 6 31 1 87 6 69 9 48 1 53 8 59 9 1 8 41 2 49 9 38 1 79 6 52 3 36 6 31 1 25 6 75 5 68 5 5 1 43 9 77 8 54 4 18 8 65 8 16 5 25 4 78 7 3 2 76 1 64 5 36 8 19 4 30 9 5 
80 4 32 0 5 0 75 4 33 4 100 5 13 6 55 8 34 1 67 1 2 4 19 9 72 6 35 1 40 4 37 6 46 9 40 5 22 6 83 1 12 4 7 7 67 6 64 4 28 0 35 0 98 5 82 4 98 2 63 7 16 2 71 4 10 5 42 2 35 6 11 5 95 2 9 1 99 3 54 3 86 0 67 9 6 6 76 0 59 7 90 0 97 4 86 2 71 9 67 9 95 2 59 5 58 7 80 4 43 7 66 4 51 3 53 6 26 9 74 9 82 5 32 3 33 8 70 1 19 3 51 9 2 7 47 4 86 8 48 2 77 7 70 4 33 3 15 9 16 3 7 9 97 5 85 0 13 8 46 8 81 
80 7 18 1 14 2 99 1 52 1 63 1 7 7 21 4 73 2 53 1 67 4 92 9 44 6 86 0 55 4 62 2 16 0 76 1 98 2 55 7 91 3 7 2 61 1 52 4 28 2 21 4 95 7 33 3 48 3 56 7 5 6 48 6 37 4 31 1 81 6 76 2 90 8 92 8 48 2 4 1 95 5 5 1 3 2 42 2 81 0 52 0 39 9 59 7 83 7 38 4 27 1 92 1 69 9 31 7 13 8 36 5 41 4 64 4 72 8 15 4 29 6 23 4 10 2 77 1 10 8 18 8 23 7 57 0 99 6 77 7 80 1 32 8 26 2 39 7 10 9 53 5 39 1 61 2 87 9 8 8 59 
80 7 79 1 5 3 12 2 72 7 5 0 80 0 11 2 96 0 75 2 71 4 74 2 25 1 93 9 86 3 81 1 87 6 99 0 69 1 54 1 2 3 29 9 65 4 33 7 65 8 14 1 99 3 31 0 90 2 13 2 57 1 36 6 59 1 25 0 50 2 18 6 64 4 31 1 100 5 10 0 34 2 47 9 39 2 24 3 66 4 96 9 39 9 6 8 45 4 81 1 72 6 72 8 31 2 36 9 90 8 70 4 40 0 93 9 75 0 73 4 68 0 26 2 23 6 49 7 52 7 88 2 83 7 60 6 91 4 92 2 19 6 27 7 78 9 79 7 93 6 24 0 93 8 48 8 21 5 4 2 52 
80 2 61 6 8 6 90 8 82 7 23 8 84 4 54 9 45 3 52 1 7 9 95 6 65 6 55 6 59 7 3 2 8 2 44 3 36 6 20 7 9 9 63 4 5 4 63 7 34 6 1 1 14 6 60 6 60 9 14 9 40 9 8 3 8 3 4 2 71 8 93 0 50 3 25 7 99 0 44 1 74 2 68 6 31 6 4 3 94 1 58 3 85 1 70 8 29 8 27 0 61 4 23 5 99 1 66 2 59 9 3 8 37 3 45 3 44 4 9 8 78 9 37 7 7 9 13 0 41 0 84 9 59 5 59 0 81 3 27 3 68 2 8 9 46 3 15 6 24 6 8 9 25 3 24 4 89 9 76 0 50 
80 5 15 0 26 6 87 6 61 5 27 7 65 4 46 5 26 4 67 3 63 2 10 3 50 9 96 0 89 5 47 4 99 3 72 8 17 8 70 7 59 7 80 8 22 5 30 9 39 6 9 7 1 8 58 6 38 0 73 2 27 5 18 9 52 8 99 3 2 4 27 9 3 1 17 9 75 7 52 0 89 1 24 3 93 0 19 7 67 8 96 6 88 2 28 0 94 8 84 0 15 1 89 6 99 4 81 8 86 4 99 3 75 5 9 5 71 4 100 1 49 5 42 3 23 5 77 7 69 9 67 2 9 3 41 0 27 2 32 7 67 8 97 1 15 5 26 2 12 5 15 9 19 8 69 9 82 9 2 9 11 
80 2 47 4 69 0 5 6 86 0 21 3 88 1 79 3 93 6 59 8 55 8 61 1 42 8 87 0 20 8 73 8 21 2 9 4 47 1 31 2 34 3 5 8 21 7 40 3 28 0 43 1 52 3 43 5 53 1 55 0 87 2 24 2 68 7 14 3 61 1 96 3 59 4 83 7 53 3 70 7 72 9 72 5 70 9 24 7 72 2 42 7 33 2 29 6 91 3 3 9 25 2 35 1 56 0 74 3 50 7 72 8 28 2 1 5 58 3 45 6 58 0 17 2 32 7 48 6 20 0 85 8 63 8 92 4 48 0 61 5 39 8 23 1 85 8 23 8 14 8 5 6 87 0 10 6 85 6 86 5 7 
80 8 15 2 53 6 80 9 34 7 56 4 7 6 79 6 53 6 80 2 26 1 51 9 62 5 74 9 85 1 89 3 95 0 86 1 15 4 67 3 8 1 87 1 12 5 65 5 50 0 50 1 1 0 80 8 65 0 64 9 61 4 26 5 21 9 84 0 23 3 60 0 78 3 70 6 12 0 65 5 17 6 96 0 98 4 17 3 34 7 84 5 74 5 23 8 58 2 51 4 46 2 71 7 81 8 78 5 81 6 76 8 17 1 98 3 49 2 52 6 24 8 94 8 12 2 56 1 13 0 38 1 57 0 47 0 56 6 96 2 43 7 66 4 46 6 51 8 8 3 80 0 81 4 12 5 8 7 26 9 71 
80 5 40 5 75 7 33 4 6 5 48 0 26 5 51 2 87 2 66 0 41 4 93 0 63 7 4 3 25 2 76 9 60 0 6 6 43 8 12 5 39 2 30 0 31 8 60 3 68 9 91 8 93 1 21 1 67 7 53 4 46 2 65 1 18 6 60 7 41 2 41 1 91 6 93 2 45 3 39 9 87 3 61 6 4 6 8 8 96 0 39 4 87 0 20 7 62 8 11 3 32 3 20 8 58 9 41 3 97 4 37 4 9 5 99 3 82 1 5 7 40 2 65 6 69 0 41 8 67 8 21 7 48 4 75 0 2 6 26 4 69 1 10 6 84 9 6 8 98 5 61 8 45 3 18 5 8 5 48 8 72 
