10 10
80 4 58 2 89 0 95 8 30 3 30 6 20 4 21 0 75 8 56 0 27 2 13 2 82 3 64 7 56 2 68 5 70 0 58 8 31 5 96 1 88 0 4 3 39 7 3 8 84 0 59 8 77 9 50 3 94 8 65 2 46 2 29 0 56 1 71 1 53 4 26 8 65 9 64 3 60 0 66 1 25 1 54 8 78 6 50 0 92 1 100 0 71 7 46 6 51 3 13 3 57 9 80 6 76 2 9 6 93 1 53 7 64 7 15 6 63 5 64 1 41 9 27 7 91 0 34 0 54 4 22 4 76 3 70 9 60 7 59 2 54 6 24 6 81 4 21 0 57 3 28 4 24 7 73 4 87 1 7 6 17 
80 3 34 5 71 6 44 6 67 4 12 1 66 7 42 4 44 3 59 0 100 3 58 5 83 6 38 7 94 9 3 1 92 7 10 5 78 2 61 6 59 8 54 6 82 6 62 9 54 5 21 3 82 9 70 8 3 6 93 1 60 4 87 7 64 2 46 4 82 5 53 4 10 5 17 4 69 3 77 7 79 9 17 9 88 5 99 7 5 3 87 7 30 8 97 6 66 2 63 5 39 6 30 6 94 4 4 3 74 1 100 2 86 6 43 7 83 9 97 1 47 7 19 6 5 5 3 9 21 5 43 5 34 6 7 2 83 2 39 8 88 5 24 9 49 8 17 4 76 7 40 0 57 6 7 6 10 7 47 6 46 
80 7 14 1 97 6 20 8 81 5 100 1 61 4 43 5 14 1 46 7 2 9 5 9 9 4 56 8 39 4 31 5 64 6 28 8 89 0 56 2 27 3 94 3 37 8 18 4 36 8 44 3 2 2 32 7 24 2 90 7 49 0 8 6 66 6 64 7 49 9 61 8 81 6 29 6 50 4 48 8 69 0 12 9 76 5 49 7 33 2 87 6 51 4 64 0 100 4 38 0 9 9 75 7 74 8 7 6 4 2 5 1 56 3 49 5 20 6 58 5 7 9 19 1 77 4 48 3 69 0 93 4 12 9 30 6 83 9 86 0 21 1 88 1 29 6 54 2 52 0 36 9 39 5 92 8 5 3 98 1 28 
80 6 50 0 68 8 44 3 31 9 10 1 60 3 23 9 52 7 23 7 16 2 25 1 85 1 58 5 57 8 42 0 91 5 16 7 4 5 13 9 66 9 95 9 6 6 23 8 18 6 30 9 52 4 100 5 69 2 98 1 56 1 79 1 7 9 94 7 18 1 51 6 62 9 100 0 95 6 10 4 80 7 98 5 29 1 66 2 73 3 84 5 73 9 58 1 67 3 60 5 74 8 69 4 35 6 68 9 25 5 90 6 37 5 53 1 62 7 77 1 4 1 62 6 10 6 92 1 88 7 19 2 65 8 34 2 6 9 79 7 18 2 58 7 37 9 8 6 15 7 31 7 55 3 73 7 86 9 81 0 64 
80 3 57 0 4 7 43 9 30 5 54 3 44 8 64 9 2 0 92 4 27 2 71 9 29 6 76 6 15 9 65 8 24 1 99 9 29 8 40 6 39 1 27 2 32 4 93 7 93 7 46 3 25 0 61 0 30 9 53 6 19 4 99 9 96 8 30 3 59 8 22 3 4 5 86 7 19 2 100 4 94 0 83 6 64 4 57 9 86 8 13 2 39 8 9 1 13 8 1 2 98 5 22 3 90 6 77 8 74 7 77 9 21 7 3 1 44 2 43 4 44 1 55 0 71 8 34 1 21 0 6 0 80 4 7 3 16 7 46 4 75 6 94 3 86 2 97 2 25 6 98 3 27 3 94 7 69 3 62 6 51 
80 3 4 9 84 0 25 9 17 1 81 2 6 5 8 6 41 1 5 3 61 5 51 6 37 5 74 6 47 0 69 5 82 4 70 6 37 6 85 7 24 0 2 3 66 1 20 7 84 9 84 3 36 9 3 2 30 4 11 9 84 6 63 1 11 7 34 2 42 6 91 4 68 1 40 3 71 6 55 3 99 2 34 9 96 4 18 5 12 0 67 7 21 4 39 7 35 9 17 7 56 4 87 7 48 4 63 7 69 4 82 6 72 0 66 9 40 8 57 1 40 8 17 2 43 3 61 9 35 9 49 6 24 7 62 9 39 1 52 8 91 8 89 7 94 6 29 8 67 5 60 6 53 9 47 1 27 5 1 8 68 
80 1 14 6 62 3 68 5 70 8 94 2 54 1 5 9 3 5 20 0 73 4 41 5 69 5 28 1 80 4 27 0 73 0 23 3 35 4 19 5 97 3 38 0 52 5 73 4 18 5 96 1 82 9 15 7 74 8 75 5 28 7 34 1 78 6 1 2 100 8 98 5 39 6 81 4 74 0 39 5 27 5 24 6 29 6 60 9 41 7 76 4 21 8 19 8 48 0 39 3 17 9 11 4 54 5 21 0 53 9 51 3 30 0 10 8 91 1 87 5 61 5 92 5 26 7 90 2 67 1 53 5 25 8 15 0 60 5 11 2 30 3 3 8 48 9 71 7 74 8 93 3 80 6 16 5 34 9 52 1 43 
80 8 63 4 35 2 28 7 32 4 58 9 15 4 90 3 90 4 25 6 83 4 38 9 79 2 35 7 36 5 10 6 42 0 66 7 83 1 28 6 92 8 9 7 20 4 21 7 66 1 31 3 2 5 63 0 51 7 8 0 68 6 51 8 68 5 81 9 86 2 20 8 7 5 65 4 20 3 87 1 99 1 63 9 54 4 96 4 83 9 37 1 34 5 62 0 21 5 96 3 31 1 70 0 44 5 61 8 41 6 20 6 32 3 59 1 96 8 4 6 63 3 88 6 94 0 46 6 24 8 16 4 65 8 5 8 36 9 26 7 57 9 67 1 81 7 97 4 95 7 99 7 51 9 35 9 3 1 63 3 72 
80 0 58 0 3 5 50 8 34 3 75 5 11 9 92 4 97 5 46 1 63 1 96 2 40 2 90 2 26 8 55 9 70 1 44 6 55 9 85 2 29 9 68 1 63 8 34 6 35 8 47 5 15 0 86 0 44 4 66 6 56 8 84 9 86 4 80 3 61 2 85 9 42 5 66 0 81 9 14 5 97 2 26 5 25 8 96 2 11 5 8 2 63 1 72 6 79 4 48 9 30 4 39 1 70 8 75 2 74 7 98 0 38 8 20 5 83 2 47 1 68 9 89 0 30 6 82 1 62 1 66 5 2 5 91 4 49 5 25 7 20 5 17 3 42 3 89 3 91 4 58 5 54 4 57 5 85 9 27 5 71 
80 6 54 6 17 4 81 3 90 3 11 0 9 5 4 0 96 5 84 9 10 9 6 6 62 8 92 9 68 8 59 1 76 2 5 8 84 4 95 9 7 7 31 6 82 3 45 7 30 0 51 0 17 7 75 6 87 2 89 6 33 6 92 5 85 5 37 6 89 6 28 0 71 1 46 3 100 3 98 7 97 7 16 7 61 2 31 1 29 2 23 2 55 6 36 9 76 7 14 7 95 9 17 6 22 0 82 6 25 4 27 4 84 2 69 2 27 4 47 1 75 3 94 7 62 0 91 5 95 8 92 4 35 8 59 8 93 1 26 3 47 1 55 7 7 1 94 5 13 7 69 2 79 4 7 0 8 7 52 5 63 
