10 10
80 4 7 2 43 4 14 0 7 9 87 2 96 9 91 8 93 8 85 7 22 5 53 5 28 7 31 1 23 2 80 5 81 0 62 6 25 5 45 9 29 6 95 0 78 0 46 0 100 4 42 4 83 0 11 1 63 0 72 3 94 8 62 2 78 5 63 0 51 7 67 0 93 6 72 5 83 7 28 8 73 2 69 5 47 9 100 5 89 0 99 4 43 0 38 0 7 0 50 4 62 7 59 6 86 5 17 9 9 2 19 3 40 8 57 8 93 2 9 0 36 8 20 5 37 6 12 1 46 3 16 0 84 0 5 3 46 7 30 4 40 1 28 3 13 5 42 6 68 5 82 7 22 5 78 5 94 7 50 6 97 
80 1 57 9 3 5 6 6 37 9 42 2 55 7 15 0 60 6 52 6 98 3 37 3 91 0 6 6 44 5 1 7 99 6 91 7 88 6 76 4 47 9 90 6 29 7 94 7 31 5 58 9 90 2 3 3 29 4 4 8 17 4 3 1 60 9 18 1 40 5 59 8 24 1 53 8 12 3 13 4 70 7 9 3 49 3 89 3 21 6 86 6 20 6 17 2 26 3 57 7 66 5 48 2 19 5 83 9 66 0 28 8 69 4 51 0 14 5 4 0 72 6 46 4 70 4 85 1 2 4 34 8 63 3 70 8 67 2 12 1 88 4 71 0 51 1 84 8 37 9 88 1 17 7 27 8 34 9 5 6 79 
80 4 75 4 20 2 94 0 54 9 34 8 48 7 17 4 33 1 100 5 6 2 26 4 62 0 77 1 50 8 87 4 6 8 92 6 18 5 61 6 86 5 48 4 24 2 72 5 3 0 66 3 24 1 17 6 81 9 6 7 44 6 12 7 39 0 76 2 48 9 45 2 61 7 65 7 91 9 80 4 89 5 20 2 63 4 66 8 82 5 94 1 33 5 64 8 16 6 61 1 33 1 64 7 91 9 92 7 24 5 57 1 61 9 41 9 48 9 31 7 58 8 41 5 41 6 94 3 61 0 72 2 31 0 65 9 72 6 53 4 91 8 29 8 53 1 58 5 76 4 52 2 75 6 20 1 87 0 45 7 88 
80 8 90 7 24 6 87 7 22 2 59 4 47 0 94 8 54 6 23 2 80 8 53 3 8 4 46 6 67 1 65 5 75 1 92 1 92 9 40 3 41 1 55 6 66 7 30 3 7 9 39 4 16 0 21 8 79 8 54 3 36 7 85 3 31 6 77 5 94 8 29 8 70 1 89 8 15 9 97 4 81 3 77 4 36 2 62 8 51 0 95 1 98 8 78 5 83 6 65 8 44 3 52 1 86 1 39 1 69 3 58 3 16 3 19 9 31 3 77 9 47 3 73 2 2 4 12 2 64 4 54 8 81 6 19 2 38 0 90 6 85 5 60 0 31 3 39 6 50 5 77 4 22 8 66 6 62 5 31 9 57 
80 2 88 7 6 6 83 6 11 4 99 5 82 3 68 8 33 0 9 4 60 1 90 6 59 6 24 7 98 3 100 6 32 8 61 4 92 9 45 2 92 9 15 9 37 5 85 2 76 4 68 8 44 0 100 3 52 1 32 7 81 2 78 2 46 4 11 9 99 9 2 7 22 6 42 9 95 7 26 2 34 7 93 7 67 2 86 5 84 1 95 2 11 6 52 1 77 6 100 9 85 3 63 0 50 4 55 1 13 0 81 4 61 9 62 0 41 2 70 8 12 5 74 9 5 3 35 4 75 2 34 5 69 7 9 0 1 0 44 7 95 0 35 9 40 1 8 2 40 7 56 5 70 2 49 8 84 9 36 3 55 
80 0 68 0 50 4 58 8 41 5 41 3 60 3 64 7 20 7 99 2 52 7 43 7 44 5 8 6 17 4 16 2 18 4 8 1 12 1 30 4 54 8 75 8 65 5 98 3 87 9 79 2 71 4 71 1 52 5 93 3 3 7 85 8 62 9 43 1 28 2 60 8 51 7 52 3 34 2 65 8 93 6 3 5 55 0 6 2 3 7 20 8 66 1 29 3 59 2 94 3 83 5 38 6 26 5 55 8 10 2 6 3 29 1 41 9 89 9 21 5 16 5 51 8 64 4 96 7 89 8 29 0 13 2 65 8 98 9 81 4 50 3 18 9 18 7 12 9 2 4 77 7 80 3 50 8 81 5 89 6 18 
80 2 64 3 2 5 100 9 80 4 12 1 28 5 14 4 9 2 44 6 64 2 86 6 14 3 71 1 86 5 31 7 99 2 78 3 64 0 70 7 83 1 44 1 75 6 24 4 76 5 55 5 95 3 11 1 9 3 86 8 67 7 8 3 40 2 68 8 97 7 84 2 59 0 28 8 30 5 35 6 92 3 92 2 13 2 69 3 91 0 2 5 73 4 96 7 3 1 23 4 36 9 27 1 54 5 28 7 60 1 16 3 15 3 91 1 51 3 53 0 95 5 16 7 36 0 66 7 48 3 11 2 43 8 67 7 37 0 23 3 23 1 71 7 96 6 33 8 100 2 93 1 36 2 25 2 29 4 93 5 60 
80 9 11 1 11 6 29 3 5 6 34 5 87 8 26 6 51 3 47 8 56 7 90 3 57 4 43 6 38 8 7 4 85 0 92 1 92 6 86 3 15 5 54 3 83 6 6 7 41 8 69 8 31 9 96 5 12 2 25 0 35 1 94 7 7 5 18 9 7 9 14 0 74 9 52 0 70 3 16 3 48 8 89 0 21 0 75 7 20 3 96 1 10 8 36 2 43 9 63 9 93 4 38 2 63 9 75 5 92 6 51 4 69 3 39 2 86 0 65 6 25 0 82 0 64 2 60 7 92 0 19 6 5 3 12 0 33 8 51 8 85 7 31 7 65 8 45 3 32 1 7 8 67 9 76 6 82 7 96 8 62 
80 4 81 3 91 6 63 4 35 8 29 3 94 9 33 9 59 8 79 2 93 3 52 2 40 4 10 0 32 8 96 7 69 8 87 9 74 2 80 2 76 1 19 8 22 7 29 2 30 0 81 4 47 7 38 8 25 1 14 8 11 5 21 5 38 9 95 2 70 1 29 4 100 2 77 5 24 8 72 7 71 3 23 5 16 9 99 3 77 8 97 4 76 0 84 6 9 8 54 3 28 7 28 1 80 1 7 4 85 9 59 8 19 1 92 9 91 1 87 0 30 3 92 4 2 5 6 5 38 7 57 2 39 3 55 7 17 2 12 3 41 9 61 2 90 4 19 7 20 4 56 3 31 5 26 1 73 3 10 1 43 
80 8 33 6 81 8 15 1 92 6 25 1 12 5 54 2 91 8 13 3 57 5 70 6 100 2 33 8 79 2 68 1 29 9 44 1 18 1 4 1 70 9 82 5 17 2 37 9 18 9 75 0 38 5 58 1 94 3 12 6 66 5 14 5 69 0 63 3 58 1 88 8 69 8 54 0 98 6 74 9 54 8 82 9 13 8 13 6 76 7 40 8 76 7 6 8 86 3 23 7 36 8 54 1 100 6 16 9 66 8 99 8 75 1 41 4 94 7 15 1 71 9 5 8 12 3 57 4 29 6 27 7 100 9 6 8 57 5 23 3 29 2 78 7 46 2 31 8 61 1 91 4 62 2 97 1 18 1 96 6 27 
