10 10
80 3 73 6 90 9 55 3 96 4 50 9 66 1 89 0 88 1 2 4 68 1 74 5 1 8 37 0 62 8 55 0 84 1 96 3 8 8 29 6 71 0 28 3 2 4 96 9 13 8 91 3 22 8 10 7 30 2 74 1 95 2 85 5 85 0 99 6 88 0 55 8 80 7 59 0 20 0 85 1 44 6 35 7 87 9 67 2 96 1 48 7 74 4 83 5 34 6 32 5 77 7 47 8 92 4 19 7 83 5 93 4 81 3 43 0 26 7 62 2 95 5 97 3 84 0 83 3 20 5 95 6 80 4 73 9 1 2 17 7 88 9 13 3 23 5 1 7 64 1 54 0 22 5 66 2 45 6 34 5 55 
80 1 72 0 62 4 73 4 77 6 96 7 59 8 25 1 53 0 42 1 88 2 31 0 35 2 74 4 96 4 55 5 57 8 76 3 96 2 42 0 23 6 60 2 53 1 9 6 14 5 11 6 29 3 77 7 5 5 47 3 70 5 28 8 53 8 71 7 37 7 14 7 78 4 62 3 21 6 60 2 58 0 66 9 21 5 54 0 15 2 96 3 89 8 66 8 11 3 4 1 27 7 29 4 42 8 44 9 44 8 55 5 88 3 29 0 96 9 97 6 5 2 97 7 100 0 7 5 21 0 23 9 91 1 74 0 79 0 83 7 78 5 10 1 66 2 90 0 67 9 86 9 22 2 21 0 80 7 35 2 70 
80 3 50 0 73 9 12 4 23 0 24 7 91 6 58 3 97 2 91 9 12 4 94 2 20 9 75 5 4 7 63 8 39 1 41 5 67 5 89 7 76 6 94 9 79 4 79 5 86 7 83 5 37 3 43 3 51 1 68 6 92 1 69 9 23 3 13 5 6 1 33 4 35 1 34 0 16 1 61 5 50 9 55 9 74 5 26 2 77 5 25 9 29 1 39 2 50 6 2 0 96 6 11 4 3 7 33 6 41 4 61 9 86 3 60 0 98 9 40 4 35 3 16 5 95 9 12 6 31 0 25 6 20 1 8 9 69 9 17 4 66 4 43 9 15 3 35 0 96 4 85 9 37 8 87 3 13 7 27 6 35 
80 0 74 3 19 7 61 8 60 2 44 3 80 0 26 2 78 8 15 9 5 0 41 8 55 3 57 7 79 3 41 2 100 1 29 8 23 7 32 7 32 8 42 4 20 2 99 4 24 6 12 4 50 5 57 6 78 1 31 4 69 0 65 8 69 7 3 4 7 6 20 5 83 9 28 4 20 0 80 1 69 9 14 8 68 2 71 9 63 6 12 0 88 8 37 9 91 8 9 1 31 8 70 1 22 4 36 8 56 4 84 7 57 4 4 3 28 9 48 5 82 3 55 1 63 0 89 5 98 4 28 3 89 9 86 6 35 6 55 9 44 2 65 2 51 1 100 0 2 1 92 5 88 1 92 2 8 4 78 5 29 
80 9 29 0 66 9 37 6 24 3 43 6 72 6 70 8 16 0 25 4 54 4 41 3 68 3 5 0 80 8 86 7 62 0 2 5 21 1 87 7 65 7 41 0 40 4 3 0 28 1 65 3 56 1 72 5 12 1 77 6 61 5 13 3 88 6 30 3 97 9 57 5 63 8 6 4 67 7 61 1 74 9 81 2 48 0 97 9 14 2 5 9 93 7 6 1 18 6 36 8 29 4 16 1 44 2 64 4 33 7 63 9 37 1 46 0 39 6 76 9 67 4 51 0 16 9 80 8 17 4 42 0 36 5 77 5 49 4 2 5 60 3 55 0 13 4 16 8 88 2 90 4 38 7 99 4 25 4 58 0 4 
80 0 75 6 87 1 92 3 90 6 64 6 4 6 75 9 96 3 50 4 91 8 37 7 77 8 47 1 31 4 86 8 5 5 17 9 42 7 92 0 33 3 80 3 99 2 68 7 46 6 18 1 95 5 79 1 62 0 4 3 7 6 48 3 79 8 69 7 26 9 67 3 95 3 57 6 79 0 94 4 81 2 2 6 8 6 56 9 13 6 74 8 62 2 10 9 40 2 77 2 22 4 55 9 21 2 34 0 12 5 39 8 97 7 81 2 54 5 10 0 51 2 35 7 41 0 100 8 21 0 34 0 79 8 46 1 85 8 26 0 91 1 77 1 46 5 57 6 95 8 97 8 63 2 65 9 54 9 92 3 35 
80 8 39 6 100 2 25 0 29 6 90 7 77 9 26 2 58 5 94 6 12 2 1 1 70 2 44 3 65 2 26 3 10 2 72 1 95 3 86 9 81 1 49 1 9 7 59 8 83 0 34 3 47 8 1 0 85 4 41 7 20 3 41 5 91 8 34 8 56 6 45 8 48 1 71 6 15 9 98 4 69 7 100 6 12 1 96 3 9 3 94 9 78 8 69 6 50 9 47 6 59 8 91 6 13 1 57 9 64 7 57 1 86 1 86 7 73 2 10 3 75 2 42 2 99 6 97 9 46 1 55 8 70 1 54 4 100 8 47 5 79 3 78 6 35 4 19 2 46 5 81 2 22 6 90 5 56 2 16 6 73 
80 2 35 2 40 9 46 7 5 8 25 1 85 0 98 9 79 8 87 2 86 7 29 5 40 7 92 1 55 4 69 6 3 5 10 0 45 8 53 9 95 1 56 8 31 7 62 4 45 1 60 7 78 6 81 8 40 9 2 2 66 1 10 8 4 2 12 5 16 1 86 1 13 3 25 9 1 1 34 4 41 5 10 9 60 8 13 7 2 2 77 8 52 0 84 6 4 2 62 0 16 5 83 3 31 4 38 0 48 3 26 4 93 7 52 4 42 0 12 0 60 2 4 2 36 6 60 9 4 4 37 3 61 0 81 3 51 4 49 8 82 7 66 3 22 6 51 8 11 6 9 5 91 7 49 0 90 9 42 8 79 
80 7 19 7 95 6 92 8 55 6 33 4 30 8 51 1 34 8 60 4 99 4 86 2 68 6 95 9 55 7 46 0 91 4 90 7 32 2 12 4 22 1 92 8 87 5 4 9 87 0 33 6 31 2 46 1 86 3 56 2 56 5 58 3 70 1 30 9 16 3 15 2 25 6 54 0 28 0 2 2 49 6 35 9 18 5 62 7 22 2 12 7 86 7 35 9 65 4 46 0 17 9 97 2 76 8 81 9 9 9 51 4 4 4 87 5 45 8 62 6 97 1 5 7 96 4 86 0 39 8 33 4 22 1 100 0 44 6 93 7 97 8 86 1 27 7 99 0 39 8 2 8 77 8 97 1 65 9 89 2 67 
80 7 8 7 17 0 64 1 60 2 32 8 6 2 38 6 19 1 60 4 54 8 30 9 18 1 54 2 39 3 22 7 92 9 39 1 95 9 92 2 61 7 31 6 27 6 4 8 19 5 16 8 35 9 33 6 41 8 81 7 53 7 62 4 57 3 10 6 57 7 72 0 68 2 7 8 68 4 3 4 18 8 85 1 100 2 1 3 34 2 62 5 59 6 77 0 60 4 9 7 3 1 9 0 64 3 67 3 51 5 50 2 45 1 63 8 79 0 1 9 25 0 39 1 57 8 93 2 74 1 42 8 1 1 12 2 76 4 96 8 86 7 81 1 36 9 56 6 93 0 50 9 86 4 65 4 87 1 50 4 92 
