10 10
80 8 53 0 83 0 66 2 71 6 35 2 25 5 34 7 98 0 100 6 77 4 6 9 63 2 91 6 78 4 37 0 11 0 45 4 16 2 89 6 99 2 25 6 100 7 3 3 25 9 69 5 87 4 23 2 82 5 21 4 57 4 87 9 81 3 30 0 52 0 49 0 69 3 10 0 14 0 9 4 59 6 21 3 54 5 52 7 37 4 49 0 60 0 7 1 72 0 10 3 38 4 9 6 45 9 72 0 31 9 35 5 11 5 4 1 66 8 47 7 13 9 29 0 34 1 52 1 5 3 97 7 79 6 1 6 97 9 65 3 63 4 76 7 35 9 45 6 51 7 80 8 85 6 96 8 93 0 78 7 14 
80 9 91 8 27 7 5 6 63 9 41 6 15 6 85 9 54 2 74 2 78 0 46 0 39 7 61 7 46 0 12 4 27 9 58 2 39 3 20 2 3 3 1 9 53 6 69 2 46 7 5 9 68 2 49 5 13 1 68 2 14 4 35 5 94 9 61 0 60 2 90 8 14 0 36 3 90 5 15 7 75 9 43 0 36 9 61 5 92 0 41 1 33 7 24 0 47 5 15 6 53 2 93 0 85 0 3 3 62 0 19 2 86 3 44 7 63 1 27 1 92 0 64 9 78 4 41 7 1 6 4 6 82 0 100 5 23 0 37 9 59 4 29 2 11 2 36 8 52 7 50 3 9 8 78 5 26 0 6 9 17 
80 1 17 7 83 7 15 8 46 4 32 0 14 9 92 9 19 4 91 3 48 6 74 5 79 1 78 5 29 6 54 1 18 3 43 7 44 1 17 8 89 1 45 2 86 7 35 2 3 1 94 2 99 8 30 1 39 4 16 8 6 2 13 6 64 9 5 7 38 6 41 4 15 9 25 6 74 2 60 2 95 3 88 6 32 1 13 9 30 2 6 5 49 8 6 3 1 6 39 8 31 0 33 4 25 0 77 8 40 4 97 2 78 5 9 4 7 4 4 6 17 1 69 0 52 5 12 0 2 9 8 4 12 5 38 8 80 0 13 8 96 5 57 2 34 2 72 2 90 4 78 4 15 3 38 0 1 8 57 0 75 
80 4 47 8 24 6 58 7 76 8 10 7 74 8 39 6 43 1 90 8 7 6 89 2 72 3 7 3 61 4 76 9 22 5 1 6 79 4 44 4 80 3 34 8 55 9 25 8 87 1 77 2 78 2 96 0 32 9 2 4 65 3 57 1 66 3 22 2 66 2 58 2 20 8 52 2 47 9 21 4 25 2 50 4 77 8 82 0 10 0 14 0 76 2 58 1 35 3 18 6 100 1 81 0 7 0 99 0 61 1 35 4 46 0 41 4 14 8 66 2 9 7 45 6 85 2 88 1 92 8 97 2 48 3 32 6 5 7 69 7 3 4 54 2 18 2 49 2 63 5 22 1 79 0 3 4 82 3 65 5 45 
80 3 5 6 66 0 63 4 69 0 71 2 29 1 1 2 53 9 99 8 53 9 6 3 16 2 26 4 10 8 52 0 6 0 50 4 37 2 14 1 6 5 65 2 1 2 65 5 85 7 84 8 98 4 87 2 16 5 74 3 50 6 2 1 83 8 64 1 69 9 79 3 64 4 15 5 31 7 20 3 94 1 15 4 47 0 80 3 78 4 29 5 21 3 20 5 8 2 25 5 44 5 23 2 13 0 7 2 3 5 52 3 61 2 24 2 69 6 28 9 96 1 84 4 1 0 76 5 61 6 29 1 62 0 65 5 3 3 83 5 3 9 48 1 83 3 87 8 61 9 97 4 7 5 57 7 87 6 12 4 72 
80 4 86 9 32 2 87 2 86 6 60 9 90 2 23 9 78 2 7 2 72 1 82 4 66 4 75 1 50 0 25 6 87 1 89 9 96 6 97 8 94 7 97 1 19 6 75 3 19 2 28 8 33 3 53 3 9 8 22 5 97 3 46 4 58 2 66 7 20 9 74 3 98 8 16 1 26 6 64 6 55 8 95 3 90 5 63 5 4 6 95 7 86 2 12 6 57 1 61 9 100 6 40 6 14 8 76 0 20 4 61 7 86 3 24 3 52 6 35 8 62 4 28 3 2 3 4 9 81 3 91 1 49 4 99 2 66 9 7 7 78 9 86 2 24 0 54 0 36 8 2 9 55 0 9 7 53 1 78 4 6 
80 2 32 9 85 5 20 6 33 0 30 5 15 4 3 7 60 4 50 6 24 7 86 0 93 0 35 1 65 3 1 5 98 5 70 0 29 0 16 8 54 1 95 3 73 5 24 3 23 2 27 7 42 1 60 6 78 9 17 7 75 5 1 0 98 1 45 6 39 9 56 7 42 8 30 9 88 8 98 7 21 0 10 4 65 3 24 2 74 6 93 5 40 3 62 5 8 5 39 7 69 3 98 2 35 8 91 2 91 4 93 7 33 0 40 5 45 1 25 1 84 5 33 4 31 4 79 6 18 3 48 8 79 0 16 2 89 4 7 6 51 5 83 7 24 6 71 6 83 7 72 9 60 3 19 4 35 3 96 2 14 
80 6 84 8 50 6 46 7 31 4 58 7 21 0 11 6 86 6 29 2 7 9 29 5 18 2 1 7 41 7 6 2 60 4 82 1 76 3 69 6 60 5 36 9 23 8 79 8 10 3 16 7 41 5 65 4 15 9 83 7 84 1 87 8 17 2 14 5 65 5 34 5 42 4 9 5 5 0 22 6 71 6 43 9 10 9 74 9 59 4 100 1 64 0 67 0 21 3 23 4 53 3 46 1 46 3 5 9 8 4 47 6 41 6 23 3 16 5 86 9 82 4 25 0 58 6 45 9 52 6 2 3 89 2 68 8 62 0 10 0 46 5 98 8 13 3 5 9 87 3 57 3 66 7 38 5 91 1 10 4 97 
80 2 87 7 30 3 8 3 70 5 53 0 8 9 45 5 68 7 30 8 22 3 40 6 88 5 85 1 9 8 11 4 90 2 84 2 8 5 37 6 50 3 66 1 48 0 31 8 85 8 36 6 60 0 91 3 50 5 67 5 82 4 76 3 49 5 58 3 33 7 12 3 97 4 69 9 5 1 93 5 82 2 43 7 35 3 75 7 21 4 21 5 28 7 29 5 97 3 57 0 79 4 66 9 65 7 55 7 67 9 69 5 89 1 22 0 93 9 88 3 42 4 17 7 62 4 54 7 80 5 40 4 83 2 11 1 93 7 63 3 97 3 10 1 87 3 77 2 17 2 18 5 75 1 77 0 82 1 70 5 48 
80 6 72 7 14 4 14 8 42 1 13 2 7 1 48 7 9 9 93 5 52 7 41 7 40 6 38 5 52 6 21 2 84 5 68 4 75 2 4 5 29 7 10 8 50 9 81 5 93 8 28 5 13 5 67 3 86 8 61 3 57 5 76 3 6 6 73 8 99 7 71 8 14 1 41 4 41 6 48 4 14 0 94 2 9 7 14 2 41 2 6 1 83 3 35 4 48 9 67 1 48 4 30 3 18 1 53 9 78 4 86 0 3 7 82 9 83 9 30 1 8 6 8 6 26 2 50 9 5 8 62 6 84 3 58 7 75 6 68 6 66 2 7 9 73 9 32 6 46 4 39 4 29 7 72 8 44 0 93 5 25 
