10 10
80 1 62 2 79 3 21 9 59 2 46 5 93 3 100 1 91 2 61 6 7 4 30 8 31 3 38 9 53 4 100 6 75 9 27 4 66 3 13 7 81 0 40 7 60 0 87 0 62 3 34 3 53 5 63 0 60 5 48 7 5 8 46 0 79 2 53 7 46 2 52 7 98 1 6 8 67 8 32 3 39 9 73 5 95 0 70 4 50 2 86 3 81 5 2 2 6 7 14 6 48 0 3 6 100 8 89 2 50 0 66 0 37 7 41 6 95 9 57 7 79 7 30 3 89 4 65 4 37 1 61 6 4 6 25 9 5 8 24 9 22 0 49 4 39 8 62 1 94 5 37 6 64 1 78 3 98 8 2 6 37 
80 0 46 5 77 4 48 5 33 7 10 5 40 9 32 4 76 5 100 9 28 4 55 4 49 8 60 8 6 5 60 9 48 6 46 5 77 6 31 2 39 8 30 2 81 4 88 4 12 7 8 7 14 6 14 6 35 7 66 6 74 6 96 1 10 7 51 4 40 6 18 6 57 4 73 6 57 6 35 3 84 7 51 1 77 9 78 6 77 8 18 3 81 0 41 0 37 7 31 9 98 3 52 9 89 0 40 3 28 4 24 3 33 0 13 1 19 0 57 8 74 0 4 4 1 3 61 1 38 9 21 8 79 9 92 2 5 5 97 8 45 9 75 9 49 7 77 9 77 1 99 8 84 2 83 4 85 7 64 3 30 
80 9 45 1 42 6 9 6 50 3 14 8 27 3 78 5 57 6 28 5 2 8 68 5 46 6 28 7 23 3 52 1 15 9 82 7 7 9 21 5 65 3 82 7 27 3 13 2 79 4 77 0 6 4 75 1 58 8 94 7 2 3 18 9 88 8 36 3 52 6 77 7 35 2 36 5 88 5 29 3 91 0 34 6 4 9 18 2 23 2 55 3 38 5 76 2 53 1 74 9 61 7 67 8 69 2 21 6 60 1 37 4 13 2 64 2 3 4 97 3 83 1 18 4 25 5 34 3 15 1 90 5 95 5 47 9 58 4 6 2 53 2 48 4 51 2 93 4 33 2 52 7 50 3 28 9 42 0 62 6 45 
80 9 83 1 60 4 79 4 87 5 4 2 68 0 9 3 83 0 79 9 44 0 71 3 96 8 9 9 71 8 18 9 99 5 7 2 86 8 33 4 97 2 47 6 98 5 15 0 31 0 76 6 30 3 29 8 30 0 64 3 89 5 72 1 27 5 42 4 38 3 20 9 53 5 35 4 67 3 49 2 76 8 57 7 83 0 91 1 81 4 20 3 26 7 9 0 83 6 59 7 74 1 12 9 1 3 51 0 70 1 100 5 54 1 27 6 10 6 39 0 24 3 63 9 21 5 99 0 37 7 60 6 66 7 42 4 78 5 81 6 100 9 73 1 89 7 82 3 1 8 69 6 72 7 89 3 86 5 5 5 8 
80 9 25 4 46 4 36 1 61 9 39 2 31 3 19 0 90 6 60 0 13 8 34 6 75 4 40 3 3 2 21 8 52 8 38 6 80 5 86 7 85 2 66 6 18 7 17 8 7 3 61 9 9 4 13 5 8 1 97 1 49 7 84 5 26 8 64 1 86 7 94 4 82 5 8 4 41 5 26 3 17 3 81 2 24 8 53 9 47 7 55 2 68 8 91 6 47 0 51 5 8 2 81 7 52 5 66 5 98 5 33 5 3 0 95 0 9 8 81 2 23 9 43 4 30 8 67 7 57 5 2 6 55 7 43 0 33 8 52 2 88 8 69 3 86 4 54 1 69 4 35 0 87 7 99 5 40 2 72 8 6 
80 4 5 4 18 7 22 1 33 8 90 8 60 0 44 5 40 1 99 7 51 1 54 7 83 8 31 6 3 8 82 6 55 5 54 8 58 2 71 2 70 1 25 6 23 2 93 6 58 8 41 9 100 1 54 5 50 9 82 7 99 2 76 9 32 8 77 8 18 9 91 8 31 4 60 2 91 5 90 4 81 6 56 5 82 7 80 0 41 4 91 6 75 4 84 6 46 6 14 1 43 5 16 8 30 9 2 9 42 5 16 1 57 9 30 0 64 8 45 2 2 1 57 2 99 1 32 8 66 3 7 8 37 1 46 4 45 8 92 4 91 0 94 0 87 0 88 2 6 0 63 2 89 9 60 7 96 3 66 2 38 
80 1 91 3 6 4 13 1 97 1 51 7 34 4 15 0 73 6 48 6 72 7 13 1 75 9 99 1 89 7 95 2 27 5 31 4 19 7 38 4 90 3 18 0 11 4 38 2 13 2 23 2 91 8 32 6 37 8 80 7 18 5 13 3 66 2 87 9 87 3 54 0 59 4 65 9 80 3 42 5 2 8 55 0 11 7 76 5 34 0 96 3 70 2 25 4 19 4 36 2 28 4 3 1 16 5 87 3 74 6 3 5 81 0 34 2 91 4 40 9 68 0 89 1 6 7 37 1 48 0 91 3 73 5 52 9 11 3 52 7 24 1 86 9 80 2 29 7 6 1 36 0 84 1 21 1 72 0 24 8 31 
80 2 18 5 21 2 69 7 15 3 61 4 45 6 28 3 69 8 8 1 94 6 1 6 39 4 50 4 17 5 87 2 75 8 14 7 36 0 32 8 1 5 83 5 41 5 96 9 25 6 87 2 28 5 30 9 65 8 46 9 84 4 92 6 78 9 100 9 25 8 67 8 33 8 76 7 64 8 100 1 39 7 21 7 2 3 77 0 67 0 12 7 5 0 36 9 8 8 98 7 82 7 73 0 79 6 4 3 93 2 49 6 58 1 90 5 60 2 15 6 100 5 43 4 86 5 80 9 98 2 22 4 85 0 83 7 31 2 82 9 35 9 68 2 80 3 24 2 49 4 10 6 92 4 12 2 36 1 85 2 39 
80 3 31 9 60 7 50 0 5 9 89 9 5 9 76 0 14 5 14 0 36 9 37 6 19 5 15 6 12 8 65 1 86 2 4 0 72 5 42 3 99 9 71 8 94 8 10 5 1 6 71 2 74 9 95 0 74 9 15 2 23 7 37 9 61 0 95 6 84 3 74 9 59 2 50 2 80 0 58 5 100 4 97 7 53 1 61 4 19 8 16 1 52 1 34 7 64 2 53 1 4 9 97 5 71 1 39 7 2 3 58 6 87 6 27 0 96 7 70 8 1 9 55 4 83 8 51 5 33 0 45 2 53 2 71 7 1 2 41 4 83 0 33 3 34 3 59 5 4 7 46 2 8 7 14 2 86 0 12 7 92 
80 9 66 6 81 8 15 0 62 7 91 7 51 6 66 3 19 5 92 2 17 2 61 1 85 0 53 2 6 9 27 7 39 3 58 0 93 3 53 9 29 2 60 9 9 5 40 9 85 8 58 0 64 5 60 0 17 2 78 6 45 4 53 1 26 0 19 4 80 9 88 0 55 5 92 0 85 1 79 2 44 4 73 8 60 6 47 4 27 2 79 9 22 8 84 3 7 9 89 1 23 3 100 6 50 5 36 0 89 9 95 6 32 6 51 4 66 2 37 5 83 7 82 8 62 4 69 7 99 9 28 0 59 7 46 5 1 4 4 4 16 9 28 4 36 3 76 8 97 7 50 8 43 3 12 4 60 2 4 8 74 
