10 10
80 2 79 4 21 4 16 5 19 8 66 1 30 8 22 8 45 9 85 0 2 8 35 9 60 9 69 3 44 5 86 3 62 5 69 2 39 8 60 7 78 1 78 1 22 2 35 3 61 2 88 0 36 2 15 1 9 2 47 1 15 7 39 6 93 6 74 4 100 2 81 0 64 6 60 6 66 1 13 8 64 7 33 3 85 6 79 7 91 1 63 2 26 9 90 7 22 2 32 6 91 6 1 1 27 4 90 4 21 1 47 2 75 8 3 3 12 3 44 2 76 8 68 3 99 0 100 3 41 4 8 5 94 8 6 0 54 8 3 7 3 2 44 9 95 9 96 4 41 4 88 1 100 7 87 5 98 6 62 2 80 
80 8 81 3 63 2 72 3 42 8 2 8 91 6 41 8 19 0 83 8 64 7 91 0 65 2 27 6 23 2 67 6 82 5 63 5 6 3 83 5 15 3 12 0 43 0 54 9 17 4 10 7 29 2 39 1 45 4 73 4 48 0 32 8 9 2 100 6 63 3 48 1 74 1 60 1 37 7 45 5 94 0 32 3 20 0 31 0 24 4 79 7 85 3 80 1 54 2 91 8 90 4 51 9 10 2 1 0 97 0 47 8 49 4 82 7 68 9 38 8 96 2 51 4 15 2 98 5 28 0 85 9 28 8 72 0 97 5 55 8 46 6 47 7 90 5 91 8 56 9 92 6 13 6 59 0 27 8 22 3 28 
80 7 7 1 2 7 31 8 66 0 66 9 60 5 53 9 91 3 48 8 8 3 44 4 90 7 91 0 32 2 43 9 9 8 79 4 72 5 71 2 4 4 28 9 88 2 15 3 28 9 75 1 28 0 64 3 14 7 8 0 59 0 80 8 56 9 87 1 54 7 21 4 88 6 77 2 31 6 24 8 25 7 86 2 86 5 96 5 53 9 6 6 8 3 21 4 81 1 27 1 30 9 95 5 33 6 25 5 25 2 62 1 71 9 66 9 50 0 6 8 8 2 66 4 25 7 19 8 11 9 1 5 74 9 68 7 89 3 76 3 54 3 94 0 27 5 62 1 94 5 94 0 82 2 82 9 19 8 24 7 39 
80 0 61 6 64 8 55 0 24 9 93 9 33 0 82 5 78 2 53 2 69 1 72 5 25 5 79 8 31 9 24 2 79 5 71 7 52 6 80 8 46 7 70 5 66 5 2 2 66 9 70 9 93 4 81 6 16 4 30 5 54 6 31 8 50 0 20 8 92 0 10 4 65 1 90 6 55 6 33 9 91 0 28 3 72 5 75 5 33 1 80 9 24 3 19 5 24 1 95 3 53 3 88 1 71 7 67 5 91 8 70 6 59 4 85 2 96 1 30 5 94 8 76 5 1 7 67 0 70 9 12 7 100 4 52 6 13 9 87 6 3 8 98 0 16 4 60 6 3 7 66 3 11 0 92 2 19 9 31 2 15 
80 1 70 5 38 3 81 5 72 6 60 2 85 8 97 4 34 5 87 7 42 8 7 3 78 9 22 1 32 7 9 1 81 6 27 3 81 6 44 3 90 6 33 2 37 4 99 3 46 4 19 2 60 9 61 3 12 4 48 4 22 0 31 3 1 2 80 8 56 2 15 1 9 0 78 1 96 5 43 2 47 3 62 6 59 3 53 2 28 2 77 9 64 5 75 0 21 9 48 7 41 7 48 9 66 0 41 4 19 2 77 1 19 8 63 9 67 9 51 4 15 5 22 8 68 1 46 8 81 6 19 7 8 4 86 4 58 7 34 9 80 4 26 4 4 1 96 8 89 5 7 5 69 5 89 2 75 1 3 1 89 
80 8 1 9 45 4 65 0 50 2 88 1 11 9 42 1 69 2 71 4 10 6 24 5 67 4 91 9 13 5 3 5 38 9 6 6 97 1 1 4 65 6 12 4 65 4 6 6 37 3 98 2 34 9 1 7 6 2 62 1 56 6 8 1 58 8 81 4 92 9 19 8 87 0 48 2 87 9 1 3 98 9 80 9 63 2 68 3 19 6 11 1 26 5 100 6 59 2 46 1 13 9 65 2 26 2 51 0 43 9 61 8 10 4 8 0 90 1 63 1 52 6 33 2 44 7 27 3 5 8 24 4 53 9 24 4 42 3 3 6 56 7 85 0 34 4 78 2 98 3 35 2 92 4 68 3 93 1 28 1 34 
80 8 64 9 6 2 88 7 31 2 55 5 13 5 45 2 71 4 77 6 85 3 72 1 35 9 48 7 76 8 69 4 42 7 53 6 5 0 64 2 10 9 54 9 95 1 75 4 63 3 39 3 85 0 85 6 61 9 100 0 62 3 41 3 43 4 89 6 79 4 34 2 3 6 54 3 70 8 81 6 78 6 1 3 84 3 50 3 78 2 100 7 72 2 81 7 64 7 24 3 31 1 41 9 45 7 22 3 50 8 59 2 21 9 96 8 12 7 26 2 72 7 67 9 8 3 49 5 66 6 81 2 15 5 22 8 76 8 59 1 92 4 34 3 94 7 73 3 64 8 43 3 18 2 24 4 58 8 91 8 33 
80 9 67 6 32 9 38 9 88 1 51 9 71 4 35 6 68 5 84 5 65 5 10 5 9 1 58 6 37 0 60 3 48 8 38 3 16 8 57 2 46 0 13 1 68 3 77 6 22 6 89 5 23 5 12 6 11 1 68 5 96 6 19 0 76 8 41 1 91 4 6 6 19 6 62 3 2 1 70 8 18 3 53 1 32 2 42 5 70 5 17 2 9 1 24 2 83 9 42 0 69 9 63 1 18 5 77 0 17 9 14 1 69 2 68 1 77 6 38 9 54 7 40 3 54 9 65 5 60 1 76 4 45 0 4 7 48 6 69 5 37 5 73 2 69 2 30 3 10 1 66 7 35 7 90 7 10 4 43 6 99 
80 4 30 9 97 9 24 5 55 7 63 7 50 7 60 9 45 9 22 9 88 1 1 7 26 8 71 4 23 5 36 3 14 0 36 1 83 2 68 4 56 3 31 4 57 6 88 8 27 5 50 9 1 6 55 6 73 1 21 6 74 4 75 1 54 8 5 3 52 0 80 2 100 6 81 6 16 9 11 7 37 1 21 7 16 0 43 5 51 8 66 1 6 3 86 8 96 6 79 8 61 3 21 3 5 5 61 0 76 8 34 6 85 1 14 5 88 3 90 7 46 2 48 2 25 9 31 8 46 1 20 0 85 2 87 6 86 0 52 6 29 8 32 6 90 5 86 0 99 0 58 2 24 5 47 0 53 4 4 9 82 
80 7 43 8 70 6 13 4 35 0 27 7 32 3 27 3 97 7 82 9 19 1 5 3 3 6 16 6 44 9 21 6 88 4 26 4 37 4 19 2 41 6 23 5 50 3 72 1 4 0 46 6 72 0 29 9 65 8 29 7 89 5 32 4 62 6 35 8 58 6 5 1 50 9 91 3 83 1 12 0 74 2 46 7 55 3 81 6 32 7 22 9 75 9 24 0 54 3 8 0 91 9 34 2 16 6 32 2 28 9 31 9 56 7 33 9 54 0 68 9 54 1 60 3 61 9 22 1 60 9 55 4 9 8 46 4 60 2 33 5 88 7 7 8 13 1 8 5 81 5 36 0 29 7 96 9 64 9 72 4 68 
