10 10
80 5 31 6 76 0 53 8 60 3 72 4 31 5 90 9 35 2 79 9 51 5 18 3 5 1 69 5 20 7 60 1 70 5 32 2 24 1 62 8 100 9 91 7 64 4 95 1 95 5 85 0 15 2 78 2 54 0 54 2 89 8 41 2 42 6 48 4 41 1 5 6 91 9 48 0 41 0 17 4 82 3 76 6 44 3 62 8 60 9 38 1 41 4 66 3 46 5 96 8 97 2 85 5 28 1 48 1 11 4 89 9 15 8 80 6 68 2 10 8 9 7 12 3 51 4 76 7 24 8 20 5 31 2 67 7 68 1 77 9 28 3 56 4 24 5 58 4 27 8 49 1 41 7 32 8 57 6 21 1 34 
80 9 16 9 25 6 13 0 53 6 10 3 2 3 84 3 75 9 86 9 77 7 1 1 91 4 70 1 85 3 10 1 34 7 57 1 16 7 69 2 55 8 28 1 74 6 67 0 36 4 5 6 92 6 42 2 5 3 44 3 50 5 7 1 45 6 97 9 45 7 44 2 86 9 47 2 87 6 29 2 67 5 42 7 35 6 29 8 58 1 96 3 57 9 43 3 82 1 80 9 58 3 75 3 63 3 12 6 52 6 75 2 34 6 25 8 67 7 9 4 58 1 54 4 81 3 11 5 98 4 15 9 50 9 17 0 80 2 96 0 33 4 83 6 84 2 75 8 54 8 79 9 70 0 52 7 95 7 39 9 14 
80 9 54 1 36 8 91 3 17 0 80 8 84 2 18 7 81 1 14 3 52 9 5 6 91 3 84 6 4 5 36 6 84 5 49 9 42 2 54 0 88 3 59 4 66 8 10 3 10 2 7 0 10 3 69 3 16 9 75 9 3 8 16 9 18 0 22 1 7 0 68 7 30 6 77 4 87 6 4 2 36 0 19 1 23 4 88 1 35 0 12 2 100 2 26 1 8 0 41 0 51 1 18 9 1 5 55 8 56 3 81 1 11 5 42 9 93 8 8 1 69 6 39 9 7 2 68 0 38 1 55 3 99 2 11 3 74 8 93 5 100 4 10 3 14 3 60 3 89 5 90 3 56 8 55 5 18 9 27 5 57 
80 7 35 8 82 4 33 7 32 8 2 9 8 6 76 3 89 4 7 5 79 5 98 4 52 3 96 1 36 0 81 4 6 5 13 0 46 2 35 5 76 0 35 8 95 6 80 0 25 5 95 9 45 6 70 2 47 1 30 5 19 3 57 8 7 9 69 8 93 0 43 4 98 8 24 3 43 2 40 0 71 2 67 6 86 1 51 4 49 4 22 3 6 4 38 4 40 1 47 1 54 7 8 6 72 7 100 9 56 3 94 4 24 1 22 0 76 0 37 7 2 1 95 5 91 1 71 1 56 2 18 1 72 7 28 7 39 9 28 0 35 3 59 3 5 5 52 2 43 7 50 7 3 5 65 7 35 3 76 9 89 
80 2 44 3 81 5 93 1 22 3 56 4 84 6 77 5 65 0 27 6 98 8 73 9 57 5 44 2 57 9 28 6 62 5 29 1 85 8 82 7 92 4 95 2 37 3 35 2 7 9 47 6 1 2 74 2 83 8 30 3 51 5 95 6 13 6 59 0 12 1 49 6 85 5 46 2 26 3 6 6 98 9 99 6 71 4 9 6 48 1 45 0 77 3 19 2 41 7 50 2 9 4 41 8 94 9 36 3 90 1 40 5 85 5 32 6 32 9 49 4 59 1 33 3 25 3 59 7 82 4 92 7 3 6 37 8 30 4 56 1 52 3 98 4 76 1 23 6 12 7 75 9 84 4 50 0 86 8 85 6 35 
80 4 31 0 87 5 39 6 60 6 46 1 52 9 52 8 26 5 32 3 6 7 13 6 37 2 8 9 70 9 20 6 65 9 43 7 26 6 64 7 29 2 22 9 18 9 22 6 12 9 10 2 53 3 75 9 46 7 79 5 55 9 80 2 61 8 57 5 18 5 9 2 24 9 29 2 12 4 36 9 77 2 30 8 32 4 74 8 77 9 33 1 18 2 35 1 69 0 19 3 93 5 79 3 31 5 26 5 25 4 10 7 90 8 50 7 75 6 49 9 93 9 25 2 57 2 64 9 28 5 73 7 27 9 43 4 41 7 2 7 78 1 4 2 40 8 81 4 51 9 12 8 1 8 90 0 51 1 83 6 41 
80 1 3 5 52 4 85 2 28 3 96 3 42 2 60 5 1 7 32 6 46 8 33 0 26 3 35 6 50 4 44 4 53 6 82 5 44 7 45 3 56 0 38 7 28 5 37 4 11 0 80 7 81 3 47 8 3 5 22 5 66 2 64 5 63 3 26 5 60 5 51 5 100 8 20 5 47 6 81 8 42 0 56 5 13 9 60 6 94 9 42 7 17 2 54 7 5 8 10 6 20 7 64 0 9 0 74 3 53 3 40 3 61 8 74 5 29 4 81 6 51 9 83 1 69 9 24 2 54 7 78 7 98 6 67 8 37 8 58 2 35 9 37 7 93 3 18 0 86 6 69 9 55 1 14 6 53 6 43 4 1 
80 0 51 8 48 2 13 6 95 4 70 7 97 6 52 2 7 6 50 3 1 6 57 6 54 5 1 2 51 3 80 1 28 1 7 1 39 7 8 6 89 6 30 8 91 2 38 9 12 8 43 2 39 9 32 3 34 3 16 7 55 2 30 9 31 8 83 0 12 7 80 4 13 4 55 4 63 2 55 2 36 3 63 9 80 8 1 7 70 2 84 6 58 1 22 9 86 3 10 2 53 1 70 8 66 1 29 5 33 2 42 9 43 3 67 0 93 2 80 0 86 8 58 2 77 8 97 8 15 9 29 5 82 0 48 7 100 7 45 7 31 4 80 8 52 6 99 9 98 4 8 2 73 5 36 0 59 3 81 7 16 
80 5 67 1 23 6 82 4 95 0 10 0 43 3 60 5 99 2 64 4 72 3 81 1 87 1 76 4 8 0 63 1 40 1 22 4 13 3 10 4 16 4 59 9 78 7 70 3 64 7 100 6 6 6 41 0 97 1 32 4 62 6 75 5 61 7 30 7 60 6 67 7 50 1 48 8 74 9 33 0 94 9 53 7 72 1 55 3 79 3 49 1 26 6 10 1 78 4 29 8 37 2 64 1 18 1 28 8 57 2 43 0 2 1 74 8 1 1 34 1 100 0 66 7 56 1 64 0 88 2 48 2 46 0 73 1 90 9 81 8 92 5 80 2 97 3 29 2 3 1 33 1 74 0 60 8 15 9 42 8 30 
80 3 97 4 37 0 54 6 88 4 76 9 85 3 35 0 31 5 85 3 47 8 85 7 13 1 18 4 1 1 46 9 20 4 18 4 80 7 96 9 13 5 50 9 93 6 65 3 21 7 14 8 88 2 89 8 84 0 82 1 63 9 36 1 42 5 16 8 57 9 49 9 63 2 14 1 90 6 81 1 55 2 4 8 69 6 32 3 10 5 45 9 98 0 35 1 83 5 89 8 42 5 86 1 59 6 35 9 73 2 58 4 77 6 45 9 13 6 93 8 28 3 42 9 31 9 61 4 37 8 10 4 57 9 17 0 59 4 45 8 16 9 56 6 58 0 49 6 22 7 100 2 56 3 81 6 65 1 58 1 100 
