10 10
80 4 21 5 78 8 84 7 11 3 84 8 29 5 12 7 85 4 48 4 40 4 85 9 94 3 47 9 10 6 26 5 42 8 70 5 94 1 70 5 55 2 81 6 24 1 55 8 85 3 2 1 81 5 24 6 15 4 2 6 91 3 52 8 99 2 16 4 94 0 11 2 73 3 81 1 73 1 64 9 82 3 16 2 68 7 95 2 47 3 53 1 54 6 72 5 27 2 89 0 56 7 80 9 25 7 29 8 82 7 68 2 53 8 51 9 66 2 15 3 56 1 39 2 24 0 34 8 96 4 56 2 33 5 69 4 10 6 89 9 82 3 51 7 88 4 81 2 87 7 43 6 18 1 100 6 76 0 76 0 19 
80 6 34 1 29 0 87 9 90 1 2 2 26 1 92 9 9 4 7 7 93 1 83 4 40 2 37 3 40 4 53 1 76 5 6 7 20 5 32 9 62 8 48 6 10 8 55 9 88 9 13 1 43 0 49 3 7 2 48 3 31 0 34 8 89 2 55 3 56 1 76 8 89 1 71 6 70 1 85 6 61 3 34 3 48 8 65 6 1 2 5 5 79 6 67 1 88 8 79 7 23 5 13 9 24 3 81 2 35 2 60 1 91 7 59 5 13 4 22 9 90 7 87 1 100 2 13 5 29 6 14 5 17 9 7 0 62 7 77 0 17 3 14 4 90 7 94 3 4 3 87 5 33 7 63 9 67 7 6 2 29 
80 4 66 7 70 8 69 9 44 1 72 1 15 0 12 5 90 7 79 2 72 0 99 2 14 0 88 8 94 3 5 5 55 1 45 0 84 3 89 9 51 0 24 5 46 5 48 4 79 2 12 6 12 2 22 5 14 6 92 7 22 0 18 4 73 7 94 0 2 3 56 1 64 2 31 5 52 4 24 7 49 5 66 8 99 5 17 9 11 9 73 4 55 9 77 3 97 3 66 7 26 6 28 3 75 0 64 2 32 5 53 8 91 2 80 2 3 9 80 5 57 0 4 1 74 3 86 6 46 5 28 9 33 9 24 7 71 9 60 1 35 1 38 0 78 2 27 3 8 6 44 8 74 9 21 7 91 1 38 4 71 
80 0 24 6 47 5 95 1 35 5 56 6 42 7 94 9 78 2 15 8 54 9 71 1 80 2 55 3 91 9 95 1 19 8 35 6 93 8 8 8 83 7 2 6 33 4 42 8 3 3 58 5 17 5 10 6 5 3 63 8 68 3 61 0 89 0 33 8 72 0 89 5 54 2 67 4 99 9 90 2 92 9 77 4 89 2 86 5 22 2 14 7 14 9 93 7 70 3 49 8 99 1 77 0 35 8 99 6 76 6 12 1 49 2 66 8 27 4 35 1 36 1 8 8 51 0 18 7 62 3 51 6 37 4 26 5 25 3 28 3 5 9 93 4 78 0 10 7 90 9 22 2 70 2 52 8 74 8 37 7 78 
80 7 22 3 43 3 50 3 43 3 90 2 75 2 60 3 63 9 3 0 2 1 16 7 42 6 72 3 60 4 27 3 36 0 93 4 4 0 9 9 77 6 34 0 12 1 49 9 100 3 5 8 9 9 49 3 25 3 54 4 9 9 34 0 66 7 62 8 35 6 100 1 99 2 91 6 87 1 33 1 5 6 95 9 36 5 68 1 80 4 46 0 35 9 40 0 14 0 19 8 18 0 67 0 31 6 94 4 74 7 88 3 66 5 83 5 40 0 3 9 21 1 11 3 49 9 46 4 72 7 88 3 47 2 58 2 86 7 82 5 1 8 1 7 15 3 62 8 26 0 54 8 93 0 60 4 36 4 61 7 19 
80 9 34 9 61 3 86 0 21 2 78 1 86 6 67 1 87 7 46 2 3 6 18 7 74 9 92 1 95 1 84 6 6 3 67 0 63 8 94 7 31 3 86 8 71 7 86 4 20 2 72 0 51 2 35 9 9 0 3 8 2 8 27 8 56 1 63 0 77 2 37 3 35 1 54 2 87 6 64 5 4 5 69 2 41 5 83 0 62 9 28 4 100 2 51 3 4 5 6 2 40 8 63 2 76 2 23 2 39 0 46 5 80 6 40 8 59 0 91 2 52 8 96 5 5 3 54 2 61 5 97 8 29 1 22 1 8 5 33 1 55 9 85 4 100 9 24 4 79 3 19 0 56 7 54 6 28 1 79 5 93 
80 6 76 7 42 5 49 7 89 9 82 8 36 5 87 6 14 1 42 6 95 0 52 8 54 2 49 9 13 1 84 9 43 8 29 8 94 6 99 0 6 7 30 1 22 9 28 2 50 4 54 3 86 0 92 3 9 5 2 5 82 0 71 5 87 1 60 0 26 4 88 3 11 1 27 0 87 7 25 3 77 2 59 3 84 6 5 3 57 6 1 0 46 7 28 6 75 3 6 3 35 2 52 7 63 2 14 3 96 9 85 8 47 5 21 5 64 9 49 0 11 0 17 4 38 5 39 7 78 3 57 1 72 1 57 1 82 2 95 6 12 2 94 7 92 8 64 2 71 7 87 4 87 0 8 7 16 4 82 2 53 
80 6 47 0 13 4 34 8 70 7 13 4 40 9 100 3 1 6 37 3 94 8 1 2 5 2 87 0 71 6 74 3 64 6 81 3 72 2 14 0 66 1 65 3 43 7 9 9 27 6 46 5 50 6 81 7 12 1 38 3 88 4 82 0 27 0 72 5 100 9 42 0 39 6 43 4 50 2 40 6 10 6 95 7 46 6 31 0 33 8 35 6 96 4 4 7 16 0 87 6 45 2 17 8 85 6 94 2 83 9 70 6 8 2 4 9 35 2 9 0 67 9 23 2 24 0 82 6 70 7 23 6 59 1 18 2 95 9 21 5 18 5 10 4 91 9 47 9 37 6 70 0 70 5 71 7 14 5 98 9 81 
80 5 83 1 82 1 14 9 36 9 21 9 81 4 44 0 71 2 7 2 5 7 70 8 18 7 16 6 18 1 82 4 52 1 22 2 90 7 29 6 71 1 26 5 71 2 60 7 76 9 37 3 87 2 37 3 76 2 51 6 95 3 27 4 83 9 72 7 11 1 59 7 22 4 52 9 23 2 51 3 24 1 20 8 51 5 92 9 53 5 50 6 74 7 47 7 98 1 52 1 82 9 80 2 46 4 7 2 65 7 83 9 99 9 41 4 74 8 66 9 53 1 79 4 57 4 25 2 39 0 62 4 16 8 42 4 88 3 98 2 40 1 77 4 15 2 39 9 90 6 19 7 48 5 92 9 27 6 17 1 27 
80 5 64 9 60 4 69 5 41 4 97 1 30 1 77 0 83 1 29 8 69 1 54 0 65 4 60 1 97 9 77 0 50 7 32 9 2 2 90 9 2 2 16 2 73 7 96 3 94 8 90 6 97 3 8 0 6 2 31 8 66 6 10 7 72 5 5 6 57 2 86 2 15 1 33 4 22 7 95 3 13 7 45 6 29 0 86 5 43 3 28 3 95 6 43 5 50 7 60 9 41 1 96 5 86 3 80 6 70 9 44 7 41 8 31 2 66 5 9 4 46 8 40 1 13 5 51 9 64 8 98 3 81 0 2 8 67 8 44 8 17 9 25 7 78 4 79 3 15 3 88 1 11 1 54 1 76 0 73 3 45 
