10 10
80 6 12 6 79 0 100 2 81 8 46 9 92 0 85 4 31 6 13 0 33 4 23 4 16 2 77 2 36 3 1 1 87 0 43 2 10 0 57 1 11 2 85 0 45 3 96 9 59 0 2 2 64 2 85 0 31 4 29 7 7 7 95 3 36 7 55 2 69 3 19 0 25 0 13 9 54 8 100 5 85 1 46 6 12 6 27 6 41 0 93 5 76 2 55 8 76 2 88 9 66 0 75 1 66 4 42 9 7 2 15 1 69 9 49 1 49 8 78 5 87 7 62 3 37 4 86 2 15 3 39 2 25 8 95 4 74 6 71 5 23 3 27 6 96 7 51 4 92 1 91 7 75 9 49 1 94 3 21 1 60 
80 7 88 7 86 9 4 3 20 3 43 1 35 4 44 4 78 0 53 4 91 7 58 7 68 9 64 4 40 9 26 1 93 5 44 5 45 4 2 7 34 9 51 8 22 0 52 1 84 7 60 8 15 0 1 3 92 1 41 9 53 6 16 2 29 3 55 4 6 9 53 9 21 0 98 0 94 0 85 5 3 1 63 2 75 8 87 3 19 8 7 7 88 2 50 2 20 3 41 4 39 8 87 9 47 1 54 5 50 6 54 5 26 3 3 6 51 8 60 6 70 0 79 8 89 9 15 5 52 0 96 7 88 7 27 8 93 8 92 2 51 6 3 1 49 1 98 8 86 7 60 4 35 5 55 2 71 8 38 1 43 
80 1 28 6 15 0 30 0 5 4 13 7 11 2 6 0 78 3 53 0 28 2 82 3 83 1 58 5 67 5 44 3 99 8 2 7 87 6 49 6 83 4 26 2 96 8 100 3 72 1 34 1 18 2 56 7 56 3 69 1 5 0 8 1 37 9 71 4 84 3 67 4 31 7 33 7 30 0 64 4 45 6 43 1 50 2 70 3 33 5 1 0 61 5 60 1 3 0 39 4 95 4 54 5 72 1 91 2 87 4 89 5 85 4 44 6 13 3 57 9 35 5 63 4 30 8 72 2 71 2 11 8 47 5 29 4 14 1 26 0 66 4 54 0 34 3 57 7 74 7 93 3 41 4 75 6 71 8 54 6 53 
80 0 100 6 26 5 25 1 52 1 92 7 18 5 88 1 29 2 6 8 12 3 74 4 20 3 13 6 39 8 9 8 65 6 41 0 62 5 15 5 81 4 25 0 62 2 3 4 90 8 96 8 41 0 6 1 49 7 56 5 44 6 69 1 13 0 85 2 47 1 93 9 10 9 13 3 100 1 62 2 75 6 9 4 53 7 39 7 32 0 57 0 24 2 49 8 49 7 91 4 41 1 30 7 42 5 15 8 92 9 81 0 26 8 51 0 89 0 73 8 41 6 56 3 91 8 43 9 9 8 7 8 43 5 2 6 40 4 61 6 69 6 69 9 63 1 83 3 60 1 72 8 27 8 89 3 35 8 58 9 91 
80 1 94 5 49 3 29 9 11 1 46 7 75 1 99 8 49 0 74 4 86 9 78 4 46 6 12 8 83 5 3 8 22 1 36 5 50 3 51 4 52 6 72 2 5 0 22 2 22 8 33 7 40 7 32 5 48 4 87 8 85 0 6 9 51 6 8 5 9 2 83 6 46 1 16 8 24 9 96 5 35 5 59 5 45 6 46 9 76 2 55 9 67 8 34 7 21 6 95 1 25 8 22 9 71 0 33 1 8 4 26 5 7 0 68 9 41 2 85 6 78 4 100 8 7 9 9 6 42 0 36 5 79 9 36 4 23 4 94 7 5 3 12 5 12 2 86 2 34 9 23 8 88 4 42 7 48 9 56 6 38 
80 4 4 8 94 8 56 5 69 1 68 1 51 3 73 9 89 1 29 2 7 4 24 1 59 4 53 0 84 0 61 6 28 4 36 8 46 1 49 3 26 1 52 0 48 3 53 6 12 4 73 5 82 5 4 1 68 5 64 3 61 0 93 3 90 8 59 2 15 2 58 7 18 1 28 1 99 3 40 1 82 5 19 9 14 7 4 8 11 1 20 2 50 3 65 5 14 8 26 8 38 0 25 8 41 0 89 7 16 4 14 5 12 7 60 1 44 8 32 3 2 5 61 7 91 3 55 0 40 0 12 5 21 6 34 8 15 5 28 5 71 2 97 5 78 6 86 6 97 2 20 8 20 1 62 9 15 3 4 8 4 
80 1 17 3 84 5 73 1 20 0 24 5 13 5 100 4 46 2 61 7 70 7 37 8 79 9 72 0 77 2 40 7 38 7 76 4 20 0 100 0 9 5 70 0 64 3 21 3 48 1 68 3 3 0 83 1 88 0 5 1 12 0 53 3 85 5 13 2 21 5 84 8 2 3 17 5 92 5 51 4 74 4 84 9 49 1 91 8 57 9 38 0 6 4 47 1 6 7 28 7 47 5 95 1 60 2 80 6 53 7 3 4 69 1 41 5 39 3 92 3 33 7 25 6 91 7 32 5 15 0 50 0 97 1 57 8 49 7 91 4 65 2 81 5 93 4 78 7 63 8 79 7 88 8 79 9 83 3 37 5 61 
80 5 34 4 79 3 17 0 66 3 30 6 92 9 77 9 68 8 18 5 24 7 67 7 3 9 80 8 55 9 33 4 10 3 30 1 20 5 50 9 49 9 6 4 27 6 39 3 10 0 31 9 45 0 7 0 23 2 98 6 94 9 77 9 66 1 50 7 84 4 46 6 99 4 62 2 40 6 6 8 10 3 54 2 34 7 5 2 86 4 12 2 82 3 17 9 50 7 34 4 62 4 15 0 81 9 42 5 62 5 43 3 40 6 83 6 87 7 61 6 62 1 62 1 97 6 5 6 96 5 8 3 72 4 46 6 62 2 1 3 56 2 76 1 4 9 51 0 64 3 51 2 99 3 99 5 81 0 92 3 11 
80 8 27 5 90 4 14 8 5 8 52 2 69 5 9 7 79 5 37 7 77 2 31 8 9 4 14 6 99 1 42 6 6 5 93 9 3 2 10 2 8 5 25 7 79 2 7 9 19 9 5 0 80 1 78 5 62 8 47 5 14 1 76 5 46 0 30 6 14 9 98 4 84 0 96 4 60 1 63 7 45 9 80 2 88 0 72 4 77 5 90 6 13 9 51 2 89 5 48 8 94 8 40 8 77 6 11 5 71 5 74 1 49 2 69 9 48 5 85 1 74 6 37 7 3 2 53 8 58 2 74 2 43 8 24 4 73 7 62 3 81 2 40 9 35 9 35 8 59 8 68 1 37 8 59 3 36 7 54 1 48 
80 9 68 9 92 3 46 4 56 2 20 9 75 0 96 2 20 6 2 0 88 2 68 9 47 7 13 0 80 7 98 3 6 3 24 0 53 0 57 0 46 2 11 3 63 6 53 6 94 0 77 0 85 3 8 4 6 4 73 2 47 3 1 6 13 3 52 0 53 7 31 8 90 5 36 6 33 7 90 4 82 6 53 0 25 9 4 4 94 3 99 3 12 3 72 8 59 5 6 1 65 0 23 5 71 1 81 3 17 2 88 0 11 8 4 1 17 8 25 0 73 6 20 1 85 9 85 1 27 3 17 4 8 9 85 9 56 3 78 5 4 1 5 9 96 9 53 2 60 5 75 5 17 5 40 7 97 2 70 2 7 
