10 10
80 0 55 7 66 2 54 0 51 5 63 7 7 1 59 9 68 5 42 5 58 3 65 7 94 0 63 8 97 5 51 3 77 5 1 3 7 9 49 8 99 9 6 1 70 3 80 3 3 1 84 7 10 9 73 0 14 0 93 1 73 1 18 1 2 9 53 4 49 3 8 3 14 0 43 0 19 3 70 1 64 3 95 4 34 0 2 7 53 2 31 3 64 9 23 5 37 0 94 8 48 5 46 8 66 9 85 7 92 8 56 6 89 1 57 1 13 5 72 1 27 3 77 5 32 4 71 1 85 0 8 8 70 7 90 4 8 6 45 6 90 4 30 8 87 4 70 6 65 6 4 3 71 0 37 5 12 3 28 2 25 
80 0 6 3 82 0 3 4 97 4 54 4 31 0 69 3 67 6 96 2 4 2 100 8 9 7 64 2 83 2 63 0 51 3 74 6 54 0 36 5 45 6 56 4 39 8 54 3 40 0 30 8 94 2 58 6 57 4 53 1 17 9 98 6 35 9 88 8 97 2 61 7 19 5 2 9 28 5 92 2 60 5 96 4 85 1 65 5 19 0 8 5 49 6 42 0 17 5 28 0 17 1 13 3 48 3 28 4 81 7 16 4 55 4 73 7 35 3 78 3 61 1 58 7 18 7 57 4 96 5 10 4 42 4 90 3 41 1 46 2 25 7 47 9 2 3 67 4 1 8 59 9 1 2 52 4 88 7 8 1 48 
80 3 98 3 2 3 66 8 18 4 14 1 86 3 58 9 45 1 100 9 17 6 26 5 39 8 72 3 100 8 99 5 94 8 36 2 28 9 69 5 40 9 32 8 40 2 70 7 75 8 94 2 49 5 79 9 60 7 35 5 17 6 19 7 20 1 14 7 85 6 15 5 35 5 43 6 49 9 4 0 30 8 36 1 95 5 7 5 60 1 74 8 71 0 75 7 13 6 29 7 6 6 36 1 47 6 2 9 51 2 5 9 37 8 43 7 87 9 76 1 32 5 12 4 5 9 99 9 6 1 50 2 67 1 16 3 17 2 37 0 33 3 2 5 71 5 82 1 17 5 58 9 64 1 36 6 61 9 83 4 99 
80 7 38 8 15 1 76 2 30 1 80 8 79 2 68 1 18 6 87 1 71 7 40 8 62 8 19 5 24 0 77 4 57 2 35 2 37 8 16 0 25 7 26 9 23 2 83 5 93 1 10 0 9 1 55 1 84 8 99 9 42 9 24 1 97 9 63 5 23 4 54 1 34 6 35 7 5 6 31 1 77 9 47 1 51 2 77 6 28 0 16 0 73 4 36 6 5 4 90 2 63 7 20 9 93 4 75 3 8 6 28 2 56 4 52 1 60 9 42 7 60 5 89 1 58 3 94 0 32 3 9 8 48 9 93 5 72 0 62 3 70 0 34 5 59 3 89 4 86 9 94 9 1 0 49 6 97 9 74 5 37 
80 6 76 8 94 6 95 3 41 5 53 2 2 4 7 9 84 3 22 2 65 8 80 0 74 3 61 6 82 7 16 7 90 7 86 5 60 6 72 1 61 6 83 4 21 0 6 0 71 3 73 0 86 4 24 1 53 1 88 7 56 1 6 7 37 5 8 0 54 3 18 6 70 0 31 2 58 4 99 3 23 6 14 7 18 6 34 0 37 7 47 8 1 6 60 1 54 9 3 1 60 2 37 6 87 8 94 8 20 1 5 3 5 3 95 6 35 3 4 2 34 2 63 5 52 2 88 1 50 6 94 9 1 3 76 3 28 0 13 6 12 7 39 8 52 2 43 8 41 4 2 2 70 8 17 6 77 6 48 0 9 
80 4 86 7 92 0 44 3 78 2 97 5 81 3 19 9 91 8 1 6 23 8 27 1 76 2 54 5 14 3 30 9 46 6 15 3 37 7 14 8 42 9 15 8 26 4 81 9 94 4 61 8 76 1 20 7 96 1 6 1 64 8 30 2 2 8 41 3 19 8 88 9 19 1 44 5 45 4 21 4 19 7 75 3 66 7 86 3 23 8 22 4 68 6 12 0 98 3 24 2 47 1 95 3 14 6 17 3 85 3 77 2 46 7 15 1 69 1 35 6 22 5 92 9 41 9 26 3 13 3 71 9 81 0 89 9 60 1 98 4 78 2 97 3 85 9 85 4 40 8 60 2 91 2 43 3 98 9 32 8 4 
80 9 76 0 5 5 39 5 41 7 80 6 2 7 27 5 89 4 46 4 96 0 53 7 33 5 85 0 6 3 55 3 60 6 42 3 72 3 93 8 13 0 14 0 19 5 91 4 93 6 29 1 76 9 68 0 24 0 94 7 4 8 42 6 12 4 62 2 28 9 4 7 21 8 98 1 85 7 31 9 7 9 50 2 32 5 88 3 78 0 76 1 21 8 75 9 16 7 45 1 76 0 12 1 42 2 3 6 45 9 6 9 41 7 50 3 70 8 64 4 57 6 39 0 17 4 54 4 15 6 85 7 2 3 66 4 94 3 95 7 20 9 59 1 13 0 78 4 57 9 72 9 28 1 2 7 12 7 22 9 13 
80 5 94 0 86 5 17 4 47 2 1 5 50 0 98 2 7 5 50 3 62 2 2 7 49 0 14 5 74 1 60 1 50 2 53 0 80 2 67 8 42 7 84 2 25 5 87 6 45 9 65 4 87 9 43 8 61 4 27 2 68 6 32 0 81 4 42 6 8 2 13 9 56 2 24 1 67 3 19 1 31 5 70 0 18 6 3 2 94 7 98 8 29 0 58 7 48 4 42 9 50 2 3 5 67 1 77 4 49 2 55 4 7 9 35 9 70 7 2 4 67 8 70 1 41 1 16 2 65 3 33 6 55 1 16 3 37 3 13 0 97 5 45 9 35 4 61 1 11 4 45 0 10 0 64 1 50 1 76 7 86 
80 1 33 4 95 9 15 9 37 9 49 0 18 5 63 1 78 7 64 3 55 3 71 6 25 1 100 3 29 3 8 7 20 5 100 6 74 5 21 0 5 0 32 0 41 8 17 9 100 2 90 8 23 2 49 5 20 7 87 6 66 4 81 5 40 4 10 9 88 7 18 9 45 6 15 5 14 9 56 4 72 8 91 7 88 9 63 2 94 5 95 7 67 6 74 0 94 1 25 9 68 9 20 9 10 0 82 4 24 3 1 8 61 6 25 7 40 2 92 1 45 4 6 9 63 4 74 8 49 7 47 4 72 9 25 3 55 0 57 1 15 0 23 1 19 9 26 5 11 8 74 9 86 0 44 4 14 7 67 1 81 
80 2 83 6 84 6 58 5 7 5 93 3 49 3 61 0 53 9 83 6 35 0 27 8 19 8 20 5 23 0 63 1 41 3 44 6 1 7 36 9 54 1 100 5 9 8 81 3 81 4 63 8 25 0 5 0 13 2 26 1 83 2 20 1 32 6 60 8 27 8 31 0 73 5 49 5 37 1 47 5 4 6 9 1 88 5 2 9 1 1 86 7 93 9 60 2 63 1 64 2 77 0 53 1 58 0 25 0 6 2 55 8 12 7 33 8 63 4 45 1 20 8 24 9 70 4 90 3 48 2 1 2 63 1 98 8 7 0 59 2 76 9 69 1 42 3 18 9 96 5 4 1 32 6 67 2 24 5 22 5 88 
