10 10
80 9 95 8 45 4 29 8 51 1 18 1 61 3 8 7 9 0 10 4 97 1 26 9 26 1 88 3 87 8 10 8 28 7 21 4 54 9 36 1 4 8 40 5 51 2 85 6 25 4 13 4 13 4 88 1 89 1 55 3 96 8 35 1 85 0 59 7 84 8 71 9 65 9 16 1 54 2 58 6 55 9 78 0 36 3 18 0 14 9 29 0 84 9 82 4 67 0 33 8 35 7 90 0 44 4 57 7 46 3 4 5 76 2 28 3 27 9 94 2 52 1 46 5 1 4 63 1 75 9 64 0 86 5 38 9 34 6 56 3 2 8 26 8 71 4 57 9 66 0 73 6 18 5 14 8 27 1 67 9 58 
80 9 80 0 75 2 98 6 93 4 20 6 54 5 56 0 30 6 6 8 14 0 96 0 93 9 85 2 44 3 81 5 81 0 50 6 11 3 17 6 38 5 96 2 78 3 60 0 98 5 12 6 41 1 91 2 17 3 69 1 6 0 99 9 53 8 30 1 25 4 36 2 99 8 99 9 65 0 86 1 86 6 52 4 66 1 59 7 98 4 40 8 1 9 93 2 28 7 29 3 92 2 35 5 16 5 98 5 70 2 96 7 72 7 14 7 79 0 32 7 83 2 61 9 20 9 68 9 80 2 10 8 78 1 21 8 57 2 12 9 99 7 50 0 27 2 57 0 35 6 78 1 98 5 29 1 78 3 10 0 74 
80 3 80 7 55 0 28 3 11 9 32 2 17 4 61 9 1 8 65 9 60 0 79 3 33 8 78 0 72 9 80 9 60 0 23 7 98 4 74 3 67 9 28 6 6 9 75 8 7 2 61 6 82 9 46 8 76 3 4 0 64 5 56 7 55 4 32 9 62 0 51 2 75 2 76 0 65 1 72 9 41 9 89 9 89 0 48 4 69 9 60 4 83 2 46 9 11 1 40 2 94 5 78 1 29 9 100 3 52 3 74 5 76 4 35 2 59 1 47 7 7 8 32 5 35 2 7 7 50 6 27 1 81 5 100 1 25 3 14 4 55 9 96 3 76 3 12 8 28 9 68 9 1 5 59 8 61 1 80 4 85 
80 3 38 2 7 8 97 9 24 5 3 6 70 1 11 5 46 7 27 2 36 7 57 0 43 2 28 3 85 6 1 6 99 6 85 2 78 1 29 2 2 0 50 6 33 3 12 0 52 4 84 6 65 4 10 1 6 6 79 1 56 6 75 2 40 1 36 0 9 5 72 0 34 7 32 0 45 7 83 0 49 1 76 4 1 3 52 3 81 7 65 9 96 2 7 3 21 6 7 9 30 4 60 2 92 6 54 8 25 0 27 1 39 0 91 2 58 0 7 1 54 2 73 1 73 8 42 9 78 2 24 5 85 8 98 7 65 0 91 8 33 6 6 5 47 8 33 7 18 2 18 1 49 9 55 3 98 4 27 0 39 
80 1 53 7 4 4 40 6 57 8 100 6 99 0 92 1 21 0 55 6 81 2 1 8 3 4 45 2 31 6 12 4 47 5 22 3 42 4 17 8 71 1 60 3 87 2 74 4 21 4 58 5 82 2 45 7 54 3 78 0 34 0 53 6 51 4 43 0 95 2 68 9 41 2 98 9 27 5 14 5 69 8 85 0 52 9 3 0 34 3 63 2 81 2 42 6 82 4 49 2 14 5 13 6 6 6 88 6 38 3 4 9 3 1 1 5 52 4 59 5 27 7 28 7 72 5 29 2 27 5 40 8 25 3 70 6 53 0 91 4 18 4 36 9 7 6 76 2 27 8 2 7 15 7 94 1 96 9 53 6 75 
80 0 84 2 29 0 67 0 57 5 19 8 61 4 96 2 39 1 53 8 13 8 49 6 44 1 57 7 31 7 37 5 93 7 42 5 12 1 88 4 65 3 49 1 37 0 100 9 91 9 3 6 100 0 46 8 38 3 66 9 9 5 80 1 89 4 10 9 78 5 81 1 36 2 9 7 78 0 10 8 42 4 45 5 62 0 95 7 78 1 71 5 63 9 59 8 34 9 44 2 34 5 59 5 2 4 51 6 24 0 57 4 40 3 50 5 49 7 81 7 47 3 97 5 28 2 47 7 81 6 7 0 20 3 50 6 93 0 11 5 86 4 67 5 14 8 70 3 14 4 93 9 59 2 64 7 42 8 91 3 25 
80 8 81 7 93 8 78 2 36 4 47 6 38 5 50 1 30 9 17 3 10 2 82 8 6 8 40 1 21 8 95 9 24 2 53 5 57 3 98 0 2 1 35 6 4 9 28 5 8 3 7 3 3 0 66 5 27 5 53 7 75 7 10 7 59 4 5 7 9 9 36 4 48 5 2 7 4 6 46 4 34 4 94 9 33 8 3 6 46 8 3 4 91 3 58 4 58 3 49 1 25 8 42 5 85 8 59 0 64 8 66 4 26 1 98 1 25 3 35 7 66 7 63 9 56 4 2 7 7 3 61 6 7 8 88 6 78 9 5 2 81 2 29 4 9 0 14 8 48 1 18 6 11 1 42 8 72 4 80 5 93 
80 5 12 1 42 7 54 9 40 6 56 0 2 6 24 0 69 8 60 1 35 5 100 4 10 5 20 2 47 2 97 6 70 7 49 6 9 9 44 3 48 9 21 0 89 8 87 0 73 1 29 3 27 6 60 6 3 2 6 7 87 5 76 5 93 0 3 6 27 4 57 0 90 3 38 8 81 5 68 6 21 4 77 0 1 5 16 4 44 9 7 2 12 4 60 7 15 3 24 9 64 0 77 5 60 3 95 5 64 2 37 5 20 3 54 3 66 5 95 2 7 4 9 4 84 4 58 0 72 7 45 2 79 1 17 9 46 9 59 9 80 7 38 2 18 0 65 3 21 4 4 6 77 2 45 9 87 6 91 9 80 
80 6 39 8 76 9 92 9 30 6 88 9 78 9 70 8 52 4 76 9 33 0 92 3 82 0 30 4 81 9 63 3 27 4 67 0 47 3 57 2 55 6 91 9 84 6 85 8 90 9 16 2 89 7 30 4 42 9 77 8 75 1 75 4 76 6 42 1 77 9 26 9 52 5 51 5 66 4 95 6 92 5 14 7 82 7 36 7 50 9 87 8 98 3 5 0 37 9 9 4 63 6 18 7 88 3 55 2 23 6 100 3 49 1 52 4 30 8 50 9 16 4 58 6 10 1 5 9 47 2 54 6 48 1 95 1 86 3 22 0 31 6 7 7 100 1 73 7 68 9 23 5 28 0 86 0 8 2 77 5 15 
80 9 21 8 36 1 47 2 81 3 30 5 23 8 55 9 91 5 88 6 79 9 61 6 40 3 85 9 16 8 79 1 20 5 43 4 81 2 97 5 42 4 19 5 97 6 23 7 83 6 96 6 25 7 8 7 98 3 11 3 27 0 66 2 39 8 59 9 43 7 23 2 49 7 48 8 22 0 30 4 75 9 65 2 10 1 30 9 77 7 65 1 92 1 63 4 43 0 2 0 67 9 7 7 88 7 14 9 37 3 56 3 82 3 7 2 48 5 85 5 84 3 36 7 37 1 67 7 78 7 27 4 10 2 34 2 63 1 76 5 14 3 56 5 15 0 36 7 26 0 56 0 25 4 78 8 16 1 26 0 51 
