10 10
80 4 67 2 16 2 60 9 39 2 46 2 37 3 61 8 97 3 21 5 95 3 1 4 37 7 15 5 81 5 3 8 57 0 5 9 58 2 3 0 74 8 67 9 94 5 71 1 46 7 49 4 67 8 32 2 98 8 21 4 8 1 53 8 100 5 83 0 83 4 68 3 22 3 25 5 44 3 84 4 47 6 14 4 25 1 79 7 100 6 68 3 97 3 26 4 32 7 38 9 63 3 43 3 26 5 71 1 3 0 63 6 27 7 15 4 92 2 32 9 5 6 68 3 39 2 78 7 12 8 28 1 39 5 49 7 14 6 23 6 76 2 15 9 24 4 90 9 1 2 93 5 18 9 83 2 84 4 11 6 45 
80 8 72 8 8 7 97 5 59 7 80 4 39 9 72 0 95 2 38 5 31 7 19 9 43 0 75 2 44 3 67 6 31 8 47 2 25 3 93 7 19 7 32 7 22 3 70 5 18 8 6 9 29 5 16 2 29 2 37 7 41 4 97 8 1 8 63 5 93 9 23 2 44 9 14 6 67 7 21 0 86 6 11 7 2 3 78 8 28 2 54 3 30 6 29 8 23 8 70 5 63 9 74 9 4 6 6 7 21 7 73 7 36 4 88 9 80 6 6 7 7 8 67 4 4 2 6 9 90 5 83 4 89 2 96 9 59 9 60 9 88 1 37 3 17 6 23 3 44 6 37 8 72 2 5 0 28 7 55 8 99 
80 5 35 2 66 4 44 8 95 5 16 9 77 4 37 5 42 3 29 7 50 0 26 9 76 0 54 6 67 5 59 5 40 6 37 9 97 3 77 8 72 6 8 1 53 1 52 5 97 8 53 4 45 4 57 6 93 1 94 9 15 0 26 7 98 4 97 9 100 4 82 9 25 5 7 2 33 6 81 0 26 0 54 2 81 5 77 6 25 3 100 3 41 5 78 5 86 1 49 0 77 4 58 5 18 2 6 3 27 3 45 7 92 9 59 0 5 5 80 1 77 6 44 4 82 8 64 8 99 9 20 5 15 3 47 2 87 1 70 4 37 3 91 6 40 2 82 0 53 9 42 9 93 0 71 5 79 1 56 4 5 
80 2 83 0 85 5 41 9 34 8 6 8 60 0 93 0 7 2 16 3 73 2 20 3 22 2 22 7 79 1 47 1 14 5 10 5 16 0 53 0 92 2 21 3 59 2 24 0 36 8 79 2 30 2 52 1 39 7 11 2 83 6 83 2 77 0 30 8 6 6 27 4 43 1 4 4 54 9 54 1 87 3 69 0 92 4 73 9 19 7 60 8 45 5 76 6 50 5 79 5 24 6 34 2 33 7 90 4 100 2 54 5 44 8 57 0 57 1 39 1 100 1 5 8 83 8 17 9 25 6 51 6 96 1 64 5 6 0 39 4 51 2 72 9 98 9 96 5 70 7 17 4 42 0 4 0 90 9 29 0 76 
80 2 20 0 51 9 55 2 65 3 31 7 100 4 70 8 45 4 70 9 17 6 20 8 74 7 9 2 54 2 43 8 99 8 89 8 1 6 85 2 7 0 53 0 99 1 88 1 77 8 22 2 100 1 17 4 59 9 82 5 90 5 83 3 56 9 25 6 90 9 26 1 73 8 86 6 59 1 50 4 14 2 82 9 41 9 63 0 81 1 47 0 30 1 18 9 6 1 91 7 80 4 64 0 85 3 6 9 26 5 1 1 30 5 47 1 90 5 40 9 69 5 59 2 100 8 77 9 69 7 27 5 75 9 5 8 22 7 22 2 94 4 78 5 80 5 71 5 81 2 23 7 25 7 95 7 18 8 81 1 77 
80 8 81 2 68 9 70 3 65 7 19 8 93 1 40 9 86 9 88 1 87 1 84 2 61 8 43 5 92 5 49 3 12 5 89 8 10 0 50 8 34 4 92 3 36 7 70 3 55 0 20 1 15 6 19 6 65 2 99 9 82 3 68 7 37 8 71 6 8 2 48 9 79 9 14 0 92 4 64 8 76 7 12 0 100 2 35 1 65 2 88 0 20 5 17 0 25 7 93 9 24 9 12 6 86 2 59 9 50 3 86 0 33 2 5 2 7 3 13 8 78 6 40 8 87 4 56 8 22 9 1 8 43 0 30 7 54 1 37 6 25 2 84 2 80 6 8 0 22 2 23 2 5 0 6 2 49 4 28 7 7 
80 2 80 2 25 1 39 4 46 9 63 7 16 2 15 3 82 7 37 7 62 1 20 7 4 4 56 3 11 9 34 1 13 9 9 2 71 8 46 7 52 7 36 2 62 0 21 2 19 4 86 1 9 9 15 6 27 0 1 8 19 3 41 9 39 3 64 7 12 1 63 0 43 3 67 3 34 1 24 9 69 3 43 5 67 6 30 9 68 5 22 9 76 9 90 9 72 0 44 1 45 5 40 9 22 4 5 1 47 9 42 4 42 5 20 5 82 4 92 9 25 3 87 3 26 4 83 1 66 9 37 1 68 9 19 9 75 2 87 8 14 1 26 1 30 5 11 7 30 7 86 3 53 2 80 1 31 7 99 2 13 
80 4 44 0 6 0 49 5 88 1 21 9 29 8 83 1 85 4 95 9 70 7 62 0 55 4 86 9 3 8 44 2 45 3 6 3 35 5 59 2 16 6 23 6 95 1 78 4 14 5 17 8 26 9 39 8 29 1 51 1 53 2 5 4 85 7 19 4 85 5 43 5 34 8 64 8 10 8 51 7 17 9 17 3 97 1 60 7 61 7 49 6 88 0 91 8 11 3 36 4 42 2 87 8 16 4 41 1 95 7 74 4 79 0 85 2 46 9 8 3 48 9 29 9 58 2 88 9 63 8 92 1 5 8 97 8 14 2 70 2 96 4 99 4 4 8 80 4 59 5 71 9 62 2 25 5 96 1 24 6 35 
80 6 93 2 85 6 63 2 30 1 15 0 28 8 15 8 7 8 53 6 54 7 54 2 14 8 86 4 78 1 83 1 30 3 99 9 32 4 41 7 67 2 2 7 86 9 9 5 43 7 93 7 94 4 41 8 62 6 98 3 16 2 25 5 46 4 45 4 49 7 91 8 92 2 22 4 29 4 17 2 28 2 29 9 89 8 39 4 60 4 99 2 28 2 67 8 36 0 75 2 82 4 90 6 88 4 38 1 62 4 95 5 45 8 90 0 39 4 71 7 8 8 15 9 70 9 33 4 83 4 81 6 19 2 27 9 28 6 66 9 38 9 86 0 11 1 62 6 29 2 85 7 91 9 8 0 38 9 4 0 6 
80 1 28 8 45 9 73 3 20 2 16 2 65 4 66 6 41 5 1 0 29 6 70 0 22 3 22 3 7 3 45 1 48 2 59 3 7 3 88 3 12 2 25 3 4 6 80 7 82 1 75 7 21 9 35 8 85 6 12 9 45 0 87 5 4 5 31 7 64 0 69 7 98 4 70 4 47 2 53 6 50 8 86 9 59 0 54 8 42 5 46 7 45 9 72 1 68 5 51 0 26 0 6 0 54 2 50 0 75 5 58 0 33 7 68 2 11 5 7 1 54 5 28 6 49 4 93 5 27 0 15 1 81 6 53 1 35 4 22 2 99 0 78 1 65 8 8 2 43 0 48 0 68 7 67 5 1 9 19 1 51 
