10 10
80 6 2 6 93 1 88 9 26 0 5 4 16 5 28 7 14 1 5 5 50 3 62 5 79 8 52 8 35 5 43 3 11 3 8 3 71 8 6 0 83 3 90 7 90 4 68 7 69 7 94 0 16 5 21 0 9 5 93 6 44 7 28 8 27 5 97 1 17 8 78 1 52 7 47 9 22 6 2 7 86 3 1 5 32 3 20 6 39 2 98 6 85 6 80 8 71 7 31 1 99 7 61 8 19 2 74 2 35 8 24 7 19 9 45 7 21 6 18 4 37 5 100 9 74 4 79 6 6 0 15 7 99 7 22 5 2 2 98 6 45 6 93 4 92 6 9 4 58 4 79 6 98 5 5 5 64 6 78 4 44 
80 7 26 3 47 5 53 0 65 8 20 7 55 0 9 1 48 3 29 0 37 4 3 9 26 4 23 2 90 2 22 1 86 6 31 4 2 7 98 7 66 4 98 0 97 0 2 2 80 1 71 4 30 5 92 1 23 4 52 0 96 4 12 8 89 3 56 2 76 8 66 4 66 3 94 1 91 4 86 8 22 9 75 0 68 8 6 0 47 0 80 9 29 6 15 9 32 7 82 6 74 4 52 4 52 7 90 4 65 4 68 8 50 5 90 9 53 4 60 5 11 6 57 3 74 1 43 7 53 0 91 7 64 0 10 9 51 9 94 9 63 0 71 4 16 7 41 0 14 8 47 7 48 3 2 0 83 4 8 0 83 
80 2 1 7 76 9 83 5 15 4 15 4 35 4 61 6 63 0 29 3 40 9 20 0 36 7 57 0 61 5 88 7 48 2 34 7 20 4 6 1 33 4 62 3 25 6 63 8 14 9 32 7 43 6 51 7 8 6 80 6 92 6 24 9 35 8 25 8 13 1 65 8 57 8 93 6 85 7 14 6 29 6 89 9 60 1 9 9 63 5 27 4 8 9 80 7 42 2 73 1 81 3 39 5 53 2 39 2 56 5 32 2 8 0 45 4 94 3 31 3 49 1 92 7 24 1 54 7 79 3 94 0 37 1 77 9 20 1 1 5 81 4 79 7 15 0 83 6 26 4 36 0 48 1 100 3 92 9 58 6 41 
80 2 85 2 33 3 92 3 58 5 5 0 30 4 85 9 19 6 24 8 60 5 87 0 82 0 7 9 67 3 85 9 14 9 59 3 76 1 99 5 37 5 32 1 85 5 40 6 38 8 27 2 64 7 57 2 87 5 52 3 73 4 1 2 70 8 39 4 79 3 34 1 91 0 52 1 65 9 44 2 74 5 50 8 36 0 4 0 54 8 67 4 72 2 13 7 24 0 40 9 42 0 62 9 56 1 4 1 77 8 18 3 24 5 79 9 55 2 53 1 60 9 12 9 75 3 78 5 25 6 90 7 98 5 95 2 67 8 70 7 61 2 29 1 65 2 30 0 40 8 20 1 36 5 30 1 76 6 91 3 41 
80 8 83 5 20 9 6 1 1 1 17 8 93 3 27 5 86 1 32 2 63 1 12 4 5 4 16 7 69 6 54 6 68 4 54 2 33 5 40 2 69 9 31 2 64 7 53 1 40 3 43 2 38 7 66 2 48 8 75 7 46 5 68 8 82 7 84 9 8 0 62 2 71 6 86 0 40 2 56 6 32 0 9 5 18 2 49 0 82 7 58 6 13 1 21 0 27 6 20 7 97 0 10 0 86 9 19 2 92 4 33 8 17 4 90 2 15 4 69 3 20 0 40 9 96 6 35 8 53 9 24 2 66 0 17 5 26 1 35 5 52 5 25 0 47 1 73 4 96 7 59 5 96 6 55 9 100 9 62 5 9 
80 1 45 5 86 4 100 4 68 7 16 8 43 6 43 4 46 1 73 0 60 4 52 7 44 5 92 5 53 7 3 6 59 6 52 0 13 8 21 5 38 1 36 9 43 0 30 5 2 5 40 2 5 2 35 2 53 1 97 7 61 5 35 2 73 6 86 7 52 3 74 7 15 0 95 5 70 9 22 1 88 3 30 1 70 2 12 7 16 4 46 3 38 0 77 8 57 8 16 5 7 2 31 2 88 5 29 7 32 1 20 3 64 6 55 8 1 4 26 6 71 4 90 2 7 4 31 6 89 8 35 7 69 7 14 6 31 5 67 5 15 6 2 8 62 0 45 7 19 9 63 7 1 5 100 9 66 4 43 8 55 
80 3 22 0 81 2 22 4 95 4 52 6 53 3 25 9 75 1 100 5 14 3 29 4 69 2 88 0 62 0 79 2 49 6 80 9 43 7 40 3 50 8 16 7 62 8 73 6 36 1 21 0 64 4 41 5 47 2 99 1 76 8 33 0 36 6 59 3 33 3 33 1 3 9 7 5 29 3 100 0 41 9 13 4 21 7 33 0 52 7 74 2 84 5 31 6 97 4 73 8 64 1 73 8 32 6 4 9 58 6 63 3 41 4 15 6 28 7 87 4 43 8 37 8 35 5 24 7 82 1 100 0 81 9 74 7 100 3 38 8 99 6 13 7 72 9 47 1 35 8 34 4 27 4 69 4 60 2 84 9 86 
80 3 81 2 100 5 58 8 35 4 56 3 78 6 95 9 38 1 43 6 98 6 81 5 60 5 98 8 100 4 61 6 18 5 84 7 58 2 45 0 82 3 70 7 57 5 33 6 36 9 48 0 30 9 44 6 73 9 11 4 77 9 97 7 65 9 24 8 50 9 26 0 39 4 48 8 26 8 70 0 12 6 94 7 5 1 96 8 55 3 69 5 90 7 36 5 36 1 77 4 61 0 7 8 55 3 26 8 36 2 80 0 1 6 3 5 54 0 39 2 62 1 77 9 49 5 50 6 48 9 51 1 72 1 59 7 24 3 78 4 41 9 99 2 80 7 51 8 75 6 9 7 77 4 55 7 80 4 14 2 96 
80 5 62 9 20 9 80 0 65 0 71 4 78 8 72 6 14 3 80 2 42 1 60 5 32 7 45 1 89 2 44 6 74 4 9 0 24 4 30 6 62 1 97 6 54 0 55 8 96 2 92 7 97 7 4 5 87 7 78 0 52 9 60 5 22 2 59 6 35 5 85 8 72 6 63 9 66 0 37 4 14 7 43 0 39 0 71 9 48 5 99 8 51 4 77 3 9 0 79 2 9 8 66 0 93 0 30 2 52 8 85 5 26 3 20 2 95 5 17 1 39 1 78 8 93 3 13 2 84 3 97 9 53 5 26 5 79 7 6 6 58 7 55 5 80 7 77 3 76 8 9 2 88 7 24 8 10 3 8 0 48 
80 6 28 1 15 0 80 8 77 7 41 6 24 3 21 3 43 0 73 9 61 5 14 3 43 1 7 4 3 9 47 4 70 7 60 7 89 2 16 4 85 5 96 9 63 3 13 3 46 2 44 9 81 3 72 0 60 5 3 2 57 6 74 7 82 1 23 0 45 3 15 5 73 6 15 3 97 4 45 9 19 4 59 0 85 6 93 9 77 3 53 5 36 7 39 1 45 1 4 6 39 6 97 0 33 1 1 3 45 0 55 6 70 6 10 9 33 7 88 9 50 9 26 7 28 3 32 2 27 8 84 2 7 4 4 9 23 6 22 9 82 8 74 8 39 4 99 3 1 1 85 3 17 8 16 9 67 5 93 1 43 
