10 10
80 4 15 8 91 4 63 4 71 9 62 2 93 9 72 8 53 8 35 0 68 6 16 3 2 4 97 9 63 2 18 9 94 7 73 7 42 2 61 2 1 8 43 3 87 6 21 2 98 0 30 0 15 7 53 5 42 8 60 2 12 7 63 3 68 2 83 4 1 6 18 6 93 3 99 5 66 4 13 2 2 0 24 2 27 9 66 7 76 2 75 8 2 9 9 0 38 3 30 5 29 8 77 2 79 7 7 9 61 7 5 9 57 1 39 2 13 4 72 7 76 8 66 3 83 8 93 7 92 5 41 9 79 9 31 3 11 4 47 1 38 0 95 6 15 5 12 9 35 3 74 2 92 7 38 9 10 8 44 7 65 
80 0 89 2 83 2 25 7 61 5 85 0 13 5 12 0 18 0 15 6 98 7 76 7 18 0 88 2 53 0 65 2 69 2 5 3 6 1 46 1 63 5 11 3 46 3 41 1 2 4 85 4 16 4 22 3 31 5 28 5 89 9 39 1 80 3 69 6 73 9 87 0 33 6 73 4 61 8 47 7 89 7 93 0 40 7 4 0 26 8 73 1 15 9 17 8 12 5 65 3 73 5 76 9 77 8 91 7 46 6 76 6 64 3 79 3 86 5 47 1 51 4 17 5 35 0 57 7 64 4 5 0 56 8 60 0 31 1 1 2 58 8 85 1 22 3 43 8 51 1 12 3 5 4 62 3 76 4 85 8 47 
80 7 68 7 5 6 79 8 69 0 47 4 38 5 10 0 99 4 75 7 26 4 2 6 52 4 35 3 86 7 100 5 64 8 49 9 70 5 73 8 26 0 70 8 21 5 73 1 9 5 88 6 97 7 68 5 66 3 71 7 84 5 93 4 55 0 9 6 92 4 36 3 41 2 75 4 80 7 2 3 81 6 24 2 95 3 8 7 50 3 26 4 12 5 47 5 24 7 14 7 100 2 61 0 18 4 24 8 77 9 75 6 48 1 21 6 89 8 46 9 29 7 76 4 47 6 39 8 35 2 17 7 28 1 45 8 47 1 20 4 12 7 5 7 11 8 90 3 6 4 42 4 57 1 33 9 64 5 25 6 17 
80 1 17 8 62 3 25 8 58 2 13 4 72 5 3 2 80 1 75 6 91 0 94 5 88 3 19 8 9 1 15 7 47 8 20 1 83 2 14 8 47 0 48 6 19 7 79 2 19 9 29 9 41 5 91 7 90 5 49 4 30 2 54 7 8 2 53 7 78 1 89 4 80 5 45 6 46 6 51 5 88 2 35 6 24 1 35 4 70 0 3 4 74 0 58 1 39 5 23 3 57 3 12 7 49 0 60 1 19 4 100 6 98 0 16 3 100 7 70 1 28 5 92 5 78 2 21 0 49 0 27 4 9 3 2 7 60 0 86 9 26 3 59 9 25 7 95 5 78 2 49 3 34 3 98 4 2 5 78 3 23 
80 2 6 6 76 5 24 5 100 3 90 6 20 5 34 0 6 4 73 2 53 6 36 8 17 7 4 1 82 3 11 1 6 9 19 3 90 1 5 5 82 7 62 3 59 4 24 2 91 1 96 5 87 8 17 7 1 3 36 0 86 8 88 0 85 5 36 1 6 9 49 8 8 7 67 4 13 2 80 8 14 6 35 7 79 7 89 0 72 8 27 0 90 7 44 1 96 1 37 5 23 5 30 1 46 5 39 7 70 9 12 8 59 3 60 1 22 7 72 9 19 8 9 7 65 3 70 0 68 4 20 6 39 3 21 7 81 6 58 3 20 6 67 2 55 0 34 9 16 9 24 2 100 8 75 3 79 6 45 8 69 
80 8 46 0 99 5 95 6 69 7 89 2 61 0 6 1 71 2 43 0 12 2 54 9 70 9 44 4 66 9 86 5 5 0 93 8 69 4 17 9 9 7 47 1 34 7 30 3 61 5 83 2 78 9 57 3 73 1 57 7 47 7 58 4 37 3 26 6 88 1 77 9 57 1 49 5 77 3 62 0 71 0 84 9 58 5 83 4 36 9 50 7 1 5 36 3 35 5 73 5 74 0 86 6 39 0 63 6 50 3 36 9 1 8 55 2 85 2 47 3 26 2 45 1 86 5 25 3 84 5 32 3 39 5 39 2 30 6 45 9 95 5 97 8 79 3 17 5 17 3 60 9 81 2 94 4 71 0 3 3 4 
80 2 89 8 89 5 100 7 78 3 38 0 43 7 38 6 22 8 9 0 86 9 18 5 36 4 73 6 11 3 58 5 33 5 85 9 11 4 87 7 3 3 79 3 29 7 42 0 62 9 70 3 28 9 65 7 1 7 72 9 12 7 93 1 9 6 79 9 21 0 80 4 12 7 24 9 72 7 22 3 26 7 27 0 63 6 4 9 46 6 31 6 52 5 20 1 100 9 9 3 17 3 31 4 90 6 25 0 36 6 71 7 98 4 76 6 58 8 27 8 50 6 80 0 56 0 3 7 98 1 87 9 93 2 97 2 31 8 14 3 51 3 80 9 80 1 34 4 34 4 90 8 68 0 59 0 86 5 57 5 20 
80 7 53 6 29 5 45 9 99 3 90 6 77 5 33 7 65 9 34 0 68 5 59 1 9 9 84 5 70 3 45 3 66 1 14 8 33 8 38 6 80 7 51 1 63 2 63 2 82 7 37 5 20 8 22 3 99 7 50 7 88 7 9 4 28 3 4 9 13 8 90 7 12 3 93 2 27 8 88 4 16 0 82 8 87 3 45 9 26 3 36 0 23 0 34 8 59 2 6 5 91 2 58 3 16 8 45 2 31 6 84 7 48 6 85 7 14 6 11 6 92 8 70 2 61 3 40 4 55 7 43 3 98 7 82 5 40 6 55 1 3 0 9 5 66 6 68 5 17 4 85 4 69 1 77 4 11 7 98 9 88 
80 8 32 9 34 8 59 2 62 1 100 7 68 2 83 4 47 9 45 7 73 8 61 6 23 0 63 3 94 7 9 4 27 8 43 3 61 9 67 1 88 1 93 3 46 4 86 7 80 5 16 6 22 8 24 9 30 7 4 9 92 1 96 9 28 2 32 4 20 1 35 3 21 7 40 6 72 1 82 1 43 4 21 5 62 8 12 9 90 5 10 7 72 0 93 2 76 0 85 1 76 8 64 6 15 5 36 7 61 5 44 3 41 0 25 9 95 5 40 8 78 1 70 8 47 3 37 9 29 9 57 1 11 5 17 6 89 7 47 3 13 1 69 6 26 3 8 0 48 1 18 0 56 8 60 5 89 7 82 9 74 
80 4 72 9 84 0 37 7 72 0 49 0 32 7 43 4 4 9 51 4 73 1 8 7 54 1 4 7 37 5 91 3 3 4 90 2 77 1 2 9 70 0 16 6 76 7 98 7 83 6 25 4 15 7 31 4 98 6 23 0 97 6 69 9 61 2 59 3 12 0 65 8 64 1 25 1 12 1 79 1 100 1 5 4 85 4 32 1 100 0 59 8 76 0 76 7 10 1 81 0 62 4 81 1 1 7 34 9 8 5 40 8 24 9 100 9 84 7 83 9 13 6 17 4 91 3 64 3 49 4 17 7 81 1 46 8 38 7 63 1 94 5 16 5 64 5 50 2 75 7 15 1 67 9 27 8 12 6 62 0 81 
