10 10
80 5 94 9 60 2 30 9 17 6 13 4 26 4 43 2 39 8 59 8 62 6 33 3 45 2 28 8 8 6 75 8 92 3 32 8 71 6 55 5 60 0 14 7 15 8 27 2 78 2 45 2 68 8 55 6 65 5 53 6 70 0 100 2 96 9 6 9 86 1 41 6 2 0 55 8 17 2 26 4 38 0 43 4 5 7 55 9 72 2 39 2 64 2 55 3 14 5 54 4 78 7 100 5 27 1 91 7 71 2 55 9 28 4 39 4 15 9 32 1 28 5 39 3 94 1 19 9 36 0 61 9 12 5 30 9 92 3 30 9 10 9 13 5 87 4 18 0 49 1 2 5 58 9 28 8 20 3 60 4 76 
80 3 86 8 52 2 59 3 32 6 12 6 72 5 93 4 7 2 72 2 50 3 92 9 44 9 79 1 22 1 41 1 34 1 36 6 46 8 97 8 21 1 54 8 58 9 4 8 26 2 35 1 27 9 23 5 3 1 31 9 80 8 68 8 12 7 38 8 86 4 6 9 27 9 25 2 13 2 24 1 51 6 35 5 5 0 48 7 94 3 60 2 27 1 92 2 65 2 25 3 86 2 54 7 76 7 28 7 40 8 18 3 19 5 14 0 42 3 60 9 44 9 16 0 41 6 93 5 31 5 23 4 37 4 96 9 93 5 28 9 66 8 11 5 51 0 48 2 43 8 46 8 70 3 74 6 10 9 80 9 24 
80 5 38 6 63 4 3 3 67 1 54 6 85 5 85 5 4 0 46 5 28 5 75 3 74 2 76 4 28 0 82 4 94 7 73 5 63 8 36 9 15 1 98 1 80 6 17 3 38 5 21 8 33 1 11 4 36 7 80 9 44 6 77 3 20 6 38 5 88 3 69 0 1 2 9 7 49 1 73 1 89 3 65 2 81 1 28 5 42 7 99 2 37 6 40 5 7 0 34 4 47 6 16 2 26 9 39 8 38 5 32 3 82 2 46 4 54 7 32 1 57 8 81 0 99 5 97 5 14 5 46 8 54 4 81 7 90 9 3 5 81 9 51 2 9 2 67 2 34 4 59 1 39 1 37 5 47 1 87 7 13 
80 0 2 0 27 5 77 6 85 3 26 8 88 5 93 7 70 7 74 8 73 8 7 2 48 6 74 2 26 7 70 8 40 0 12 1 59 3 26 0 51 6 45 8 76 2 85 9 26 4 20 2 44 0 95 9 55 0 5 1 12 1 22 8 83 4 78 0 92 7 2 3 66 1 74 2 76 5 45 6 88 8 99 0 49 2 98 2 22 2 15 7 92 6 94 6 87 3 80 5 24 4 93 1 32 9 22 4 35 7 85 5 21 0 41 7 37 2 42 7 86 2 25 8 45 7 52 6 49 2 32 9 92 6 55 7 11 9 8 2 47 2 57 1 96 2 82 5 32 6 20 7 74 1 53 6 97 2 65 7 56 
80 2 21 7 73 2 88 0 95 6 99 1 64 0 4 4 96 4 74 4 5 8 21 8 23 1 7 9 23 1 33 7 86 5 82 0 29 4 68 3 91 2 80 7 70 5 57 8 39 5 23 2 54 9 68 5 71 4 28 6 1 0 53 0 96 3 18 5 15 1 14 4 8 3 13 9 97 2 5 0 21 0 7 4 50 2 81 9 100 4 98 1 69 2 65 0 70 2 96 5 31 5 28 5 19 7 67 5 60 0 87 6 83 5 10 3 39 8 12 0 96 6 3 6 30 1 16 6 49 9 33 9 20 8 73 8 97 4 92 3 67 6 90 1 31 0 39 6 44 7 55 3 67 3 69 0 5 6 78 8 34 
80 0 78 2 77 6 74 9 70 6 34 9 44 1 100 2 99 0 79 2 5 0 34 9 60 2 25 4 71 6 42 0 80 4 89 0 74 9 72 6 39 1 60 3 7 9 56 4 86 6 33 4 89 3 13 4 41 6 65 9 85 9 3 4 14 6 32 2 73 6 45 7 10 2 6 1 31 7 21 4 64 8 65 7 79 5 23 2 52 5 43 9 99 4 37 2 44 8 63 2 87 5 85 6 22 6 75 3 72 6 58 7 94 9 97 7 52 5 2 4 6 6 77 4 63 7 85 1 44 6 68 5 28 9 34 3 28 8 58 4 82 3 86 8 6 6 11 7 55 4 48 1 54 4 13 8 36 4 38 2 29 
80 6 40 0 84 2 16 2 76 1 52 4 77 3 96 3 18 2 62 6 62 2 9 6 67 2 6 8 51 5 95 0 12 2 61 0 15 4 79 5 63 8 18 8 89 0 90 1 79 1 67 8 77 2 83 6 28 3 40 6 97 0 18 5 91 9 16 3 67 0 69 4 74 0 36 4 49 7 13 2 51 8 18 5 41 4 98 6 28 6 25 7 79 1 90 2 82 0 31 8 68 7 52 1 46 0 44 0 4 8 68 9 3 1 21 3 72 1 15 9 69 2 74 2 28 0 3 1 39 5 7 5 22 5 28 6 81 9 88 7 95 4 97 2 79 1 9 8 35 0 54 1 80 0 89 3 34 8 40 5 18 
80 5 64 5 90 2 64 6 36 1 65 5 75 3 73 1 42 6 91 0 3 8 67 1 28 6 32 5 50 2 23 5 84 1 35 9 94 2 68 4 13 0 78 5 31 2 11 8 52 0 65 1 99 3 40 5 28 4 23 0 3 5 73 6 1 3 6 5 81 2 42 7 66 4 63 8 54 8 24 3 72 3 31 1 90 2 33 0 95 6 60 9 79 0 25 6 39 0 89 5 39 3 70 4 65 6 48 4 41 5 9 7 29 5 82 0 92 1 27 8 37 1 21 9 76 5 1 9 87 0 38 8 74 6 98 5 82 7 69 9 20 5 15 9 58 9 21 1 23 3 34 3 83 6 49 5 74 7 64 3 67 
80 3 25 6 44 3 94 5 26 4 94 8 70 2 85 9 43 3 1 9 93 9 82 9 2 5 79 8 19 7 71 2 49 0 98 9 23 0 91 6 51 9 21 6 27 5 94 7 47 9 70 4 43 6 7 8 57 7 24 4 41 6 63 2 81 0 32 0 80 4 59 9 5 7 81 6 53 4 64 7 93 1 71 4 45 6 62 3 80 2 71 0 21 9 19 6 68 7 83 8 44 8 5 7 82 7 85 3 20 3 72 5 94 9 41 4 74 0 79 2 83 7 93 6 27 2 50 0 12 0 51 8 7 1 66 1 72 6 28 5 72 1 46 3 75 6 1 8 26 1 69 7 27 7 52 0 1 4 40 5 99 
80 9 33 9 85 3 42 8 67 7 76 7 87 1 83 6 19 4 56 9 49 4 47 3 25 2 2 9 52 1 4 9 42 3 60 2 63 7 92 2 83 3 33 3 96 9 73 3 24 9 39 1 51 4 83 7 80 7 34 2 3 8 50 0 8 6 37 6 31 7 72 3 61 4 83 5 72 1 86 1 59 8 7 9 26 0 99 1 36 3 54 9 46 8 29 3 18 1 11 9 11 9 26 3 92 8 70 5 8 2 37 4 99 6 60 6 13 6 89 6 45 0 39 0 25 9 58 8 38 6 62 2 31 7 13 7 96 3 63 9 5 9 24 5 80 1 33 8 13 1 15 0 20 5 98 0 2 5 92 9 54 
