10 10
80 8 41 1 67 8 39 4 61 3 10 5 23 8 50 4 51 1 4 0 86 3 26 5 71 4 12 6 68 7 96 2 73 3 85 9 94 0 5 6 23 1 53 9 74 2 66 4 17 7 35 3 17 6 47 5 53 5 51 1 7 4 36 8 11 3 14 8 49 3 90 7 9 8 62 3 56 4 72 3 6 2 68 0 68 7 27 9 82 5 11 4 71 0 5 6 71 1 40 5 56 8 70 2 93 3 68 3 17 4 53 6 26 8 51 0 56 6 29 6 100 2 45 5 28 9 70 7 21 5 37 0 30 5 9 8 38 3 79 4 51 2 25 8 14 5 5 6 91 5 2 8 1 0 90 9 98 9 48 4 38 
80 6 42 8 73 0 40 6 59 0 61 8 55 2 30 2 90 0 100 2 15 1 27 6 31 7 82 6 83 4 69 9 70 6 58 2 12 5 18 4 16 9 69 2 55 1 37 0 82 9 9 1 94 7 71 2 15 3 100 4 89 6 85 4 72 3 77 9 27 7 92 5 95 2 98 1 2 4 20 5 72 9 76 6 8 9 44 1 74 0 75 7 30 0 94 1 81 7 98 5 21 2 20 8 5 2 53 2 77 9 62 6 68 7 44 2 56 0 20 7 22 9 14 3 7 7 24 6 22 4 39 6 54 1 54 5 75 4 30 9 44 7 41 0 55 4 90 5 94 8 62 5 20 5 84 3 33 2 97 9 35 
80 4 31 8 57 6 40 0 40 4 84 5 4 2 2 6 21 2 18 8 37 1 82 7 45 3 31 6 82 4 19 2 88 2 28 6 66 1 37 4 22 6 49 9 67 0 7 1 24 0 61 1 79 8 14 1 64 1 99 4 49 0 62 6 4 8 52 3 9 5 2 3 29 7 41 4 87 2 52 1 50 2 15 4 31 8 20 7 46 6 20 8 4 8 27 8 28 7 8 4 7 9 60 5 53 1 70 5 77 4 12 1 67 1 22 1 100 8 46 0 61 0 97 1 93 7 85 3 75 6 94 6 25 1 18 2 37 2 28 6 72 5 30 1 38 4 48 5 29 1 65 8 77 9 75 2 49 6 73 1 63 
80 4 67 3 8 6 15 7 66 9 49 2 67 9 26 7 23 6 59 3 17 6 85 9 88 6 45 1 9 5 98 3 43 8 16 6 64 4 12 8 27 6 88 4 56 8 41 4 85 7 84 2 92 4 22 4 43 0 62 5 51 9 51 7 18 6 71 1 85 9 77 4 78 2 32 0 31 1 67 0 14 3 97 1 72 1 44 2 13 3 61 2 4 8 11 9 11 9 25 8 56 1 13 2 80 4 14 0 84 2 41 9 87 3 50 9 23 5 59 3 54 7 91 5 5 6 99 3 70 9 59 1 36 7 90 2 2 2 82 4 33 6 47 5 19 1 75 8 53 1 68 8 89 4 74 8 4 1 41 3 45 
80 2 99 7 43 2 68 2 82 3 65 0 23 3 74 1 1 8 61 4 46 3 73 6 35 0 71 2 8 0 60 6 39 7 54 4 94 7 14 8 19 5 60 8 75 6 9 0 92 5 91 4 69 4 89 6 70 6 15 4 28 1 100 2 85 5 72 3 56 3 86 4 49 5 70 0 28 1 94 0 17 3 22 1 16 5 33 5 45 2 99 3 37 9 66 0 24 3 92 8 56 2 5 1 42 8 25 2 80 1 96 4 30 4 29 5 82 7 18 3 99 6 86 6 65 5 10 2 93 8 65 5 53 0 48 5 3 6 23 4 89 3 2 6 19 2 75 1 53 1 30 7 53 2 51 3 65 1 6 1 15 
80 8 14 6 1 4 77 5 51 2 49 5 1 4 59 3 27 5 46 4 77 9 73 8 99 4 65 3 7 0 33 5 31 3 39 1 22 3 42 0 27 6 46 8 89 7 60 5 9 9 12 3 53 8 68 2 6 0 84 7 10 9 54 7 10 1 88 0 79 4 19 1 67 2 100 0 83 9 23 0 15 4 87 9 30 2 74 9 95 4 94 9 92 0 96 7 64 6 29 6 30 6 98 3 53 5 35 3 28 6 53 2 64 3 17 3 31 6 57 0 37 8 6 5 26 0 42 8 100 6 95 8 27 0 29 5 24 8 8 8 23 4 40 3 44 5 81 2 24 8 68 3 61 2 67 1 85 3 75 2 16 
80 1 87 6 17 5 94 1 11 2 45 0 73 8 45 6 3 2 88 8 83 6 86 0 6 9 95 0 96 7 23 3 42 7 39 4 38 1 74 1 74 2 2 6 48 2 28 7 35 7 38 3 21 7 77 2 95 3 7 7 11 4 63 7 42 6 44 9 2 3 22 0 1 4 52 0 58 8 26 0 67 0 25 5 17 9 55 5 87 7 40 3 97 4 38 0 82 7 39 1 19 7 37 5 84 9 8 2 70 5 64 5 7 7 86 1 26 7 7 8 82 6 21 1 13 1 24 0 82 0 12 3 92 5 93 4 45 8 100 2 36 6 77 3 78 8 84 5 13 3 87 1 93 8 12 1 22 0 80 3 49 
80 2 12 8 6 9 58 7 64 4 39 0 16 2 88 2 31 8 24 8 82 9 23 2 76 7 18 4 59 6 24 6 99 8 66 9 2 1 13 1 62 7 61 7 93 2 45 0 100 2 26 5 12 0 31 5 74 7 17 1 16 4 7 5 69 5 79 6 29 2 67 9 99 1 29 8 21 3 42 5 69 6 85 6 28 6 63 7 75 7 29 0 29 5 9 0 65 8 11 5 87 4 59 4 2 8 1 1 5 4 22 0 16 6 9 6 42 7 49 3 69 9 64 3 26 3 79 4 66 5 59 9 32 3 36 6 80 4 61 0 47 3 75 6 5 4 69 3 45 0 24 7 73 3 37 3 67 0 5 1 94 
80 6 75 6 37 8 8 9 59 8 84 1 29 2 33 6 14 1 47 7 23 1 61 0 46 5 39 8 14 3 74 9 32 9 31 6 26 6 35 6 37 0 78 9 92 5 79 4 74 4 67 8 49 0 34 7 29 9 88 0 93 6 46 9 66 8 12 3 74 1 43 9 81 4 26 6 65 2 76 7 32 7 43 8 55 3 8 0 53 8 85 2 78 2 27 7 56 8 45 9 77 0 58 0 42 7 40 5 90 8 2 4 10 3 62 8 1 5 19 3 47 2 64 4 38 9 12 7 29 9 10 2 14 5 16 3 77 1 81 9 3 2 32 1 34 0 96 9 92 7 75 6 40 9 98 8 59 1 42 9 44 
80 2 96 7 100 1 23 3 71 8 43 0 15 7 53 9 3 9 29 3 63 8 98 0 64 9 16 2 96 6 10 4 43 6 33 8 69 9 57 3 62 0 39 9 63 0 23 1 12 3 30 3 76 6 99 6 56 0 55 1 32 1 40 0 93 3 19 9 93 6 20 3 17 0 29 3 94 1 72 4 8 5 24 6 92 1 77 2 27 7 43 4 32 6 92 0 54 7 75 7 10 0 40 9 77 5 43 8 98 4 27 8 49 9 16 9 29 7 22 8 72 4 79 8 98 3 20 1 69 4 29 5 96 1 1 0 91 3 12 1 97 4 28 5 4 5 75 9 59 0 81 8 46 1 66 3 13 7 50 2 37 
