10 10
80 4 85 8 20 5 59 1 1 2 66 7 54 0 17 5 79 9 94 5 22 4 36 5 44 1 56 1 50 0 55 2 10 8 1 3 1 0 8 6 68 2 100 9 95 9 84 8 94 2 43 1 80 2 76 8 85 1 4 1 99 2 70 7 81 6 21 8 23 5 43 4 7 1 30 2 97 5 53 8 100 9 92 0 40 7 55 7 95 1 100 1 49 1 39 1 54 4 25 6 77 0 99 1 77 1 52 5 83 5 7 5 92 8 10 9 58 6 73 6 87 6 35 1 92 4 85 4 16 0 38 0 51 9 20 8 63 4 8 2 50 9 77 9 71 5 11 1 26 6 83 9 69 5 67 1 29 5 5 5 45 
80 6 6 6 60 2 26 3 100 0 33 2 19 0 92 3 55 2 53 4 26 1 54 7 79 4 18 0 24 2 53 6 59 1 49 3 37 5 37 1 91 7 85 9 46 0 61 3 34 1 8 5 44 5 4 2 78 5 21 2 79 4 68 6 11 9 86 9 42 7 31 3 53 1 81 3 21 0 84 3 16 0 10 3 57 8 53 7 83 5 6 6 91 3 76 0 63 5 16 8 45 7 11 9 19 4 24 4 82 6 91 7 70 1 6 8 77 7 37 5 72 3 51 1 22 5 16 3 60 4 41 0 18 6 35 8 53 5 29 8 51 0 58 9 33 6 49 3 100 9 21 7 7 8 1 3 78 8 68 6 15 
80 9 87 9 58 7 70 9 79 8 86 2 89 7 63 3 2 0 5 2 94 6 66 4 26 1 29 5 5 7 34 0 9 4 88 7 76 7 87 0 89 4 67 2 74 4 44 9 86 9 89 8 64 5 26 4 19 7 70 9 65 6 21 1 68 3 45 3 30 1 98 4 15 7 48 4 23 2 31 0 47 6 93 3 29 4 75 6 57 8 42 4 9 6 41 3 90 4 26 5 39 5 83 1 73 0 97 6 59 9 36 0 10 1 99 9 40 8 18 9 91 4 88 0 44 5 82 7 53 8 45 7 77 9 67 7 60 3 33 2 51 6 75 1 9 6 64 3 44 3 28 2 82 2 99 0 38 3 49 2 13 
80 9 59 4 60 5 97 4 58 0 10 3 85 0 67 8 91 4 41 5 91 1 46 2 27 7 28 6 2 9 7 2 94 0 16 4 28 9 97 6 69 1 96 6 19 3 56 1 38 6 57 8 19 7 40 8 71 3 16 4 33 4 19 0 40 7 100 2 17 9 35 9 73 4 74 0 61 0 76 9 38 1 65 3 3 0 49 1 16 0 32 4 91 3 62 6 42 1 31 2 45 7 52 3 57 8 33 1 6 3 72 3 88 0 35 1 8 1 56 4 36 7 51 7 29 6 88 8 15 4 61 5 76 7 91 8 95 7 3 8 16 4 55 6 12 3 53 2 64 6 21 4 89 0 32 6 73 2 62 3 98 
80 7 79 5 86 1 33 8 38 6 26 4 85 2 67 3 15 9 71 1 82 6 83 1 16 1 62 5 42 2 63 1 60 0 38 5 12 4 46 2 41 0 27 9 60 9 11 3 46 3 10 0 53 1 19 7 17 0 20 9 56 9 80 0 81 9 93 4 98 7 88 9 16 1 15 1 24 1 98 2 96 3 33 0 90 3 20 0 35 1 9 2 54 7 91 4 3 1 34 1 52 5 12 5 14 2 41 6 1 5 78 8 2 0 43 7 62 4 13 4 98 9 53 8 78 1 3 0 7 2 54 3 50 2 54 0 24 3 24 9 73 7 46 4 51 8 52 5 68 8 52 1 49 4 41 8 92 4 49 0 91 
80 1 16 6 57 2 22 2 90 9 43 0 67 7 52 9 34 2 70 2 54 5 80 6 5 9 96 2 16 9 86 7 23 9 25 9 73 2 82 9 66 5 83 7 85 3 24 8 36 8 8 4 75 1 80 7 96 0 8 2 3 8 84 1 15 1 37 4 71 7 94 0 100 3 95 6 6 7 32 1 82 6 100 2 61 8 7 7 16 1 83 1 17 9 82 9 39 5 83 9 13 5 46 1 40 2 28 4 87 2 69 7 76 4 22 0 19 2 14 1 89 3 5 0 30 1 14 5 27 8 48 0 46 3 78 9 76 5 100 2 35 8 24 3 17 3 38 3 48 9 18 2 96 6 92 5 39 8 94 9 56 
80 9 97 5 48 6 8 7 40 5 14 2 100 4 80 5 9 0 77 6 23 7 25 4 39 8 88 8 15 2 12 3 10 1 11 2 92 7 54 6 62 3 87 7 77 5 4 4 88 7 47 8 59 0 39 1 27 2 85 3 31 9 19 0 30 3 25 1 38 6 55 5 31 7 43 1 94 7 77 6 13 5 93 3 55 9 33 2 96 8 50 9 47 6 74 9 18 4 8 3 86 9 11 1 11 4 96 5 7 0 95 6 9 5 45 1 10 7 80 5 67 3 44 5 9 3 32 5 80 1 82 9 24 4 82 2 82 0 43 7 1 3 25 8 10 3 61 0 60 7 45 9 23 7 41 9 55 6 6 5 18 
80 3 43 8 53 1 2 7 80 2 93 4 88 6 14 1 84 4 85 3 44 9 45 1 32 1 9 8 44 3 11 6 92 8 8 2 94 6 64 2 23 4 3 0 2 7 33 2 33 8 22 7 49 9 83 2 3 9 29 0 3 4 66 3 77 5 32 8 68 2 100 1 7 5 34 6 64 2 45 9 52 7 77 4 94 1 65 6 43 8 25 2 20 1 99 4 49 6 32 3 84 8 67 5 36 1 54 5 53 9 89 6 44 8 29 3 53 2 76 6 30 0 53 5 74 6 73 9 21 4 38 9 98 6 12 4 45 6 98 5 50 8 77 8 85 5 59 6 89 2 92 3 48 0 33 1 90 0 5 9 61 
80 7 93 6 28 1 70 5 80 1 64 6 32 4 45 1 97 2 98 2 59 2 78 0 79 4 9 6 44 0 69 5 62 7 33 6 38 4 22 0 37 6 89 1 17 1 97 2 88 7 46 9 62 9 62 8 56 8 35 1 77 6 82 9 83 7 85 9 75 4 46 7 84 2 52 6 35 9 84 3 91 9 22 4 72 3 9 2 21 7 5 8 79 0 53 1 6 3 47 8 65 7 80 3 84 6 57 7 43 1 18 8 99 5 55 9 29 7 40 5 96 2 67 5 85 1 31 4 95 4 78 9 53 0 44 3 42 0 75 0 83 6 25 0 13 4 22 2 57 5 57 7 77 9 6 6 69 7 33 5 92 
80 3 91 8 8 4 39 7 14 5 13 3 67 4 92 5 34 0 65 1 12 2 19 0 71 0 22 0 47 0 5 9 40 7 91 2 83 8 34 7 29 7 32 1 85 7 9 1 87 1 5 0 6 7 31 5 23 2 38 6 18 7 73 4 66 7 41 7 86 6 93 7 69 5 44 3 22 3 61 8 1 9 22 7 100 7 49 1 83 7 65 6 8 6 51 7 25 1 26 4 48 0 91 0 72 3 100 2 59 6 22 5 9 9 53 0 75 4 11 8 59 3 2 1 72 9 97 2 35 3 28 9 8 0 48 6 45 8 98 1 70 6 13 1 8 7 54 1 53 6 34 3 84 0 12 6 92 6 46 5 57 
