10 10
80 8 64 6 88 3 61 6 67 7 77 3 14 3 69 5 3 4 70 0 58 5 37 1 42 2 20 5 55 1 11 4 82 9 49 5 83 3 88 8 94 5 8 5 47 5 97 0 45 9 93 6 18 5 85 9 25 3 7 0 47 3 96 3 54 7 1 3 97 2 83 1 71 0 48 2 22 1 71 1 40 0 19 9 50 3 40 0 78 9 10 7 83 5 6 6 73 2 88 0 25 0 78 7 42 8 12 5 64 6 5 8 81 6 32 0 49 7 28 3 40 6 54 4 39 6 10 4 82 7 79 7 22 5 10 4 83 8 63 4 81 1 56 2 34 6 1 2 63 5 73 5 10 9 89 2 57 0 87 3 92 
80 5 86 0 68 0 23 7 28 8 95 1 21 7 86 0 77 6 95 7 15 0 64 0 40 5 50 0 64 3 3 2 55 6 11 5 76 0 16 4 10 9 86 3 4 9 46 6 34 6 75 1 54 0 42 2 59 6 99 1 31 2 50 9 100 9 79 9 33 2 76 4 91 3 4 5 22 0 79 0 42 8 55 6 16 4 56 1 60 3 78 0 78 1 39 4 37 0 9 3 46 4 76 9 26 9 40 7 17 1 5 1 91 2 13 5 60 4 84 6 19 3 38 7 68 0 25 7 75 2 58 9 92 2 97 4 77 3 39 1 41 5 25 6 49 3 5 6 63 8 19 6 9 6 39 9 95 1 45 1 97 
80 0 72 9 35 1 23 4 66 3 11 3 79 4 83 5 74 4 57 6 52 2 24 6 10 0 12 6 88 5 14 3 82 3 19 5 14 2 20 9 93 1 2 9 42 0 25 3 57 5 40 7 15 9 25 8 23 5 44 1 32 6 26 1 85 3 80 9 78 8 27 2 48 2 31 8 56 6 41 5 88 1 20 1 65 4 30 3 73 4 76 8 14 8 79 7 84 9 63 5 22 3 67 8 60 0 25 4 37 5 44 8 28 3 69 0 2 4 100 7 9 9 73 7 68 7 26 9 70 6 90 6 50 1 94 5 14 6 83 8 89 2 72 3 14 9 20 3 25 1 4 9 24 4 67 5 14 7 64 0 40 
80 4 7 1 55 0 32 0 45 2 29 1 65 5 39 9 99 0 28 6 66 6 34 2 32 2 23 9 70 6 82 1 60 6 13 0 47 1 72 0 15 5 14 4 69 8 20 5 81 3 58 0 3 2 49 8 16 6 69 3 23 5 61 3 75 5 12 4 18 2 5 8 8 2 46 3 96 1 55 6 83 7 22 6 10 8 34 1 44 8 4 1 26 2 49 6 83 6 72 6 12 0 69 6 52 1 7 3 82 7 90 4 19 2 94 3 27 6 19 6 84 9 33 0 72 5 17 3 14 6 34 8 94 0 10 4 2 6 92 3 3 4 26 4 69 2 21 3 72 7 24 7 94 2 11 8 87 7 8 8 5 
80 3 83 4 42 2 15 9 75 5 24 2 26 2 57 6 76 0 50 9 86 6 32 4 39 7 99 6 51 1 35 1 69 5 52 2 44 6 31 0 97 3 81 1 20 9 68 4 7 3 99 8 15 9 70 4 6 1 64 1 6 8 51 5 11 0 29 3 46 8 70 2 31 7 84 2 34 2 99 6 37 1 48 7 61 9 47 7 53 9 55 6 3 2 31 9 29 3 67 2 4 0 94 1 5 4 1 3 93 0 83 7 56 8 26 7 17 5 16 2 78 3 91 0 70 3 43 8 24 4 9 0 63 8 100 0 96 5 54 9 5 3 44 4 76 7 4 4 30 2 98 2 67 3 20 0 7 0 12 0 17 
80 2 16 8 22 6 42 3 54 8 78 0 23 6 55 4 99 6 36 3 3 2 59 7 54 4 95 2 67 5 44 1 19 0 23 0 11 0 91 7 4 3 44 0 79 6 50 1 100 0 66 9 62 1 77 9 16 4 1 0 50 1 30 0 18 0 97 5 30 5 44 6 71 2 92 2 87 7 88 4 62 0 85 0 86 5 5 2 55 2 93 4 84 2 84 0 39 0 28 1 25 3 47 1 75 0 30 0 51 2 81 7 44 7 25 6 40 2 76 3 72 6 44 3 81 2 33 7 9 5 23 4 94 3 45 0 63 5 51 9 50 8 80 5 48 6 10 6 51 4 86 9 97 1 45 8 9 1 86 4 13 
80 4 89 2 82 4 12 4 78 3 89 6 41 1 4 2 54 3 10 7 51 5 68 0 56 7 93 6 21 5 92 7 45 8 14 6 54 9 93 2 22 3 100 8 23 7 18 8 79 5 43 7 28 5 94 9 70 6 83 6 89 8 100 8 37 1 28 2 17 0 78 4 54 7 7 5 75 3 47 7 68 0 83 8 74 1 31 5 21 4 54 5 35 1 95 4 15 7 95 3 45 4 68 9 41 0 48 8 94 1 43 4 71 7 76 9 59 9 12 9 85 3 14 7 31 5 8 1 48 4 98 3 74 7 72 0 1 8 81 7 96 2 15 9 38 7 88 3 23 2 17 9 19 7 62 1 11 6 85 6 31 
80 3 14 7 9 9 28 8 11 3 53 8 10 5 76 6 98 5 35 0 22 7 83 1 55 9 34 2 48 3 53 5 53 2 80 9 55 4 77 7 57 2 91 5 84 4 40 1 69 4 47 9 76 4 6 1 65 9 3 4 69 6 9 4 60 5 50 7 15 2 67 0 78 5 58 3 88 2 20 2 98 6 18 1 44 8 42 8 62 5 65 6 5 5 62 3 40 3 22 8 92 1 79 3 97 4 55 7 78 2 48 4 32 4 46 1 47 3 37 1 14 4 92 4 47 5 70 6 6 7 53 0 57 6 40 5 44 0 97 8 54 3 34 7 18 9 76 6 62 8 100 5 11 7 49 9 34 8 21 3 44 
80 3 23 6 54 2 13 8 3 5 72 8 76 4 80 0 58 1 40 0 23 6 11 0 78 2 45 4 84 3 10 6 82 0 41 7 18 1 68 4 87 7 11 5 56 6 82 1 63 6 2 2 87 0 72 1 12 0 3 2 19 6 41 1 100 1 1 7 91 4 40 7 17 5 22 2 61 7 37 7 40 7 56 7 45 4 31 1 40 2 46 6 71 0 50 5 75 4 89 6 62 0 33 5 82 4 54 5 75 8 89 8 7 5 73 8 65 1 46 1 50 4 20 3 14 1 50 6 98 5 42 2 67 6 1 4 30 3 32 3 26 5 1 8 97 5 26 2 56 4 29 3 54 7 14 6 29 0 37 0 1 
80 8 42 0 31 1 17 8 66 9 30 0 88 1 95 0 43 4 88 4 85 6 30 3 7 5 49 9 72 4 34 7 17 6 66 6 95 7 2 8 44 9 56 7 37 9 2 4 87 2 91 8 100 6 47 6 58 1 59 8 25 3 52 8 15 9 97 4 99 4 9 3 42 1 73 2 21 4 27 5 69 1 27 1 30 8 37 2 99 1 61 6 46 6 34 4 69 3 15 3 52 2 88 7 24 3 42 3 44 4 28 7 85 4 2 8 59 5 38 2 56 3 80 1 58 6 60 6 64 4 21 4 23 1 9 3 55 8 16 3 53 5 61 8 46 1 89 6 66 1 24 2 17 1 67 5 60 7 46 4 24 
