10 10
80 1 29 0 73 7 85 4 77 6 43 6 23 3 98 2 14 9 28 3 26 6 10 8 65 1 31 3 41 4 90 4 89 0 52 5 100 1 82 4 3 5 86 6 37 3 93 2 29 2 22 1 71 2 96 7 83 1 71 9 53 9 51 0 54 3 81 8 99 8 69 2 72 2 37 2 37 5 64 1 96 7 8 7 15 8 22 2 34 0 39 4 50 5 59 1 53 9 38 1 52 3 88 3 58 1 23 3 65 1 60 7 32 8 71 9 28 6 35 1 68 3 71 0 73 6 92 1 3 8 46 1 31 6 73 5 76 5 10 5 91 6 26 6 23 2 65 6 58 6 15 3 79 8 58 3 70 0 56 3 41 
80 8 35 4 78 0 23 9 64 7 56 1 75 4 61 6 13 0 6 1 6 2 12 1 36 1 48 2 13 7 99 3 20 8 67 5 52 7 57 1 4 2 95 4 15 9 69 7 99 6 24 9 48 7 66 5 24 0 17 0 82 4 68 1 54 1 92 3 50 0 99 1 55 1 17 5 81 9 10 7 55 1 82 7 76 0 60 4 88 1 65 6 99 8 6 5 11 4 94 9 47 2 17 6 29 5 28 1 94 4 83 0 94 1 14 1 52 9 79 0 19 9 91 1 81 6 1 6 9 4 99 7 65 3 31 1 86 8 3 1 32 3 100 3 67 4 64 2 54 3 70 2 20 0 79 7 14 2 41 9 1 
80 1 88 8 25 1 26 9 39 5 13 3 31 3 71 5 61 5 95 2 55 5 74 7 25 5 3 9 9 1 100 8 28 8 76 9 70 2 74 3 14 3 47 4 15 6 50 3 91 8 83 7 50 8 15 2 87 5 51 1 33 3 70 5 77 9 54 5 20 2 55 6 72 4 90 6 51 1 89 7 44 0 80 5 100 3 18 5 58 0 85 8 62 9 45 8 94 0 8 3 44 8 40 3 65 9 3 3 1 1 7 5 11 5 96 1 55 0 8 7 23 4 68 8 58 0 65 0 55 7 97 6 39 2 52 5 44 4 77 9 95 4 29 6 23 1 64 6 50 9 48 2 57 4 23 2 36 1 1 9 95 
80 7 21 6 24 5 19 0 93 5 38 1 57 2 30 5 51 2 44 7 74 4 15 6 67 6 49 9 61 1 6 6 58 2 3 2 33 4 20 7 100 0 56 5 7 3 100 2 86 1 3 0 72 1 67 2 83 4 52 0 67 4 74 4 4 9 61 1 34 0 71 8 19 5 94 1 26 6 16 9 81 2 44 2 1 4 63 9 49 3 27 4 24 5 61 7 66 3 32 3 38 9 27 0 9 5 79 1 26 8 27 7 68 4 63 3 30 4 72 8 24 4 14 4 92 6 61 5 93 3 83 2 16 9 80 9 2 3 63 5 49 1 6 8 88 5 99 0 99 7 39 0 79 2 30 1 68 2 55 6 69 
80 6 16 2 76 5 93 0 2 1 67 2 17 7 3 0 13 7 32 4 26 8 66 1 78 9 74 1 92 6 95 7 100 8 73 0 91 5 26 8 89 5 59 6 26 7 82 9 85 4 19 6 84 0 74 2 42 9 3 7 100 9 21 1 8 3 92 8 56 7 83 6 2 3 75 9 96 1 90 1 93 0 34 5 70 4 70 6 35 9 75 6 68 6 11 3 8 9 54 3 34 0 94 2 15 3 52 8 59 5 19 5 41 8 38 3 67 9 24 6 86 5 29 5 61 8 23 6 8 6 47 1 98 3 38 9 72 0 43 4 47 0 90 2 19 2 100 3 93 0 75 8 16 4 39 7 33 2 52 4 70 
80 0 78 6 3 6 21 4 15 9 31 9 66 8 23 5 83 2 1 7 96 7 44 3 28 0 59 3 96 9 42 0 91 0 45 7 4 7 99 4 93 7 61 2 42 6 1 9 67 9 55 4 45 3 57 5 23 6 30 6 97 3 13 3 44 2 2 9 69 9 87 7 76 1 96 0 20 4 40 7 70 7 69 2 4 7 87 6 47 9 9 9 8 7 61 6 22 7 50 5 61 4 64 6 41 8 41 7 54 4 41 6 11 7 99 4 83 1 59 0 13 8 85 1 55 9 82 9 12 1 99 5 52 5 72 8 95 3 48 8 57 0 45 4 15 2 23 2 68 3 4 8 15 5 25 1 85 1 26 1 57 
80 8 85 1 89 1 46 1 23 6 23 0 28 2 47 3 62 3 35 4 97 1 36 1 88 8 7 5 4 5 56 1 62 5 28 5 56 4 83 0 99 1 52 9 26 5 15 8 69 7 79 5 66 7 4 7 35 5 63 1 10 6 91 1 24 2 91 6 44 6 61 0 86 8 26 6 27 0 92 4 79 9 23 7 16 2 58 4 74 3 100 1 89 7 39 3 72 2 11 1 22 1 99 9 50 1 46 2 97 0 88 1 50 5 75 5 42 6 26 6 79 6 41 7 7 0 28 2 79 5 19 1 67 3 83 6 92 2 44 7 80 9 40 1 14 5 50 5 63 7 74 3 89 1 92 1 96 1 19 5 47 
80 2 26 3 97 2 27 8 83 7 60 9 47 5 34 0 80 1 24 4 44 7 22 2 45 9 87 5 36 1 78 4 90 6 83 2 3 9 46 5 68 7 22 6 5 3 49 4 88 4 80 3 58 2 81 7 91 4 76 7 94 3 13 8 19 3 23 8 36 5 29 0 25 7 55 2 20 6 35 8 1 4 99 2 88 7 14 1 10 2 75 2 7 3 98 9 23 8 18 4 48 2 86 4 28 3 52 4 43 6 61 8 36 2 71 4 16 0 95 9 42 9 82 1 8 9 11 4 80 0 40 3 16 1 27 2 9 0 75 2 86 1 10 8 100 9 67 7 10 7 16 2 79 8 58 7 10 7 77 2 73 
80 6 29 9 17 5 44 2 21 1 87 8 93 3 34 1 81 2 62 2 22 7 1 6 53 0 72 7 5 1 75 9 81 8 71 9 29 9 5 4 41 0 7 2 67 6 95 1 92 1 95 6 72 2 35 9 90 3 79 0 37 3 16 3 74 0 50 5 48 7 87 3 71 1 36 8 42 3 9 5 65 6 27 9 80 4 35 5 30 1 27 8 27 5 37 7 12 3 64 7 11 3 90 3 24 6 93 1 63 7 80 2 11 3 83 1 78 6 35 9 48 3 18 4 30 1 66 8 25 2 22 6 40 6 64 6 96 8 72 1 83 6 46 3 14 4 85 3 88 2 98 0 46 4 55 6 23 1 49 0 48 
80 8 80 5 6 8 69 0 93 6 83 4 99 2 66 0 70 7 29 6 42 9 49 7 14 7 80 0 40 1 70 8 42 2 4 5 20 1 68 9 84 9 45 9 65 0 78 3 80 2 77 3 34 5 35 6 64 9 29 1 88 2 41 9 37 3 45 6 24 0 10 1 45 9 37 5 99 9 37 1 8 8 24 2 32 3 95 1 38 1 55 4 17 3 18 7 42 4 8 7 99 7 13 5 23 2 23 2 92 1 91 7 58 5 85 8 90 0 33 3 92 6 33 4 16 0 31 3 83 2 34 6 16 9 38 5 75 8 10 5 62 5 99 7 91 1 9 9 78 4 23 0 60 2 50 3 20 2 91 2 32 
