10 10
80 1 54 9 10 7 65 6 65 9 24 4 53 7 18 1 73 8 52 9 19 3 14 7 77 4 31 2 62 8 10 2 58 7 40 8 29 2 92 6 12 7 76 9 3 2 82 7 5 9 69 9 51 7 98 4 32 1 87 3 66 5 100 2 23 7 42 4 36 2 25 2 63 1 91 2 27 9 52 2 60 5 99 9 39 5 95 7 25 3 11 5 11 6 59 4 59 5 65 6 6 8 36 6 26 3 12 6 86 3 24 6 22 2 54 4 55 0 67 2 90 1 76 4 45 2 27 6 9 6 17 7 90 0 2 7 91 6 74 2 63 1 96 7 7 6 65 5 72 0 1 9 9 0 60 7 27 4 46 6 40 
80 7 44 7 99 5 29 9 9 8 72 8 96 1 12 8 6 5 84 5 93 5 28 4 4 3 15 3 24 3 12 8 93 5 97 5 18 8 23 6 78 4 25 2 66 0 50 8 97 6 44 7 76 1 63 9 9 3 47 7 39 4 17 8 18 4 78 9 33 6 10 5 79 8 7 7 29 4 33 0 55 2 55 6 81 3 87 4 72 7 76 8 45 2 40 0 91 5 45 8 15 7 66 3 16 9 33 9 16 3 80 2 58 7 55 8 7 0 74 0 50 3 82 3 95 9 8 0 25 0 35 2 7 1 17 8 11 5 41 0 73 5 35 9 97 8 16 2 28 2 54 4 94 5 94 5 98 3 38 5 96 
80 1 58 7 70 7 55 9 44 9 66 9 92 9 63 7 53 6 94 4 55 7 4 5 82 8 7 5 7 3 94 1 52 7 81 1 5 9 16 4 82 3 98 8 7 7 47 4 24 4 53 2 31 8 11 1 35 4 45 6 58 5 10 9 51 8 43 6 88 5 87 6 4 4 80 8 82 4 24 5 21 4 61 5 60 3 7 4 81 6 47 2 32 9 46 3 46 2 48 8 80 4 49 1 97 5 89 9 45 4 20 9 69 2 19 1 79 0 2 4 83 6 97 2 72 7 48 4 67 8 16 9 52 5 2 9 9 4 72 3 63 0 31 9 53 0 57 5 5 1 83 8 68 9 34 6 29 0 63 0 60 
80 8 27 0 92 2 77 5 2 3 44 0 35 2 16 0 61 0 90 6 57 8 55 6 53 9 100 8 7 1 84 0 86 4 55 4 52 6 66 3 21 3 63 5 78 5 1 9 43 3 3 0 3 7 54 5 57 9 37 5 11 7 1 2 61 1 64 2 21 2 50 6 97 8 33 6 12 0 63 9 46 5 10 8 50 9 47 2 3 3 63 3 51 0 62 2 100 3 76 4 52 9 4 0 77 9 4 5 98 7 95 4 33 8 22 1 90 2 22 2 17 9 76 0 76 1 27 2 34 1 3 7 35 4 98 2 41 8 89 6 20 5 41 0 6 5 5 4 66 9 53 8 45 1 42 7 52 2 34 6 96 
80 7 43 8 41 8 48 5 9 4 7 0 31 2 33 3 7 3 81 8 100 3 82 2 1 4 56 4 22 2 51 3 85 3 87 9 40 0 96 7 94 3 64 7 71 4 94 2 53 1 77 1 70 5 8 9 74 6 52 0 91 3 68 3 29 6 86 9 91 9 18 8 69 6 69 8 62 4 77 1 41 7 90 3 49 3 1 5 26 1 20 5 37 8 72 4 7 9 97 7 9 2 31 9 45 2 77 7 20 6 59 0 58 1 10 6 12 7 32 4 94 3 29 9 24 2 22 0 65 9 94 5 63 4 45 1 90 6 90 0 79 2 52 8 25 9 46 4 69 7 80 8 4 8 96 9 7 6 27 1 38 
80 7 94 9 98 3 13 3 4 6 40 2 62 2 81 8 52 3 79 8 56 2 95 3 4 8 30 7 65 4 9 5 22 7 3 8 68 8 92 6 95 8 7 0 48 1 89 0 8 3 11 0 13 8 1 1 29 9 40 2 25 7 14 9 11 0 78 6 33 7 57 6 54 5 19 6 26 2 55 4 100 9 96 3 41 4 86 4 1 9 39 9 71 5 48 0 28 2 24 2 91 9 52 8 49 3 3 2 19 4 89 3 83 4 82 8 72 5 23 7 77 4 61 5 35 2 7 7 9 0 13 0 79 7 22 3 98 1 69 3 96 6 76 8 51 3 58 3 94 4 44 9 7 9 96 5 98 3 73 4 80 
80 9 51 9 25 9 36 9 6 2 83 3 2 2 19 7 95 9 27 0 39 8 100 1 7 2 45 0 8 6 60 4 38 1 33 0 71 1 71 9 74 5 27 2 90 1 63 5 22 3 89 0 74 2 56 6 41 5 83 1 47 1 57 4 12 2 84 6 18 0 12 3 85 3 81 2 42 5 5 3 96 5 7 0 35 1 72 8 57 3 94 6 4 4 17 1 80 6 40 2 14 8 30 1 51 6 2 8 64 1 89 1 74 1 25 2 14 2 6 6 57 7 56 0 17 3 75 2 19 0 100 4 85 7 80 4 87 7 28 0 4 9 100 1 64 8 86 6 82 8 9 5 91 0 72 5 14 5 95 6 26 
80 8 16 4 65 9 71 4 79 6 93 5 39 3 10 0 97 6 16 4 31 6 2 1 42 1 29 7 77 7 50 0 66 5 82 6 8 4 63 1 28 9 76 5 44 1 4 4 81 2 67 5 47 4 10 8 95 6 27 1 94 1 14 7 40 7 52 5 98 4 55 6 29 8 37 8 98 3 85 9 93 9 57 7 42 8 40 4 31 6 17 0 23 1 76 6 30 2 76 6 34 3 22 7 67 9 52 6 54 0 31 5 42 2 14 4 33 4 10 3 75 3 76 4 87 6 43 5 44 1 54 6 24 9 7 9 13 8 69 1 56 7 56 4 47 5 74 0 93 7 46 4 33 6 75 1 50 0 11 4 6 
80 2 7 7 93 5 49 3 97 3 16 8 73 7 1 1 73 3 7 8 2 4 49 2 94 3 66 1 67 3 68 1 25 0 81 8 8 7 26 0 70 7 64 2 94 9 86 9 56 3 33 5 69 3 57 5 44 5 54 0 51 1 92 0 50 2 66 5 58 6 80 1 10 7 61 1 9 4 6 0 7 8 57 3 87 4 78 4 37 0 14 7 82 5 46 4 23 9 27 7 2 9 22 9 72 9 69 8 81 0 8 8 8 8 13 7 37 2 80 3 20 9 62 2 10 3 30 5 74 4 36 9 40 1 44 0 10 4 28 2 94 1 60 4 59 4 43 1 43 4 32 5 27 7 93 7 43 2 58 9 95 
80 8 47 0 91 5 17 6 95 1 97 0 30 6 4 1 50 4 68 2 7 7 89 1 18 5 36 1 6 9 88 4 41 8 81 5 92 9 93 1 6 8 54 2 22 6 57 3 5 2 47 6 51 3 36 6 21 5 74 7 92 7 88 3 75 3 69 0 100 9 37 2 88 5 75 9 95 6 40 8 99 5 36 8 35 7 62 5 7 6 98 1 91 4 39 8 60 9 49 6 66 1 95 6 23 7 17 8 8 3 34 6 68 2 67 0 16 9 69 3 4 6 47 3 15 5 54 4 20 3 35 3 68 0 34 1 25 0 3 4 3 6 4 1 13 8 80 4 34 3 8 7 14 4 59 7 95 1 79 7 99 
