10 10
80 0 34 6 9 3 97 0 41 6 57 5 83 6 10 8 75 8 68 2 37 3 39 5 27 5 63 5 52 1 21 1 81 6 44 8 80 1 91 7 23 5 9 6 90 2 61 9 5 7 46 1 19 0 21 3 66 1 19 1 37 4 21 9 89 4 39 3 34 8 51 7 55 0 12 0 25 5 50 5 58 9 24 5 80 2 4 0 15 7 55 7 64 3 35 9 70 3 7 2 64 0 18 9 30 7 69 1 79 3 71 1 87 2 92 7 39 9 7 7 33 1 48 6 15 6 55 9 93 7 14 0 83 1 47 4 6 4 34 0 72 4 73 2 70 6 67 1 85 3 63 0 86 4 76 7 13 2 29 5 53 
80 9 22 8 70 3 26 0 49 0 31 3 81 3 99 3 38 7 60 1 51 0 19 5 41 4 35 6 71 3 81 1 37 2 24 0 38 2 42 2 1 0 3 2 37 7 73 8 76 3 81 5 27 9 48 9 10 0 93 4 15 7 76 1 8 9 23 1 93 4 52 1 11 0 93 4 5 6 37 3 63 7 47 9 40 5 25 6 72 8 94 5 87 7 81 7 83 3 72 2 10 3 21 1 39 8 53 0 40 7 2 7 28 5 98 3 8 3 10 5 48 8 94 0 56 0 20 1 88 7 89 0 77 8 24 6 41 9 95 0 33 6 74 0 56 8 24 7 5 5 62 6 21 1 85 6 48 4 83 5 9 
80 9 97 5 16 7 11 0 55 2 33 4 72 1 84 9 78 1 20 6 49 8 73 5 24 2 41 8 64 6 21 4 48 0 37 6 4 8 19 6 24 2 50 2 79 9 78 7 1 2 80 0 26 5 97 7 56 2 63 2 40 6 35 5 1 8 74 0 100 7 30 6 69 7 77 8 4 8 96 4 71 6 56 4 85 2 52 4 14 0 68 1 60 8 59 3 35 4 82 7 35 3 29 2 98 0 95 4 63 1 21 5 56 2 83 5 87 5 62 3 80 5 25 4 93 6 28 2 79 4 53 6 52 6 71 0 91 5 81 7 76 7 82 6 95 4 10 6 56 1 17 7 4 5 77 5 59 8 24 9 81 
80 3 42 0 42 0 69 9 13 4 83 4 47 4 67 2 48 5 94 0 21 6 100 1 8 2 60 4 67 4 38 2 35 6 62 1 8 9 42 6 99 1 90 2 45 3 35 4 24 1 2 7 33 5 76 1 65 2 11 2 4 0 47 3 62 3 95 2 52 3 58 0 15 8 47 1 46 8 17 8 63 7 72 1 39 2 78 1 22 2 29 9 44 8 7 4 40 7 77 5 47 4 91 5 42 8 81 9 55 6 52 6 94 2 15 4 41 2 98 7 31 2 64 6 1 2 8 0 71 1 10 8 28 0 97 5 92 3 52 6 57 2 98 1 76 9 54 5 89 0 96 4 65 6 20 3 49 6 3 9 56 
80 6 79 5 63 4 82 6 91 8 27 2 56 9 62 9 31 6 70 9 8 9 11 4 15 3 51 3 61 2 21 7 83 8 81 1 22 8 83 1 64 4 45 4 33 8 92 5 95 7 20 8 67 5 50 6 91 4 14 6 31 1 93 4 16 6 84 4 86 2 40 3 98 6 35 6 27 4 49 1 15 3 79 2 84 8 56 0 29 0 77 3 68 2 53 1 81 5 47 5 41 7 90 9 82 7 50 8 63 7 67 9 37 9 14 3 50 9 37 8 85 8 88 2 42 5 64 6 11 5 93 6 73 1 27 5 62 4 97 9 67 8 51 7 68 1 89 6 77 2 29 6 10 5 70 0 10 6 9 1 37 
80 3 34 6 21 7 84 4 87 2 49 5 86 7 90 5 29 2 35 6 95 3 53 7 45 6 68 8 96 0 53 8 65 7 76 3 29 7 69 4 18 7 32 9 20 2 23 8 16 4 82 4 25 0 77 3 5 7 7 8 59 6 60 5 2 8 43 3 42 5 22 1 91 7 73 8 60 5 8 3 63 1 44 2 59 5 3 2 67 9 58 2 40 7 58 9 11 3 87 0 82 0 16 9 14 4 97 8 3 7 42 5 92 7 26 4 75 8 93 2 14 4 51 0 62 9 74 3 23 6 35 1 5 0 36 4 80 9 75 0 54 4 58 9 5 2 17 8 100 0 87 3 31 6 63 8 16 4 38 6 96 
80 1 89 4 20 9 19 9 72 3 55 9 25 6 73 0 32 1 19 1 23 3 76 7 50 5 71 9 96 5 27 3 19 5 58 0 18 9 99 8 76 3 77 0 97 3 9 5 44 4 89 3 18 1 48 4 81 5 38 0 21 4 15 0 16 7 25 7 21 9 77 7 40 0 37 9 85 7 57 3 36 4 27 3 53 7 75 8 55 4 6 1 68 2 21 4 7 5 27 0 44 6 32 9 63 6 89 3 87 2 77 6 32 0 55 3 20 3 75 8 60 4 35 2 81 9 39 3 16 1 45 8 99 6 98 3 19 2 69 8 78 8 82 2 44 8 56 2 49 6 66 4 38 2 57 7 24 2 30 3 5 
80 6 16 7 100 5 78 6 99 3 49 8 66 0 97 5 74 3 68 2 43 7 59 1 42 8 49 2 23 9 95 6 30 4 32 6 46 9 63 2 39 4 89 8 49 0 31 0 73 5 19 1 34 3 14 7 66 8 18 4 27 4 66 6 37 7 31 9 44 0 83 5 45 9 49 5 1 9 57 9 12 2 16 7 73 5 31 8 93 3 45 0 96 5 51 5 91 0 98 0 10 3 43 4 33 9 61 2 61 7 11 6 59 8 25 5 65 0 92 0 97 3 1 5 23 7 13 0 85 7 80 8 74 8 66 5 1 2 27 7 48 1 33 7 56 6 93 3 60 3 80 9 44 4 66 7 90 6 48 1 85 
80 7 30 5 15 3 86 9 80 7 48 7 87 3 30 6 37 2 48 1 58 0 26 7 84 0 36 7 68 5 85 6 61 8 84 3 55 0 78 3 44 6 92 8 57 4 99 4 28 2 73 5 7 9 81 2 49 3 98 1 79 2 22 3 49 9 78 4 34 0 13 5 71 2 63 1 84 2 75 8 15 3 25 9 56 9 98 8 90 0 93 2 100 3 12 3 45 1 66 2 84 7 20 8 60 1 65 5 45 8 89 6 67 1 7 0 16 2 45 7 71 0 50 0 56 6 15 1 18 9 83 6 22 8 41 9 30 2 49 6 39 6 93 2 47 7 65 0 65 8 75 6 97 6 81 6 89 9 43 0 77 
80 3 57 4 95 1 4 6 51 9 66 1 99 3 49 9 81 8 90 6 99 6 42 9 34 3 81 2 24 4 34 7 58 1 33 7 40 8 79 4 35 8 43 9 59 8 86 4 31 1 28 7 13 1 72 6 56 0 26 6 78 7 1 7 47 9 32 2 12 6 69 0 17 1 37 6 10 3 60 4 54 7 7 0 32 3 49 6 90 9 63 2 5 9 70 4 51 0 73 2 97 0 24 1 11 5 85 3 24 7 94 6 42 2 23 5 13 5 30 7 6 4 54 9 12 7 72 4 42 2 91 2 41 3 95 0 74 2 1 7 98 5 52 3 80 5 6 2 70 5 49 7 28 6 27 3 44 6 72 1 76 
