10 10
80 0 51 4 41 3 31 4 82 3 5 9 39 5 77 3 46 1 47 0 20 7 93 5 30 5 90 6 77 1 53 0 99 0 7 7 26 0 84 3 76 6 15 3 6 9 17 2 37 2 61 9 23 3 85 0 37 6 26 0 41 1 10 3 23 4 38 0 4 8 36 6 57 6 89 9 6 3 78 6 83 8 74 6 26 0 31 5 33 1 79 8 16 8 59 4 9 9 4 0 43 6 45 1 25 2 79 3 52 3 44 3 24 5 33 9 15 2 28 4 89 4 11 6 22 7 5 2 7 6 21 5 92 7 29 8 51 7 20 8 96 3 48 8 82 0 44 3 44 6 88 6 54 1 82 9 65 9 46 6 23 
80 2 6 2 80 2 53 6 55 0 90 5 84 5 81 3 73 2 25 8 51 9 41 3 14 9 17 2 8 0 42 2 17 6 48 8 2 5 13 6 67 2 32 6 1 3 59 7 96 0 31 5 17 9 74 0 38 5 86 7 31 6 20 7 63 6 48 3 1 6 14 7 57 5 25 4 86 6 16 3 20 2 51 9 22 1 43 1 98 2 34 5 59 9 72 9 34 8 37 7 27 5 12 2 13 6 64 2 64 7 61 6 69 0 57 1 13 5 37 3 73 9 93 5 81 2 78 4 97 2 20 1 24 5 49 7 62 6 75 3 72 7 55 8 83 8 42 8 52 0 75 3 2 6 8 3 66 0 88 9 18 
80 2 48 4 93 9 2 7 28 5 30 1 87 5 50 6 74 5 10 9 47 9 35 6 68 7 34 8 98 5 58 3 79 3 58 3 94 4 9 2 25 6 85 8 68 6 41 7 2 1 44 4 58 9 80 8 66 3 40 6 4 6 18 2 83 1 20 9 79 7 72 4 57 6 16 1 92 1 14 6 4 0 71 8 69 1 82 6 38 9 26 9 100 3 84 4 16 1 98 7 67 4 95 7 15 9 84 2 48 0 88 0 63 4 73 3 56 2 36 9 76 0 1 7 54 1 48 6 64 1 13 4 46 1 49 6 32 8 94 3 90 0 7 9 35 2 35 4 44 6 33 7 60 6 93 5 88 5 30 5 37 
80 1 91 4 82 7 88 3 45 9 40 4 95 6 64 4 91 2 25 8 11 1 19 0 50 1 35 5 83 7 61 9 100 2 42 3 31 5 72 7 7 1 18 8 50 6 15 3 86 8 76 6 73 4 73 2 93 5 99 4 99 1 67 6 59 4 34 4 83 6 87 0 4 9 75 3 86 2 10 7 96 7 4 2 45 4 58 3 29 3 81 7 81 9 97 6 57 8 11 3 95 1 26 2 2 2 32 4 10 6 4 4 83 7 49 9 64 1 69 5 56 7 80 1 28 4 78 3 71 0 80 6 7 5 50 8 83 9 20 0 16 1 89 7 31 2 12 7 69 4 99 0 69 1 86 2 47 3 45 8 1 
80 9 75 3 17 9 86 8 64 9 46 1 58 2 59 6 43 7 87 3 92 2 77 5 93 1 15 1 76 2 93 0 45 3 28 9 28 1 21 3 1 5 75 7 17 7 44 2 43 4 49 6 58 3 78 5 79 5 73 8 54 4 72 5 27 5 63 2 54 1 44 3 6 8 56 8 11 6 79 7 61 6 7 2 82 3 50 2 29 6 30 6 29 0 51 2 53 6 11 5 99 8 78 0 74 5 9 3 68 5 70 5 69 5 6 5 9 8 20 6 99 4 6 3 13 0 90 2 53 8 75 0 16 5 55 8 37 0 58 2 27 4 34 2 66 1 24 9 16 1 69 9 56 1 11 6 99 1 90 0 68 
80 5 30 0 66 6 53 8 39 9 13 2 24 1 84 4 80 7 72 7 25 8 93 6 51 9 29 4 7 7 34 1 80 4 19 2 93 7 97 5 68 6 1 8 42 4 80 7 26 2 80 6 40 7 66 0 76 1 30 9 86 5 45 1 80 1 31 7 3 4 20 2 5 4 13 4 54 6 90 1 73 6 67 9 43 8 21 7 61 9 79 2 23 8 57 3 75 5 31 3 22 6 49 3 27 3 8 2 22 3 38 0 81 1 62 0 96 0 57 8 69 7 15 9 50 8 88 4 68 2 94 1 61 9 1 5 20 6 39 3 30 2 37 4 85 3 31 9 25 6 83 5 52 4 84 1 42 7 71 8 68 
80 7 40 4 52 2 70 8 67 0 9 5 18 6 50 4 38 0 15 3 55 5 96 5 21 8 9 0 98 9 76 4 6 5 42 2 70 2 18 9 80 8 71 7 11 1 79 4 44 1 68 3 21 0 47 6 32 6 47 1 43 8 44 6 41 6 88 1 41 9 97 1 78 1 7 0 80 8 41 7 79 7 45 5 8 6 49 4 69 7 27 0 45 7 59 9 75 7 30 5 58 4 93 4 36 5 7 0 84 2 45 3 66 9 50 5 6 9 68 7 16 8 1 3 37 9 35 8 26 7 20 6 11 9 89 5 50 0 43 3 12 7 53 5 99 6 59 9 81 0 81 1 83 8 99 7 92 0 66 8 79 
80 1 33 7 28 4 25 6 80 4 79 9 40 1 69 1 92 1 17 0 84 4 49 5 70 5 3 1 28 9 80 2 60 5 42 1 32 7 14 6 31 7 25 0 79 8 35 2 97 1 60 5 86 0 4 7 4 1 77 9 49 5 98 5 1 3 23 1 84 6 24 5 96 8 88 7 83 5 11 9 36 9 81 7 65 9 24 4 58 9 47 8 69 4 72 2 2 1 48 5 30 1 39 4 88 1 41 4 62 7 48 9 68 0 18 2 54 7 76 9 19 4 63 8 100 3 12 2 44 1 30 1 15 0 3 4 63 2 98 0 95 5 17 4 50 1 98 9 34 7 53 9 37 7 60 9 88 6 90 1 89 
80 5 20 0 15 9 12 5 47 0 65 6 13 4 28 1 63 6 33 3 17 5 58 0 29 2 32 3 69 1 6 1 33 3 62 4 81 8 97 7 18 5 49 9 21 8 9 5 94 6 30 6 75 4 69 0 57 5 96 1 73 9 9 7 86 9 41 0 62 9 73 4 90 3 60 0 88 2 95 8 12 6 60 0 11 7 18 6 38 8 53 8 99 4 3 9 29 2 17 0 78 6 70 1 75 2 83 4 71 4 49 9 66 6 66 4 37 5 19 7 75 8 48 6 16 4 72 0 81 8 45 4 72 2 98 0 96 9 51 7 20 2 23 2 93 6 5 6 11 3 45 0 34 0 87 6 8 2 74 1 4 
80 7 31 8 6 0 60 1 34 3 16 0 91 9 96 1 35 0 70 2 72 6 97 5 47 6 10 6 4 2 44 1 8 2 11 8 49 1 21 5 88 0 29 5 35 3 47 7 99 4 59 9 79 9 54 5 27 7 34 6 79 4 18 0 99 8 24 5 100 8 68 1 78 8 34 3 46 2 14 4 89 1 97 3 75 8 49 8 24 3 1 3 4 4 31 5 6 5 67 4 29 4 9 2 85 6 86 0 58 3 40 7 93 5 58 9 36 0 16 2 44 4 33 0 7 5 3 3 99 8 55 5 58 5 21 3 51 6 82 1 51 3 36 9 68 3 5 8 41 7 6 2 78 5 84 7 67 4 99 5 68 
