10 10
80 5 6 6 51 0 11 8 74 5 95 9 66 1 4 2 9 3 67 0 11 6 43 3 34 0 44 1 77 2 84 7 2 8 35 5 49 4 60 2 78 6 38 4 79 5 13 9 8 4 100 6 7 3 99 2 26 3 41 9 31 3 39 6 55 5 10 3 3 2 59 5 62 0 2 9 27 7 91 1 16 5 8 0 29 1 26 2 2 4 6 7 78 3 91 5 56 7 75 3 30 7 77 3 79 9 87 9 14 1 21 6 79 8 61 6 54 4 3 1 76 2 26 9 85 7 20 7 42 2 54 4 7 2 88 3 51 0 70 3 26 0 90 1 62 0 77 0 45 3 76 9 72 6 42 7 64 4 1 5 41 
80 2 68 8 97 0 10 8 53 1 69 0 1 5 26 4 3 6 10 2 42 4 67 3 71 2 76 3 2 1 72 0 97 0 69 3 69 4 1 4 64 8 86 2 50 9 46 5 28 3 86 3 70 8 24 9 37 4 29 8 77 7 64 5 14 7 57 1 12 2 9 9 36 4 10 4 58 2 46 7 55 9 35 6 56 6 89 9 65 0 75 7 14 6 66 5 90 9 64 9 22 9 40 0 61 3 7 6 97 3 99 8 43 9 43 3 72 5 78 6 61 9 72 2 53 8 20 8 71 7 74 1 100 2 94 8 19 2 9 7 89 9 59 4 23 5 23 3 8 9 11 4 23 6 87 3 54 7 22 1 22 
80 1 3 5 56 3 70 8 27 3 21 6 38 2 18 3 38 6 75 7 77 0 21 1 49 0 100 8 100 9 81 7 72 5 64 0 12 0 77 0 43 4 76 7 53 5 32 4 79 2 97 2 12 1 98 3 57 8 11 8 20 5 18 9 75 0 93 7 56 7 69 2 51 1 64 8 17 3 98 1 93 2 11 5 94 1 83 7 94 9 37 6 92 5 71 8 1 2 58 6 2 2 10 9 12 7 39 1 61 6 59 5 98 5 65 0 30 0 52 7 41 8 10 3 69 0 16 3 72 6 4 8 68 0 97 1 39 5 46 7 100 1 54 0 91 0 20 7 12 5 61 1 18 4 6 7 47 0 82 3 88 
80 1 41 9 69 6 53 4 62 4 68 0 91 6 3 3 92 3 39 1 54 3 71 7 64 9 87 5 68 6 26 1 82 5 6 7 8 9 94 4 35 1 30 6 96 0 4 6 42 6 5 2 46 7 88 4 31 2 33 0 45 5 28 8 30 1 59 6 90 1 31 1 8 1 36 4 95 3 57 5 90 8 69 3 37 1 20 0 9 3 9 3 37 9 26 1 63 2 13 2 16 8 86 8 60 5 45 2 39 6 5 0 77 7 36 7 93 7 84 3 37 6 36 4 3 1 66 3 70 9 28 9 69 0 24 8 41 7 16 2 3 4 32 5 8 0 16 4 64 4 2 5 24 7 14 7 70 1 55 8 69 
80 3 49 5 92 0 48 6 17 9 67 1 42 1 15 9 88 9 73 0 86 7 91 1 25 4 63 2 61 1 21 1 79 6 29 9 61 1 50 4 91 4 53 8 88 1 42 7 47 5 43 1 13 2 10 0 45 2 99 2 54 4 87 6 59 7 86 2 57 3 23 8 51 3 69 1 82 4 19 2 88 7 65 3 57 4 94 4 4 9 27 0 42 0 46 5 91 2 61 7 99 0 95 2 62 9 83 8 40 6 91 4 29 8 30 4 75 0 43 1 5 3 75 1 7 0 58 3 11 9 93 8 23 9 73 8 93 1 71 6 20 2 17 3 69 8 56 7 41 9 22 9 62 4 52 3 52 0 49 9 67 
80 8 8 4 49 3 49 6 27 3 72 3 45 9 55 0 16 3 95 4 40 7 43 3 26 8 14 6 60 7 35 1 67 2 55 5 61 3 10 2 13 3 99 3 82 1 63 4 12 5 75 3 49 2 82 0 74 1 27 7 99 6 43 6 21 0 75 5 93 2 12 0 54 3 78 3 98 8 54 9 53 2 58 5 60 6 73 5 100 4 13 5 53 6 56 7 71 7 4 9 68 9 22 7 11 9 6 9 2 2 67 5 72 7 67 9 1 0 68 8 74 1 67 4 4 3 81 0 64 4 53 0 91 2 100 6 83 9 74 3 12 0 26 2 33 0 98 6 45 8 1 1 38 9 58 0 33 5 55 0 93 
80 2 87 3 79 5 39 2 17 3 61 9 9 8 58 1 14 0 17 5 65 8 58 7 59 8 38 1 27 9 54 8 23 7 12 3 93 5 14 4 46 1 12 9 89 7 29 7 98 9 56 9 34 2 81 0 63 1 70 0 72 9 35 0 95 0 53 0 29 8 50 6 74 8 36 9 65 5 18 1 14 5 8 2 20 3 87 1 28 0 85 3 56 3 96 6 40 1 64 8 3 4 14 0 23 3 41 5 62 9 62 3 84 7 25 4 13 2 61 9 48 6 96 8 20 2 64 9 80 9 70 5 76 3 57 9 42 3 34 2 91 7 71 4 33 6 97 1 99 9 17 4 33 0 35 6 78 7 66 1 92 
80 3 54 0 48 8 29 5 41 1 35 3 64 3 54 1 52 6 44 3 97 1 45 7 3 1 60 9 10 4 38 0 66 3 40 9 9 1 95 4 96 6 66 8 64 0 73 0 44 7 93 6 52 6 15 8 41 7 52 0 88 1 20 1 1 8 25 3 60 3 46 8 9 7 95 6 51 2 17 5 27 5 21 1 85 7 5 4 89 5 37 5 6 1 70 4 30 1 74 6 8 9 72 3 55 8 65 9 18 3 5 3 14 2 32 5 12 0 43 7 32 6 3 8 39 8 83 5 57 7 82 9 60 1 73 1 27 2 11 6 20 1 83 5 58 2 27 7 2 0 80 3 4 7 80 1 82 2 34 4 8 
80 6 58 6 65 5 36 4 85 3 30 8 76 7 55 8 18 1 90 2 36 4 21 5 35 8 32 9 72 9 28 3 49 3 100 7 42 0 35 8 75 1 87 5 75 2 45 9 9 9 62 5 62 7 51 2 72 8 14 3 27 9 53 6 23 8 82 8 52 7 38 1 31 2 40 2 7 4 45 2 51 9 27 3 7 7 4 1 2 7 15 0 61 1 84 7 70 4 96 7 70 6 6 1 18 3 78 3 75 9 72 2 61 5 43 7 42 5 30 4 71 4 34 2 73 6 35 3 52 0 44 8 28 8 53 6 58 7 41 8 69 7 21 1 86 0 56 4 39 5 19 1 95 9 58 3 52 0 45 5 39 
80 8 74 9 75 2 100 6 64 9 99 1 51 7 5 3 59 4 95 0 56 3 72 8 69 9 18 3 73 3 7 4 23 8 31 0 76 7 48 8 27 9 91 0 36 3 16 1 71 6 69 5 40 9 45 4 58 6 85 2 62 9 74 8 27 8 6 0 68 1 6 1 32 2 98 0 85 7 54 0 61 4 95 8 73 4 68 2 90 0 45 9 57 1 6 2 58 8 98 2 40 5 91 6 72 4 73 3 86 2 21 7 72 6 90 3 20 7 21 1 80 3 29 7 95 9 46 7 74 6 55 2 11 0 11 6 11 2 50 0 40 6 97 1 76 8 92 8 30 1 83 1 13 6 75 2 11 1 78 2 67 
