10 10
80 5 91 1 99 8 9 4 74 8 64 2 1 1 90 9 17 1 4 3 88 3 34 1 27 5 55 0 30 5 100 4 66 7 45 4 74 5 76 0 22 1 97 9 63 3 26 3 40 0 36 6 20 6 37 0 90 7 99 4 97 1 44 8 34 8 45 9 58 1 95 7 66 2 70 8 34 3 4 9 8 4 19 4 55 5 42 8 41 7 71 6 19 0 58 9 30 1 53 4 62 3 58 7 20 0 76 1 44 1 26 2 57 9 38 4 23 0 1 6 88 2 54 0 1 5 17 1 53 7 49 6 3 6 51 6 11 5 25 5 63 9 76 7 67 8 16 2 48 5 64 1 55 4 49 4 38 6 84 7 71 
80 1 70 2 99 3 99 0 79 1 5 1 40 2 92 5 99 6 8 4 30 7 58 6 84 0 69 4 42 1 65 7 42 6 94 7 30 7 94 3 64 6 82 7 51 4 82 3 25 0 6 0 1 2 45 9 66 2 53 8 49 9 31 0 92 5 54 7 37 8 37 9 98 2 33 5 64 8 37 9 43 2 55 6 46 2 43 6 100 1 15 6 9 4 75 3 61 1 58 5 9 1 35 3 82 8 68 2 55 6 93 6 14 3 44 2 41 7 3 0 68 4 52 8 55 7 87 1 33 5 49 8 55 3 19 1 23 7 23 5 15 8 75 5 56 7 15 9 10 2 48 0 92 5 33 4 37 5 41 5 48 
80 1 62 6 77 5 68 8 18 5 36 2 67 5 32 8 34 6 60 9 44 0 46 6 70 9 79 2 6 0 35 8 22 7 14 8 91 3 71 2 84 3 93 3 24 2 22 6 95 6 49 1 84 3 14 5 10 6 70 8 30 0 36 6 1 2 24 8 78 9 14 6 85 1 94 8 4 0 71 3 18 3 96 8 17 0 34 6 80 6 23 8 27 8 13 0 26 4 18 3 61 4 47 5 71 6 43 7 56 5 8 3 9 4 96 6 88 4 62 4 8 7 2 6 79 2 70 5 69 6 20 2 28 0 68 9 89 8 95 9 94 9 22 0 49 3 29 4 8 9 55 4 34 0 19 9 83 7 57 2 65 
80 0 11 4 67 7 10 2 80 6 63 3 44 0 28 7 83 2 27 7 63 8 17 4 73 9 1 9 90 3 70 5 42 5 24 2 19 9 2 2 1 3 43 2 15 6 12 7 64 6 18 2 78 1 77 5 20 7 69 7 40 2 94 4 76 8 24 3 79 2 67 6 25 7 46 9 22 9 24 2 37 7 86 5 43 7 61 8 6 9 61 2 29 9 33 0 9 1 74 8 64 0 57 2 47 2 38 1 71 5 60 6 21 5 24 1 6 8 91 4 82 4 46 5 23 1 42 4 44 0 86 7 52 1 65 5 40 6 38 1 33 1 24 7 49 2 3 6 86 4 39 6 97 6 77 0 20 7 58 5 72 
80 3 72 9 75 1 98 6 92 6 92 4 77 0 20 3 73 5 93 6 92 0 60 2 86 5 3 6 9 1 71 6 35 5 17 2 55 7 84 0 34 8 53 1 61 9 33 1 33 1 32 4 91 3 49 2 58 7 49 3 86 5 95 4 48 4 83 2 44 2 78 7 27 4 28 7 39 6 86 8 25 9 85 7 51 2 46 4 40 7 88 3 18 2 18 5 4 0 3 7 25 0 14 1 44 1 30 8 88 6 61 1 14 7 85 1 26 6 62 9 23 1 27 3 38 6 70 7 97 3 94 4 36 6 9 2 27 8 7 5 6 9 99 2 23 0 19 4 12 8 53 7 84 6 82 0 22 0 12 1 7 
80 4 18 1 95 9 32 9 95 5 36 4 78 9 73 8 82 6 74 9 42 0 73 2 90 0 55 1 71 8 2 4 49 6 41 1 67 0 88 2 45 8 90 8 46 7 1 7 99 8 54 3 80 6 37 9 31 8 58 0 51 8 2 8 72 0 31 2 48 6 35 1 49 3 22 6 89 6 5 4 16 3 16 1 86 5 32 2 67 8 42 8 20 0 46 5 90 2 6 6 66 3 38 7 4 4 78 4 54 0 56 4 12 1 36 6 32 1 38 6 24 3 51 9 84 4 81 0 7 1 98 6 40 9 23 5 43 3 92 7 57 8 58 3 69 2 91 0 49 7 7 3 97 6 72 9 45 3 30 3 27 
80 6 96 1 3 8 36 4 86 7 82 0 96 0 53 0 95 1 89 6 61 2 21 4 12 9 21 5 85 5 7 9 37 7 64 5 86 0 86 4 39 7 93 7 68 8 23 5 57 2 67 9 3 2 24 4 41 5 88 1 83 2 53 7 89 8 79 5 63 1 16 0 15 5 38 2 99 5 93 8 71 3 84 3 49 2 67 7 96 8 49 6 70 9 53 9 12 3 79 4 19 1 96 4 28 5 90 6 24 9 69 4 5 4 87 1 2 7 84 5 28 2 55 1 36 3 20 0 79 2 6 7 19 5 52 7 31 7 60 1 54 9 42 5 62 8 43 8 20 3 5 6 96 2 47 8 38 2 10 6 12 
80 2 80 7 66 7 87 0 4 4 37 2 77 8 1 9 24 5 14 5 72 4 30 3 10 3 29 4 57 1 75 7 82 8 18 8 53 5 27 5 31 3 87 9 94 3 58 6 13 1 8 6 68 5 43 1 82 7 82 7 31 3 12 1 17 7 94 6 36 6 41 0 17 9 47 9 30 7 29 6 62 8 61 9 85 3 48 1 87 4 39 9 59 9 14 2 40 3 21 9 65 9 41 6 55 3 87 9 54 5 25 7 70 0 24 5 78 4 81 1 66 1 65 0 51 6 19 8 72 2 90 8 63 2 30 1 8 4 76 3 41 2 80 9 70 6 51 1 37 9 33 8 41 1 34 1 8 0 25 3 85 
80 7 94 1 20 6 94 6 60 9 59 5 97 3 89 7 35 1 53 1 78 8 37 7 97 7 50 3 34 9 92 5 69 0 37 1 53 1 61 4 46 8 42 3 11 2 71 1 1 1 1 8 19 9 15 4 46 7 90 2 37 5 86 1 23 6 100 6 10 5 80 0 69 1 17 6 49 3 51 2 2 8 95 2 18 4 44 1 40 5 10 8 86 5 75 4 76 1 39 1 18 7 15 6 43 4 85 6 27 9 53 1 98 9 31 2 46 0 5 6 70 0 55 3 87 9 85 3 24 7 57 9 91 9 45 9 93 0 69 8 12 0 21 5 75 5 99 9 12 8 11 0 17 2 74 6 98 9 9 2 10 
80 9 68 7 49 8 99 5 10 3 54 9 83 6 77 6 99 0 57 3 19 5 36 5 21 3 74 8 45 1 87 4 98 0 30 5 27 8 8 4 45 9 8 9 78 7 4 2 57 6 80 8 16 2 36 0 51 2 8 6 73 8 92 7 22 0 41 3 6 6 11 9 68 3 73 4 100 5 1 2 100 7 98 9 99 9 26 1 99 3 5 8 34 0 59 4 49 8 36 9 49 7 97 0 73 3 80 4 33 8 27 1 71 8 12 0 23 4 8 6 58 9 96 0 23 1 27 9 90 7 83 4 81 5 54 1 45 0 45 5 84 9 28 1 89 2 31 5 59 8 9 4 10 9 57 0 98 6 65 5 14 
