10 10
60 8 55 6 1 7 17 2 32 7 23 7 44 6 79 2 48 5 10 7 99 4 78 0 62 7 35 9 76 3 58 4 82 6 100 7 22 8 20 3 25 0 31 8 36 7 98 6 54 8 81 6 58 5 3 7 72 5 41 0 30 8 17 3 96 6 70 4 53 3 24 6 35 2 50 4 73 5 27 8 57 8 48 9 41 8 84 3 3 3 47 6 14 3 97 6 8 3 41 0 82 0 42 8 32 7 95 6 99 6 62 2 44 3 1 2 63 2 8 4 40 
60 4 80 9 80 8 18 8 47 3 42 8 83 1 80 7 54 9 24 7 1 3 31 0 49 7 34 3 19 2 77 2 30 3 36 7 18 5 10 2 6 1 22 9 44 8 21 2 65 2 56 0 78 3 26 4 24 5 99 1 70 8 11 1 96 9 24 5 99 2 89 3 66 9 19 7 91 4 80 7 91 1 32 2 23 8 25 7 84 0 92 8 13 0 54 1 99 0 75 9 67 5 35 7 87 6 68 5 31 1 75 3 58 8 73 0 96 6 86 2 57 
60 4 50 2 81 6 86 1 88 0 5 7 53 4 13 7 4 4 16 8 99 5 31 9 90 3 32 3 67 9 46 4 97 3 8 5 69 8 51 7 24 9 67 5 37 9 54 8 95 1 64 4 50 6 1 7 81 8 32 6 34 6 32 4 24 3 60 2 39 3 27 3 63 4 67 8 54 9 22 7 30 7 12 0 82 4 11 3 85 4 11 5 91 9 71 2 61 1 70 6 17 1 97 3 8 4 44 8 8 6 78 8 32 5 20 1 91 7 6 4 31 
60 8 74 9 41 3 93 7 65 3 3 6 81 2 95 2 66 9 1 4 37 9 23 3 5 9 39 8 92 6 54 9 92 3 32 3 44 1 97 5 40 8 23 8 87 4 90 9 64 5 75 8 60 5 63 1 9 1 20 8 70 7 4 0 58 3 77 9 34 0 23 8 54 1 100 4 74 1 25 3 30 3 46 8 5 0 45 0 89 3 23 3 21 5 93 0 97 3 62 4 27 9 21 5 17 1 23 8 10 0 45 3 46 0 38 2 95 6 90 7 48 
60 5 73 6 71 2 42 4 20 1 73 2 27 2 90 5 63 3 1 1 66 4 61 4 38 2 76 4 22 4 56 1 83 9 87 9 84 4 60 7 82 4 82 3 90 1 14 5 6 6 87 7 53 8 16 6 78 8 63 4 98 0 11 0 33 5 73 7 49 4 78 1 82 2 40 3 73 6 45 1 73 3 40 0 86 4 61 0 97 4 10 9 100 9 52 7 26 2 60 3 95 4 67 4 100 3 12 5 45 8 34 5 14 0 85 3 78 8 59 5 14 
60 6 64 0 72 9 67 4 75 7 88 7 66 7 7 8 1 2 50 1 20 8 70 4 50 0 49 8 77 0 67 4 38 4 36 2 25 1 80 4 90 0 64 1 9 5 49 6 38 6 73 4 100 7 43 0 95 7 5 0 22 7 93 7 31 3 28 5 10 6 51 8 71 6 10 3 30 3 73 0 73 0 22 1 96 9 69 3 24 6 39 3 97 0 38 4 10 4 45 7 37 0 15 8 11 0 81 2 37 7 88 7 52 3 75 6 84 4 14 3 85 
60 9 37 4 31 7 93 6 1 0 53 0 96 4 13 0 17 8 69 2 26 3 33 8 10 2 1 2 70 4 54 5 47 5 21 8 24 4 93 6 99 8 26 5 11 6 36 3 64 1 83 0 98 3 82 8 82 9 41 8 47 1 80 6 55 3 91 4 24 9 47 9 97 3 7 5 64 3 6 7 41 5 95 0 27 3 64 5 77 9 65 2 85 9 77 1 27 4 96 1 12 9 70 4 60 6 9 1 86 4 31 5 77 7 96 8 5 5 17 1 78 
60 1 17 9 68 0 72 8 51 0 38 4 48 3 2 4 18 0 81 0 71 4 17 3 38 8 41 2 96 6 72 6 86 7 100 4 83 3 68 9 53 0 47 3 81 9 36 0 45 1 58 6 65 7 50 1 6 1 47 9 10 7 4 3 56 2 44 0 80 7 87 9 45 2 18 3 48 9 26 0 73 0 5 7 32 3 68 6 72 1 62 5 8 1 7 4 30 7 81 0 66 5 17 2 58 0 54 7 42 4 39 6 45 2 68 0 40 2 53 0 82 
60 6 83 4 46 9 22 8 71 1 53 8 32 6 95 9 43 1 58 8 93 3 90 0 1 2 45 4 96 0 17 4 85 3 87 2 2 5 52 3 6 6 71 5 46 5 46 6 98 6 37 7 96 0 81 2 52 0 40 1 21 8 3 7 15 5 49 1 48 1 29 5 10 1 68 8 33 0 31 2 84 7 33 3 65 1 66 7 81 5 80 7 18 8 51 0 70 4 22 5 69 1 84 9 53 9 66 9 58 2 47 4 96 8 70 7 85 6 90 3 89 
60 5 6 8 86 7 76 0 18 6 55 9 80 3 98 5 88 5 32 1 15 7 2 7 37 5 5 3 31 6 38 8 90 5 95 7 84 4 29 1 2 7 40 2 67 2 5 1 32 6 52 8 96 3 36 5 14 8 24 7 91 3 64 1 9 9 36 4 42 7 99 8 15 2 92 0 12 3 51 7 22 9 22 7 89 9 42 3 73 8 80 2 77 7 72 1 26 8 16 3 25 6 75 6 46 8 99 9 88 6 47 5 72 6 72 3 83 7 15 5 52 
