10 10
60 2 35 9 87 6 95 2 43 6 6 9 5 9 51 9 12 0 92 6 53 7 25 9 85 1 77 4 25 3 19 7 31 6 87 2 82 8 55 5 100 9 96 5 81 0 51 4 84 6 82 7 16 3 35 1 46 1 10 0 75 7 98 2 74 3 53 9 17 6 65 1 77 9 84 3 12 9 48 0 73 0 3 6 96 5 21 7 74 7 71 0 42 9 2 7 97 6 70 3 15 1 54 5 1 9 56 0 58 6 63 3 67 1 86 2 11 2 66 4 13 
60 2 83 6 59 9 13 2 28 1 98 5 49 3 98 7 68 6 36 9 80 0 77 6 43 2 77 8 11 3 30 3 68 1 2 0 66 9 21 5 60 3 68 4 61 7 30 1 68 2 16 2 38 1 80 5 80 9 41 0 60 0 44 7 22 5 80 4 81 3 45 3 51 3 35 1 16 7 33 7 67 9 20 3 21 9 30 5 77 5 87 4 9 5 4 7 50 9 64 2 76 7 40 2 5 6 74 2 22 6 24 2 64 8 52 0 73 3 15 1 8 
60 0 15 8 82 7 13 1 56 2 7 0 58 4 34 4 63 4 55 1 96 1 29 4 24 1 51 7 8 8 76 7 51 0 20 7 68 7 30 3 83 3 83 3 48 6 49 3 38 2 80 7 12 2 68 6 99 9 41 6 33 7 2 2 2 8 92 6 92 1 17 5 58 7 70 1 14 4 72 8 2 3 10 9 5 8 77 7 82 8 54 6 7 7 83 1 3 9 35 5 80 5 97 6 88 0 78 7 79 5 26 7 27 6 84 9 98 0 88 7 34 
60 3 35 4 24 3 66 0 70 3 45 6 22 1 16 9 65 4 46 9 39 8 48 5 18 5 52 0 33 8 76 3 96 7 11 1 28 3 7 1 5 4 59 0 98 1 58 9 100 8 5 0 25 3 65 8 76 2 63 1 1 7 79 1 79 6 88 5 96 7 12 4 18 9 65 3 15 8 20 8 59 6 80 5 42 5 24 7 74 3 88 7 32 8 93 9 56 8 54 8 69 1 38 5 15 5 83 7 56 2 26 4 100 6 2 9 54 2 90 1 33 
60 8 96 6 13 3 61 0 16 6 35 5 40 8 64 1 37 4 22 7 59 4 12 7 38 4 2 9 18 9 2 3 4 4 37 0 76 5 32 0 1 1 2 0 21 4 33 1 52 4 22 9 60 5 52 1 74 1 94 9 95 4 67 4 51 6 50 1 10 9 75 6 84 4 14 9 100 1 74 3 47 0 24 7 82 4 9 4 79 7 58 4 93 4 5 2 25 5 99 8 14 6 2 4 94 6 82 8 11 6 92 5 18 3 4 4 88 8 28 9 39 
60 8 25 4 87 9 21 0 97 6 43 9 8 1 52 7 89 0 10 5 13 5 78 1 11 6 48 0 76 4 68 5 52 8 62 5 86 3 11 0 66 8 7 4 90 3 48 3 78 3 7 9 31 3 73 8 84 3 14 9 48 8 64 6 98 1 77 8 36 7 80 6 10 5 48 5 26 9 12 4 64 8 83 4 64 9 92 0 79 2 10 9 10 9 21 6 88 5 28 0 33 4 86 0 81 1 21 3 91 7 37 5 61 0 59 7 78 0 6 3 35 
60 6 23 4 18 2 58 9 76 2 15 6 52 1 16 6 68 4 7 0 11 6 59 4 93 4 72 3 61 2 63 7 23 0 79 2 98 8 1 8 50 8 2 5 84 3 72 9 98 4 78 7 8 8 91 0 99 1 100 1 19 5 10 8 70 4 99 0 55 6 2 7 17 6 92 5 49 0 68 2 63 2 66 8 79 8 99 4 28 3 32 5 87 0 59 8 41 9 7 2 29 4 88 8 90 1 51 9 82 8 54 6 30 4 75 6 63 9 35 1 30 
60 3 65 9 24 7 86 2 18 1 94 6 15 2 29 7 77 1 38 0 22 8 7 0 3 4 57 1 65 8 37 6 43 3 66 5 8 7 17 6 77 7 63 9 39 5 46 8 6 6 51 5 67 1 3 2 89 8 4 6 22 0 40 5 92 7 10 6 49 2 70 1 26 1 45 3 1 3 22 8 12 7 7 4 46 8 95 6 58 3 18 3 54 3 74 1 54 8 46 5 22 8 22 2 93 8 55 6 45 2 10 5 83 2 34 1 89 6 48 4 76 
60 3 91 5 60 0 62 4 58 9 9 6 17 1 41 4 66 5 23 6 12 6 78 5 24 0 7 1 45 0 10 1 1 1 58 1 87 0 40 5 15 3 75 2 83 2 24 5 27 1 38 0 63 7 75 7 55 2 31 7 30 9 8 0 33 5 17 7 18 8 75 0 17 8 6 0 45 9 25 5 94 3 1 8 82 6 49 0 82 2 98 8 47 7 80 6 17 9 18 9 74 0 66 4 91 3 36 4 100 3 48 6 81 2 53 2 47 4 55 5 19 
60 0 46 5 16 0 89 1 88 1 46 8 92 7 51 5 88 5 41 5 22 3 34 6 71 1 30 1 52 1 81 9 8 2 60 2 62 9 89 1 86 4 78 3 34 9 76 4 94 6 29 9 62 7 76 1 38 5 2 7 57 4 29 4 94 4 89 2 98 9 36 3 44 7 65 8 44 8 92 4 1 3 66 5 44 5 11 7 85 5 100 4 37 7 8 9 86 5 97 8 85 1 20 5 51 8 97 6 4 8 4 1 100 2 65 7 93 9 70 1 75 
