10 10
60 6 93 6 67 4 81 3 50 3 19 9 13 2 1 0 89 6 34 7 75 1 14 2 96 2 12 1 57 1 70 8 28 2 78 3 78 4 15 3 89 4 55 1 62 4 97 5 71 3 22 8 5 1 99 7 81 9 20 6 49 8 5 9 87 6 16 9 58 2 56 0 10 7 78 5 27 5 98 4 9 4 36 6 65 2 76 0 69 4 39 8 75 8 77 5 83 8 24 0 63 5 6 5 32 9 33 8 77 9 44 9 37 3 24 1 44 5 100 6 58 
60 4 8 6 43 8 33 3 82 7 10 8 76 5 17 2 90 7 8 0 53 4 47 0 83 4 44 8 72 0 81 2 99 6 43 8 37 4 9 1 60 2 100 2 72 9 33 7 11 8 32 2 83 0 73 9 49 8 1 3 83 6 68 2 67 0 66 0 31 3 93 8 4 9 63 9 6 5 39 1 95 7 84 7 53 5 71 0 13 1 18 9 79 5 95 7 98 5 80 1 59 9 1 5 36 0 56 9 21 1 64 3 49 1 9 9 45 2 16 6 26 
60 3 15 6 38 8 88 5 52 1 70 9 43 6 53 8 42 6 81 7 36 0 25 3 43 5 69 8 85 4 19 0 61 5 27 5 11 3 73 2 93 2 88 6 49 6 30 8 25 9 83 5 29 3 49 4 26 2 62 7 79 1 35 4 73 3 100 8 8 4 41 0 1 6 74 6 89 3 10 6 25 1 56 3 93 2 86 6 20 6 56 3 22 7 97 4 94 9 93 2 8 9 54 9 95 4 74 1 83 3 35 4 22 9 8 0 26 3 49 4 7 
60 6 54 4 19 6 10 9 87 3 20 1 35 2 82 4 95 5 63 7 42 1 83 0 66 2 58 9 61 2 6 8 19 4 60 4 51 8 69 7 30 9 72 0 28 0 59 1 46 1 10 1 69 8 15 8 18 0 79 6 60 7 37 1 10 1 35 0 52 8 11 6 11 6 78 3 96 9 95 5 43 7 51 4 5 1 83 2 45 5 68 6 53 1 61 3 16 7 40 6 93 5 89 5 54 6 66 9 11 2 98 5 57 2 16 6 58 7 90 4 55 
60 8 9 1 30 7 2 6 29 4 40 4 5 6 22 9 2 8 48 8 43 8 80 2 22 8 26 2 43 6 35 8 60 3 61 8 52 5 69 1 85 3 40 1 92 8 26 7 46 5 22 8 83 8 89 4 37 1 22 8 22 7 86 0 43 4 94 6 12 0 88 0 64 0 59 8 99 2 83 3 60 9 97 9 81 6 46 8 48 2 52 5 14 1 4 7 62 9 23 8 58 5 22 2 35 4 55 9 12 5 67 3 40 8 53 9 20 3 68 5 51 
60 8 35 4 33 7 36 4 77 1 8 4 74 1 59 7 27 7 93 7 8 1 8 7 36 3 82 1 5 0 88 5 15 7 14 0 41 9 80 9 7 0 91 8 8 8 60 8 67 1 81 1 85 6 56 3 52 9 75 3 94 6 74 7 30 9 44 7 54 1 38 4 61 5 26 6 4 1 87 7 31 8 39 9 90 5 53 3 66 4 72 8 98 9 1 3 25 0 6 9 28 8 45 2 89 0 52 6 3 0 62 3 40 4 3 1 3 3 41 1 15 
60 5 70 1 42 0 24 6 12 2 1 9 76 9 78 0 77 1 60 5 94 9 14 5 69 9 91 8 25 0 58 4 99 8 34 1 79 1 83 9 11 8 70 2 9 8 71 0 85 0 8 3 51 6 28 3 13 8 91 3 34 9 100 1 99 7 7 0 37 3 84 4 13 4 32 1 99 6 89 2 73 4 92 4 16 2 94 8 28 9 34 2 37 4 8 1 55 5 16 9 46 4 32 8 52 8 7 2 6 5 83 8 13 8 76 9 20 1 87 7 5 
60 0 65 2 50 3 91 5 7 0 18 2 14 4 72 8 25 8 94 3 38 4 93 5 33 8 40 6 57 4 25 0 83 0 18 7 79 4 6 2 92 8 72 5 90 9 63 6 68 8 90 1 100 0 41 6 47 7 74 5 47 0 19 3 52 8 98 8 2 7 78 6 28 2 63 5 21 1 59 6 92 2 25 6 31 0 73 3 62 9 88 8 52 3 91 4 18 6 39 4 87 9 79 2 9 1 71 6 79 9 13 2 7 4 91 5 43 4 92 3 16 
60 0 62 4 62 6 69 1 1 8 28 4 1 9 90 5 27 8 9 9 12 3 8 3 16 6 44 5 14 3 93 4 91 9 86 5 30 2 52 8 51 7 24 5 35 0 47 1 41 2 24 8 55 3 5 5 64 1 85 4 98 7 46 7 67 5 68 5 42 0 17 4 23 4 43 6 9 1 54 0 23 4 98 7 68 5 27 2 88 0 98 4 30 5 61 4 53 2 37 2 5 5 21 7 63 7 51 9 26 8 45 9 78 2 89 2 96 3 69 8 93 
60 6 13 6 13 9 90 9 16 3 13 2 45 8 60 8 21 1 32 5 10 7 82 5 12 8 61 1 58 1 84 6 85 9 9 0 97 2 68 5 40 1 27 9 49 5 31 4 10 4 78 5 80 4 96 5 81 1 73 5 9 7 31 3 18 8 42 5 41 3 26 2 83 7 75 9 19 1 7 1 90 2 53 5 70 2 43 1 17 6 65 9 29 4 18 9 76 2 82 5 57 3 98 8 49 5 59 8 23 7 24 7 59 4 88 9 76 3 33 7 54 
