10 10
60 6 60 9 18 5 44 3 74 9 41 8 21 3 80 0 73 9 80 3 67 7 84 6 37 2 50 2 60 9 26 3 20 2 75 6 48 4 46 8 56 3 59 8 68 4 16 8 80 3 87 1 13 5 6 1 82 6 39 8 55 0 18 5 17 3 100 3 6 1 5 6 3 1 27 1 38 4 20 4 52 1 37 6 4 4 48 4 49 0 63 7 90 0 90 6 77 0 9 5 80 4 25 5 41 9 76 1 56 3 44 4 49 6 50 7 3 5 75 1 88 
60 8 77 6 16 9 28 7 81 3 68 8 6 9 92 1 54 2 47 8 87 4 100 0 48 4 73 5 4 5 36 4 24 2 100 2 64 1 84 1 68 2 13 1 70 2 81 4 94 2 61 5 24 5 36 4 8 5 30 2 25 9 48 0 2 4 61 9 4 8 48 0 64 6 33 6 75 4 42 8 69 6 68 1 13 4 53 4 88 1 17 9 38 9 10 7 36 4 97 2 1 4 97 3 54 5 13 0 53 0 3 5 72 9 9 0 83 6 2 3 36 
60 4 61 6 77 8 56 4 37 1 15 9 11 3 56 1 12 1 13 5 23 8 3 6 51 8 33 7 3 6 87 2 71 9 3 4 5 2 70 2 65 1 63 8 43 8 27 2 64 8 66 1 87 8 93 4 82 5 43 6 71 8 5 9 21 7 47 2 58 1 88 9 93 2 50 9 92 8 85 2 92 8 65 3 40 1 76 6 91 1 67 0 10 2 1 5 53 3 72 1 60 0 49 0 2 1 15 8 23 4 51 3 92 8 19 1 46 1 98 1 20 
60 1 45 8 65 4 38 9 100 5 61 0 72 0 75 5 83 8 92 0 50 6 17 6 60 3 74 9 68 4 76 4 39 2 89 1 17 3 5 1 76 2 57 6 28 3 31 3 4 8 33 8 4 5 82 8 2 4 49 7 87 7 90 0 55 3 97 2 74 5 92 2 8 6 53 3 88 9 51 6 49 8 11 2 78 3 50 6 54 6 43 3 16 3 71 3 31 0 38 4 2 1 37 9 71 9 48 9 5 4 81 0 44 6 18 2 99 5 1 2 82 
60 4 53 3 53 3 87 6 15 2 67 3 84 9 5 1 40 4 38 3 24 0 82 7 49 4 38 0 84 5 20 3 65 4 4 4 87 7 1 6 39 4 2 9 32 2 2 9 97 6 91 1 64 7 65 5 75 1 24 4 41 6 94 5 67 7 16 8 51 4 56 7 21 2 23 9 1 1 38 9 46 1 28 7 90 3 99 8 8 7 45 8 8 8 78 7 10 6 37 2 47 9 47 8 56 0 52 6 43 3 19 8 70 0 65 0 43 6 5 0 42 
60 2 86 4 3 7 64 6 6 9 70 7 16 8 8 7 8 4 97 6 28 6 4 9 97 8 19 4 27 4 10 5 93 6 19 5 81 4 77 7 83 3 16 4 19 2 59 6 14 3 70 3 54 9 58 6 98 8 20 2 15 2 63 0 80 5 95 9 95 4 78 5 65 1 89 0 25 3 7 9 2 3 68 2 81 2 36 6 83 9 9 6 27 6 24 7 79 7 58 1 2 6 78 2 27 2 46 4 76 4 69 4 29 1 100 0 69 3 71 8 23 
60 1 16 9 93 7 30 3 100 9 51 5 55 2 25 7 25 3 63 3 44 5 29 3 86 1 3 7 36 3 88 5 15 9 88 0 18 2 85 3 49 9 33 1 51 9 65 4 30 2 92 6 47 2 77 6 21 6 61 9 55 2 16 0 1 0 78 2 58 9 53 8 38 4 73 7 14 8 70 5 35 8 64 1 37 6 55 4 69 0 35 9 60 6 79 1 69 3 95 1 44 2 12 5 34 6 84 5 95 8 78 2 80 9 40 7 60 6 72 4 51 
60 8 90 8 92 4 31 0 40 7 38 2 28 9 76 3 68 0 80 2 5 2 78 3 100 5 63 7 65 6 68 6 15 6 33 8 9 8 6 4 10 5 76 7 61 0 34 7 92 7 95 0 51 7 69 1 20 1 98 7 25 7 85 7 29 8 30 9 35 4 37 7 59 5 78 9 63 5 38 1 7 8 43 3 99 3 39 0 16 8 18 0 25 8 99 6 24 7 16 0 10 5 13 3 48 3 22 2 34 5 80 0 96 9 43 0 100 9 51 6 13 
60 7 86 3 74 1 47 9 24 6 53 9 46 4 67 9 41 9 54 5 27 9 94 6 78 7 90 0 17 7 97 4 2 6 58 2 72 1 7 6 2 1 43 5 15 5 79 1 56 1 95 6 14 5 72 8 31 4 77 0 34 1 49 4 60 0 76 9 96 7 83 3 100 3 70 6 10 3 32 9 14 5 5 3 17 1 64 4 58 3 81 4 67 9 13 4 84 3 78 8 33 3 3 8 36 8 13 6 65 9 82 5 32 8 35 3 65 0 88 6 50 
60 9 69 2 17 6 68 7 55 5 65 7 100 2 48 0 5 8 88 0 26 5 63 2 31 9 12 1 48 6 89 7 13 8 84 9 99 5 17 6 13 4 88 5 94 6 43 7 82 6 24 6 88 6 56 7 29 4 18 5 15 5 19 5 42 1 98 6 5 6 34 8 80 1 11 7 82 4 73 6 15 4 78 1 48 7 11 8 45 8 67 9 27 6 83 3 82 3 99 6 97 5 40 4 28 1 97 4 40 6 19 0 49 9 29 8 17 5 51 4 47 
