10 10
60 7 4 3 10 3 32 2 51 1 13 3 13 4 69 8 41 0 93 7 14 7 35 2 45 1 27 7 88 8 47 6 74 1 10 2 55 9 86 7 77 5 13 1 17 4 1 8 11 0 59 1 69 4 47 9 25 7 88 8 63 2 40 7 30 0 99 3 51 6 4 6 6 5 66 1 89 3 79 4 92 8 8 2 25 2 56 4 4 4 34 7 60 9 83 2 76 7 15 3 1 6 15 9 66 9 91 0 55 8 13 3 9 5 73 8 75 0 23 2 93 
60 2 28 7 94 1 71 8 98 4 64 7 68 9 23 9 67 6 66 0 31 1 90 3 82 9 9 5 45 7 56 9 46 7 78 8 5 9 42 7 64 2 17 4 40 0 80 9 22 0 56 0 89 7 91 8 17 2 27 7 82 0 50 4 57 4 21 4 5 8 81 4 14 7 46 1 88 5 72 2 4 4 94 2 92 2 22 5 86 1 95 0 50 5 90 5 53 4 51 0 53 2 13 9 4 7 56 8 95 2 54 5 23 5 72 3 65 8 84 5 12 
60 6 66 2 49 5 95 4 47 0 41 3 29 5 16 1 7 5 76 8 87 3 46 8 42 6 48 4 52 1 15 0 47 7 50 4 34 0 88 6 72 5 14 3 59 7 83 5 8 5 8 6 63 5 89 6 14 5 29 3 11 8 63 7 32 9 6 3 39 9 79 5 66 6 26 2 27 7 35 5 59 2 50 8 18 4 15 9 61 3 48 7 30 8 2 8 16 1 22 4 19 7 2 6 54 4 13 7 49 1 22 4 62 8 4 6 33 3 54 7 51 
60 8 63 3 72 2 60 7 14 7 93 8 54 7 82 3 10 8 22 5 62 4 35 2 73 6 55 9 72 0 46 6 49 3 4 2 70 9 50 3 49 3 48 6 45 5 12 2 94 5 35 5 75 6 16 0 84 8 53 3 21 8 34 7 81 3 30 6 21 0 10 9 12 7 8 0 22 0 5 0 88 3 41 1 17 2 87 3 54 2 1 7 27 7 89 0 28 1 81 5 66 2 40 1 26 6 23 2 67 4 76 3 29 6 14 5 95 8 34 7 75 
60 9 90 6 29 5 77 3 65 4 97 0 18 4 39 3 64 7 38 2 15 4 63 6 79 6 26 3 38 1 99 2 16 2 16 2 43 3 36 9 33 6 71 5 64 8 9 1 3 4 39 6 63 7 80 3 100 5 79 9 64 6 51 8 20 1 59 5 68 0 52 4 62 9 46 9 12 9 1 9 7 8 30 6 41 4 100 8 59 4 87 4 31 4 83 3 89 4 71 1 8 1 91 2 22 9 5 7 95 4 51 5 15 0 98 9 85 5 76 2 94 
60 4 100 1 51 1 49 9 62 1 83 5 31 7 96 7 98 8 1 2 21 1 20 1 64 4 61 4 45 9 66 4 78 2 71 9 49 8 68 0 85 2 80 8 27 7 13 2 76 7 79 7 36 2 15 9 95 7 20 2 78 8 80 5 68 6 33 8 86 6 46 7 30 8 23 3 52 6 8 8 24 8 28 6 13 1 76 5 63 4 29 3 3 1 54 1 74 2 20 0 23 1 6 8 65 7 32 6 3 7 47 0 21 7 81 6 40 8 55 1 33 
60 1 23 6 94 5 11 8 66 1 78 0 91 8 45 3 11 2 31 4 77 0 19 4 77 5 12 7 37 8 65 9 2 8 53 9 73 8 87 2 41 7 1 9 69 6 58 9 75 5 87 9 48 8 31 1 13 8 58 5 61 1 53 1 100 4 41 9 38 9 44 8 92 0 41 8 58 5 71 4 66 7 70 1 99 3 59 0 78 3 92 4 44 6 34 6 28 4 100 2 42 3 81 3 80 8 1 4 30 6 39 6 65 4 63 8 89 1 87 5 10 
60 8 55 3 70 8 70 9 97 6 85 0 18 7 65 8 7 9 52 4 37 2 35 9 31 6 93 2 81 7 30 8 14 6 45 5 40 3 46 2 82 4 38 7 24 0 51 4 12 7 52 9 71 1 7 3 46 6 41 2 65 8 63 3 46 8 68 2 47 9 77 7 56 3 61 7 37 0 50 5 73 8 100 5 38 0 80 5 41 9 81 7 5 3 64 1 32 4 33 2 23 1 83 4 63 5 53 6 36 5 10 9 51 2 49 2 52 5 31 5 41 
60 9 42 0 83 5 84 6 62 5 92 2 31 7 17 1 62 2 29 4 39 6 20 1 46 6 7 2 50 2 57 3 34 0 61 6 38 6 65 6 30 6 26 0 40 2 43 8 77 1 92 4 79 4 69 1 69 8 21 6 19 1 55 0 82 6 79 5 88 1 47 5 33 9 17 8 7 1 17 5 79 3 38 2 42 6 54 5 68 9 90 1 59 3 1 9 50 2 93 8 73 3 77 9 15 4 7 5 93 9 26 3 16 6 31 6 90 7 82 9 50 
60 3 97 1 79 3 69 1 11 5 95 2 40 0 72 2 90 9 49 3 48 9 10 7 66 7 59 6 44 4 45 5 84 4 10 7 23 1 43 6 63 6 49 5 17 3 99 7 93 5 22 4 71 3 45 4 37 0 78 3 22 7 6 2 24 6 30 8 66 7 93 7 82 6 77 6 92 5 26 5 12 2 75 4 3 0 64 9 60 7 80 1 9 2 61 9 86 3 2 8 95 5 19 3 21 7 94 1 86 5 13 3 93 2 55 9 22 6 42 4 35 
