10 10
60 9 18 1 86 1 32 3 12 2 67 0 6 6 84 0 77 0 58 5 57 1 93 2 34 8 96 4 18 9 52 2 69 4 83 5 35 5 3 3 5 3 1 5 21 7 16 2 25 1 57 8 12 5 10 8 21 9 90 2 37 3 37 7 8 6 88 0 52 1 8 6 4 9 26 7 25 5 14 8 1 2 87 4 57 0 12 0 24 0 50 2 2 2 53 8 9 0 15 3 54 5 68 0 70 6 78 1 3 6 24 0 38 5 33 2 41 2 36 9 46 
60 1 12 4 78 3 14 4 65 7 79 0 97 1 90 2 16 6 20 7 83 9 44 4 39 0 43 9 80 3 85 7 54 9 35 0 47 0 50 6 30 8 41 4 23 1 98 4 97 5 88 2 65 3 37 4 88 2 9 0 26 2 7 6 39 7 9 0 78 9 35 5 55 0 21 9 52 7 76 5 71 8 70 5 83 8 16 1 58 0 47 0 12 4 84 6 4 4 47 4 4 6 24 3 22 5 51 7 27 4 95 9 67 6 43 0 19 1 26 3 85 
60 3 52 2 43 6 89 3 66 4 41 8 64 8 31 6 81 4 71 7 89 4 16 1 56 7 72 2 97 4 94 5 97 5 86 3 18 6 68 8 81 7 9 5 45 3 8 3 27 0 70 2 98 0 18 7 27 3 87 0 24 8 12 4 86 1 84 3 81 3 10 4 37 4 36 7 3 4 76 0 81 7 100 1 51 8 65 5 86 6 3 0 92 9 29 9 23 4 100 0 24 7 64 0 61 9 46 8 72 2 52 3 80 1 3 5 95 3 54 0 40 
60 9 29 9 94 0 47 1 18 1 48 3 63 5 23 7 55 5 65 3 89 6 81 7 37 0 48 4 33 0 100 1 11 5 81 4 50 5 85 4 15 4 93 5 80 1 30 6 11 2 95 0 77 4 80 6 50 1 60 2 48 7 29 8 80 4 83 4 10 6 81 3 92 6 12 6 10 1 74 7 17 9 61 2 72 8 47 0 33 6 53 8 99 3 29 3 69 2 86 7 45 6 92 2 27 5 32 8 96 5 8 9 40 6 12 5 57 4 23 3 75 
60 9 76 4 36 5 14 4 80 6 25 7 32 2 88 0 70 5 77 5 37 5 51 3 27 6 17 8 30 8 88 3 41 8 8 6 12 3 21 5 43 9 77 0 45 5 37 3 54 6 2 2 54 4 44 6 56 6 37 3 12 5 73 3 6 1 83 1 30 9 20 0 11 2 35 4 32 4 47 4 61 7 30 3 3 0 69 4 6 5 23 3 29 9 4 5 72 1 72 0 51 8 82 5 47 6 77 3 91 0 5 3 35 4 38 0 77 6 48 0 67 
60 8 21 5 66 7 15 8 83 3 71 9 50 6 40 3 22 8 85 2 13 0 85 3 24 7 11 5 50 6 64 7 6 0 95 2 72 6 86 9 76 7 40 3 12 3 93 1 10 9 75 1 52 5 39 4 11 8 54 8 77 5 25 0 67 0 2 0 10 7 7 8 86 0 68 0 9 8 82 7 85 0 31 3 10 6 69 2 83 8 57 5 63 7 2 7 57 2 33 3 33 0 24 2 72 5 54 2 24 9 39 7 22 6 81 7 16 6 99 0 34 
60 2 4 4 70 8 86 2 47 0 16 3 72 1 53 7 62 9 22 4 67 4 76 2 85 1 82 2 24 8 18 0 6 4 100 8 1 1 4 1 45 3 75 6 68 2 47 6 70 9 52 0 84 1 61 1 42 3 62 9 59 3 58 5 99 7 7 7 11 4 47 2 8 5 31 8 33 3 66 6 93 2 73 2 83 9 72 2 24 7 17 7 42 3 62 6 52 2 94 7 30 8 6 8 82 3 29 1 94 5 39 7 87 8 87 6 72 9 78 2 29 
60 9 14 4 32 5 38 3 58 5 97 8 14 8 26 7 29 0 97 4 47 0 97 0 48 2 50 1 70 3 60 5 79 2 65 0 64 8 87 6 30 3 13 5 92 8 86 6 8 4 31 9 20 9 38 9 64 1 79 3 54 2 64 2 57 0 49 0 55 1 91 8 7 5 5 0 81 3 94 4 75 7 36 2 72 9 5 0 19 7 58 0 63 8 27 7 79 0 27 1 98 0 55 4 39 7 80 3 22 8 86 1 27 6 10 0 24 2 89 7 29 
60 1 49 6 81 3 27 5 88 4 61 4 30 3 23 0 96 0 72 5 48 2 39 7 36 6 47 2 33 1 22 3 69 1 20 8 3 6 86 4 74 6 69 9 85 9 9 1 7 0 60 1 71 8 22 2 85 8 9 4 36 9 89 9 52 6 77 7 51 7 5 9 27 2 15 3 64 8 66 1 13 5 99 1 78 6 65 2 57 5 93 0 56 6 93 3 48 2 83 5 31 9 5 2 38 3 55 9 56 4 63 2 32 0 30 2 10 7 48 3 96 
60 0 76 1 90 5 74 0 64 2 5 5 67 4 8 8 76 3 53 0 45 5 14 1 83 8 60 0 86 9 77 1 32 7 84 7 42 8 82 4 58 1 43 2 94 5 12 3 82 8 48 9 48 7 92 3 85 2 24 8 99 7 89 6 84 7 83 2 73 6 46 4 77 5 51 2 100 6 79 7 14 3 100 7 34 9 12 7 12 9 45 6 3 8 71 6 71 7 1 8 34 4 99 1 57 1 70 1 51 6 17 7 87 0 77 7 85 9 21 0 5 
