10 10
60 5 11 6 86 7 55 2 88 2 97 4 52 0 61 8 56 3 73 7 22 3 22 0 21 6 29 2 8 8 44 5 6 8 3 3 10 7 48 3 73 4 38 8 87 8 36 5 12 6 89 8 19 5 95 3 78 7 21 4 71 5 13 9 33 2 73 8 53 9 97 8 2 4 41 4 43 7 91 7 38 1 58 3 40 4 39 2 13 8 33 3 12 5 20 1 77 6 6 8 12 8 88 5 41 6 25 6 39 0 52 6 55 3 70 5 9 3 15 0 35 
60 1 51 2 19 1 64 8 55 4 2 4 66 3 1 3 31 7 98 7 20 1 54 6 67 5 72 0 78 2 76 1 2 9 39 8 62 5 13 6 27 7 99 6 63 3 77 9 10 4 8 1 3 0 48 1 38 1 48 3 50 6 4 3 54 2 30 4 73 9 48 5 32 3 63 5 43 6 76 4 60 8 98 4 93 4 1 0 25 5 12 5 24 7 57 3 83 2 90 3 91 3 76 8 24 9 18 3 79 7 4 4 87 1 14 3 77 4 36 8 36 
60 7 47 3 59 1 57 2 88 5 83 5 26 5 66 4 36 4 84 9 17 2 21 6 34 9 66 9 93 6 22 7 61 5 8 8 7 7 31 2 73 8 56 5 68 3 60 7 26 4 99 9 18 0 20 1 50 0 38 0 29 6 92 4 77 7 88 4 73 2 86 8 68 5 79 1 51 0 69 7 97 7 64 5 23 1 33 1 83 4 39 6 88 7 51 5 29 1 50 5 11 2 12 1 9 4 69 1 67 3 16 7 57 7 81 9 40 4 10 1 6 
60 2 5 5 73 4 55 4 48 8 29 3 12 9 31 6 82 8 5 7 59 9 97 1 15 7 38 3 58 3 12 6 1 9 66 0 3 1 37 0 27 8 44 3 96 3 75 0 86 2 62 0 95 8 22 5 64 8 50 4 53 8 59 2 66 0 47 6 78 0 9 8 18 0 75 8 97 9 71 9 32 3 59 1 61 4 40 6 22 1 64 5 56 1 41 2 29 6 98 7 40 0 15 4 27 2 98 8 94 3 100 3 100 4 85 2 13 5 47 2 99 
60 4 4 9 45 0 77 8 3 7 43 7 83 5 11 0 58 6 37 3 84 8 2 7 54 4 65 5 15 3 67 1 42 3 32 9 26 3 71 4 55 3 20 5 30 7 74 3 5 3 78 6 40 5 27 0 3 0 13 5 22 7 19 4 19 5 51 1 37 7 92 3 14 5 46 0 49 1 38 0 14 3 45 8 68 0 75 9 9 6 40 7 18 9 39 5 87 2 71 2 69 9 29 8 87 5 78 5 33 8 81 6 77 6 11 4 93 3 3 3 71 
60 5 54 1 43 3 87 0 68 1 70 8 62 0 10 5 36 0 97 1 15 0 20 7 12 5 83 0 89 8 10 9 98 7 12 8 68 8 21 3 18 9 97 6 90 3 97 7 79 5 40 4 79 4 20 1 75 6 79 3 1 3 62 3 86 4 91 2 11 4 23 2 41 7 31 1 35 3 49 0 48 1 97 9 40 4 72 7 88 5 24 9 70 0 6 4 13 1 45 7 37 6 49 7 20 8 74 4 25 2 97 6 31 6 63 6 3 9 7 0 64 
60 6 24 8 26 2 58 1 73 3 29 1 1 5 21 2 55 6 30 7 45 4 87 1 12 1 85 4 60 3 53 2 52 1 9 8 32 8 49 6 70 0 75 7 36 9 59 9 88 5 74 6 49 4 9 8 42 8 71 5 12 4 4 2 79 1 21 3 86 6 1 3 76 1 68 9 28 3 4 5 54 0 23 8 78 0 49 6 91 1 96 9 43 1 1 0 29 6 56 6 84 6 93 0 20 8 64 9 8 7 36 9 53 6 19 2 32 8 98 0 4 
60 0 80 3 92 2 46 6 37 1 42 3 94 7 10 3 69 1 94 6 14 1 88 4 27 8 76 5 53 5 38 6 14 0 93 6 66 8 82 9 52 9 25 0 47 4 47 6 18 1 82 8 25 3 56 8 96 3 86 6 81 5 94 3 13 7 22 0 88 4 83 7 95 8 68 5 9 5 15 4 55 4 74 4 50 5 8 4 9 4 22 7 90 6 39 5 80 0 10 6 82 0 35 9 63 3 42 3 65 9 58 4 37 6 22 1 64 6 32 6 79 
60 5 1 8 4 5 38 5 72 5 81 6 79 3 18 9 38 5 27 9 37 9 29 3 42 3 64 0 95 1 24 7 51 9 63 5 35 0 83 8 11 7 47 1 88 0 77 1 63 7 93 5 69 0 43 6 51 0 46 6 53 4 24 5 62 8 19 0 53 1 72 0 44 5 34 7 66 0 31 5 21 7 11 3 66 2 99 8 74 3 35 8 37 0 95 4 63 7 58 3 17 4 62 0 34 0 33 0 4 2 50 5 49 5 73 5 99 0 4 0 8 
60 5 35 9 38 0 23 0 79 3 44 9 68 7 75 1 47 5 73 5 81 9 74 7 59 5 51 3 19 7 41 6 77 9 26 1 76 1 29 9 68 0 84 9 66 0 33 1 97 4 84 4 41 9 47 4 13 5 26 9 22 1 82 4 96 1 94 4 26 1 61 0 33 0 11 2 51 9 61 2 82 5 80 8 1 2 82 9 40 7 7 3 49 2 92 5 60 0 29 3 29 0 66 2 84 9 66 2 90 3 85 6 20 2 44 1 67 2 51 6 42 
