10 10
60 0 69 9 85 7 45 9 11 9 58 8 18 2 11 1 97 2 75 3 18 0 41 6 90 1 18 4 60 2 36 3 19 8 14 4 47 2 51 1 91 1 60 0 51 1 21 3 17 3 71 4 35 6 11 3 4 7 29 0 83 7 29 0 58 5 26 4 32 5 32 3 28 5 22 1 39 9 65 5 10 5 53 9 18 8 61 6 8 0 41 0 25 4 94 7 25 5 28 9 6 7 73 0 82 7 1 2 57 2 63 5 97 6 88 4 3 8 57 6 56 
60 3 89 7 98 8 15 9 73 3 34 4 56 5 45 0 18 0 78 2 3 6 67 0 20 0 80 6 56 9 53 2 35 6 90 1 43 1 55 7 90 3 10 7 43 3 80 2 8 0 100 4 64 5 25 9 60 7 70 5 68 1 53 0 26 2 95 9 85 4 30 3 11 9 66 2 62 1 32 6 50 6 83 9 1 7 35 8 94 5 26 2 14 4 53 8 70 3 13 6 59 8 20 6 80 5 39 9 89 7 32 0 52 9 21 9 28 1 94 3 14 
60 1 2 3 76 2 11 6 36 3 44 8 2 2 26 0 16 5 16 6 2 7 13 6 81 0 16 8 59 9 59 5 77 2 84 8 26 1 55 4 69 9 64 6 58 0 16 5 42 9 65 7 33 6 14 5 6 5 50 6 55 6 6 8 25 4 55 5 69 1 31 9 66 3 8 6 87 5 84 2 6 2 72 6 55 4 12 0 41 8 21 0 96 1 35 1 79 4 13 4 46 8 23 6 77 7 86 9 88 6 95 2 24 9 62 5 73 1 45 6 88 
60 3 5 1 59 2 96 7 1 1 78 3 85 4 13 2 17 1 2 4 31 9 35 7 89 6 45 2 9 5 24 5 92 2 51 8 2 0 89 6 95 4 47 7 1 7 76 5 73 8 97 7 14 9 67 3 13 3 55 3 62 8 65 5 91 0 96 7 46 8 10 6 53 4 20 2 19 0 66 1 14 1 24 1 96 3 93 6 52 1 52 4 5 4 42 7 1 7 21 7 56 3 47 6 68 0 28 7 96 7 8 4 73 5 65 1 100 2 49 5 59 
60 2 62 9 47 0 8 6 21 9 96 7 80 6 82 5 43 0 1 0 97 5 65 2 83 8 85 3 6 6 87 1 1 6 28 9 51 2 69 6 61 7 20 3 44 0 63 0 26 7 18 7 86 1 67 5 96 2 97 0 48 0 42 8 98 8 4 0 3 9 13 5 100 1 31 5 17 4 100 7 23 6 67 2 18 9 43 6 26 4 81 4 95 6 29 1 80 4 13 7 73 1 34 1 71 4 88 1 95 4 77 5 29 7 32 6 53 5 69 2 97 
60 9 46 6 78 1 52 6 12 6 78 4 89 1 18 8 67 9 27 1 37 9 91 2 83 2 32 6 55 8 43 5 70 9 52 9 93 8 81 2 46 5 1 8 20 1 27 6 47 3 44 5 78 7 14 7 72 3 95 5 34 2 45 1 67 0 23 8 32 1 99 1 67 2 52 7 38 7 11 8 68 3 58 8 72 0 77 4 5 9 11 1 53 0 44 5 4 7 15 7 93 2 14 3 58 3 50 4 6 7 57 7 17 0 58 0 59 0 11 5 20 
60 5 82 8 84 5 88 2 26 5 42 5 89 1 26 1 77 7 87 9 57 2 40 1 57 1 20 9 78 0 36 9 97 6 69 7 21 0 44 2 86 4 28 4 66 5 35 7 44 0 64 3 59 4 80 4 84 1 67 9 37 9 37 5 47 7 13 0 18 0 76 3 51 8 7 2 71 3 34 0 57 0 83 5 7 4 49 7 84 8 29 4 29 1 83 4 69 0 94 7 49 5 18 2 95 7 100 7 52 7 95 8 39 1 96 1 78 1 10 0 68 
60 3 40 5 28 8 67 0 82 3 33 0 1 5 95 6 26 8 54 8 35 4 40 2 76 4 92 1 89 0 93 4 23 9 33 8 99 6 42 9 58 5 40 8 50 3 64 8 54 9 24 6 66 3 25 6 15 6 10 2 38 0 1 3 20 6 97 5 97 3 84 6 85 0 89 5 30 6 85 3 16 2 88 8 98 0 11 0 4 3 60 8 61 5 48 9 92 5 13 7 25 4 52 8 57 7 66 7 68 3 31 1 60 1 24 1 7 2 22 2 23 
60 6 43 7 38 3 65 9 75 2 70 3 14 8 28 7 27 6 75 0 53 4 46 1 7 8 44 6 15 5 49 9 61 7 13 2 100 4 50 4 24 6 82 0 52 6 17 4 70 6 74 3 70 7 65 7 71 2 22 0 67 1 46 6 18 2 89 7 76 5 68 1 36 4 67 4 28 7 37 1 70 5 75 8 47 1 32 5 43 9 75 9 100 3 45 6 92 7 53 9 88 1 11 5 55 9 85 6 44 6 64 9 70 4 3 1 7 7 88 4 95 
60 0 75 0 72 7 56 4 41 5 33 6 67 4 13 4 58 5 44 6 65 9 49 1 40 1 71 1 54 4 9 1 65 5 48 1 98 2 12 5 2 3 65 8 79 4 100 0 85 8 85 2 11 0 14 2 88 9 39 0 78 6 12 6 48 0 86 2 45 1 3 9 77 7 26 3 72 8 40 0 48 6 93 3 100 1 35 8 62 8 6 4 97 7 29 7 89 3 5 0 78 4 29 9 89 2 18 6 29 4 95 7 91 3 68 0 67 6 94 3 54 
