10 10
60 2 44 5 20 7 20 7 84 0 96 8 20 1 40 1 100 7 7 8 87 7 30 2 8 9 28 5 58 5 48 8 61 6 31 1 98 4 55 6 14 2 81 7 69 4 19 7 44 1 38 9 50 5 66 1 40 3 58 3 62 5 84 9 34 3 75 2 97 3 97 5 63 9 83 7 66 8 51 7 54 9 80 4 96 9 53 8 13 2 56 4 100 5 39 5 13 3 76 8 60 9 62 4 29 1 21 0 27 4 68 8 26 1 84 9 72 6 31 2 98 
60 9 9 7 100 9 4 5 79 1 88 2 37 0 51 4 55 1 85 1 13 7 55 6 67 4 8 1 59 9 7 2 31 5 89 1 20 4 67 1 24 2 18 5 54 4 58 0 99 0 49 7 12 2 71 7 89 2 87 9 23 6 4 5 31 3 100 1 66 4 50 8 86 2 85 3 25 0 67 7 4 1 18 6 32 2 11 7 16 5 22 4 22 8 47 1 53 4 31 4 86 5 62 7 32 5 39 6 4 8 36 7 79 9 9 6 92 7 20 9 29 
60 6 5 2 19 6 95 9 89 5 11 1 10 8 4 2 74 5 59 3 7 8 14 2 30 1 59 8 14 9 61 7 52 0 24 7 46 2 11 3 44 2 86 2 39 5 98 0 36 8 74 7 16 4 35 0 73 8 84 9 47 6 95 2 34 1 40 1 78 4 83 4 89 1 57 1 36 9 22 0 96 7 8 9 36 4 66 1 70 2 98 5 30 8 17 4 96 2 25 1 51 8 58 7 50 5 21 9 61 1 51 6 18 8 69 7 18 2 35 1 36 
60 2 54 8 69 2 71 0 68 7 46 7 55 2 79 6 90 3 44 0 15 0 68 9 96 2 96 0 93 1 81 2 53 2 19 9 32 6 7 4 75 7 31 8 35 3 96 0 58 2 46 8 77 1 73 6 52 3 9 0 97 5 44 5 71 8 29 8 40 8 44 2 68 1 38 6 96 5 20 9 42 8 16 2 57 9 34 0 52 3 62 4 63 7 23 3 33 3 47 5 89 6 16 7 8 0 67 2 78 1 69 7 25 3 89 0 31 4 53 1 73 
60 6 100 7 4 0 64 8 2 1 2 3 51 4 68 7 59 3 30 1 30 4 62 3 3 3 9 5 47 6 32 0 77 2 86 8 60 8 9 7 40 0 54 7 73 5 82 9 79 1 9 7 17 7 76 3 66 3 100 6 35 6 73 4 16 2 72 6 18 4 85 1 29 0 31 5 84 9 54 2 19 5 14 4 100 4 1 2 43 3 82 9 90 1 3 4 35 2 40 5 61 7 3 8 88 3 37 5 38 3 94 3 20 7 16 3 95 6 52 7 80 
60 6 70 5 53 4 97 6 71 4 38 0 39 9 70 6 11 7 72 3 32 7 48 0 23 2 10 5 88 4 6 9 80 2 91 4 50 1 36 6 49 2 96 4 28 5 83 8 84 2 41 1 62 0 56 3 98 3 53 4 75 0 35 6 91 4 27 2 71 5 10 4 87 4 39 6 77 3 54 0 90 1 94 7 18 5 19 4 8 5 2 0 95 9 81 6 38 5 3 6 85 4 18 7 78 2 51 2 69 2 71 1 43 2 13 1 50 6 17 4 59 
60 6 88 6 39 8 95 5 17 9 83 4 4 5 44 8 65 5 56 3 66 9 52 8 54 3 15 4 76 1 68 0 12 2 61 6 50 1 88 7 4 9 79 6 33 3 50 6 91 4 65 4 36 6 39 0 20 0 31 6 61 7 34 7 73 8 25 8 6 7 25 1 21 9 11 1 72 7 89 8 87 4 100 4 96 2 20 6 46 7 30 2 64 3 47 4 38 4 55 3 36 4 56 6 38 1 49 1 43 0 96 4 81 3 89 1 3 3 39 3 9 
60 6 59 9 28 1 98 2 72 6 91 1 85 4 15 9 73 0 81 5 19 2 21 3 8 2 38 9 90 2 75 6 43 4 54 6 9 9 51 6 25 2 41 5 76 6 98 3 11 6 77 3 33 6 63 2 41 3 19 7 43 7 75 7 53 9 69 1 60 1 2 7 9 4 86 4 77 4 52 8 40 2 44 5 20 4 38 4 54 8 71 2 79 6 62 7 16 4 50 9 1 0 13 4 87 9 76 9 96 0 90 3 18 4 76 2 8 2 20 8 91 
60 5 5 4 49 6 39 7 19 5 31 7 75 7 36 8 90 0 62 5 83 0 93 4 48 9 19 9 41 9 6 7 4 8 87 8 30 9 47 1 15 7 85 5 1 2 2 5 40 7 42 7 44 4 34 3 2 7 75 5 38 5 69 6 47 3 63 9 67 0 62 7 83 4 78 1 59 8 68 3 46 2 88 5 73 1 100 0 20 1 33 7 81 8 54 7 62 8 33 3 87 7 18 0 2 6 97 9 46 6 12 5 76 8 45 7 59 1 34 4 87 
60 9 85 0 88 7 58 3 56 3 27 2 33 2 92 0 16 2 14 1 70 5 46 0 24 2 43 8 95 3 36 9 3 1 65 4 22 2 76 3 40 7 2 9 37 6 38 0 67 9 77 5 25 7 19 8 37 3 61 5 48 0 72 2 95 7 81 1 58 6 8 7 60 5 94 9 8 4 18 6 49 6 67 5 53 7 50 8 62 8 94 3 69 8 82 3 63 7 10 1 25 8 47 7 88 4 8 7 69 2 45 8 84 0 12 9 78 5 50 1 9 
