10 10
60 2 36 1 28 5 58 4 60 8 72 3 62 0 69 2 92 4 100 6 97 1 99 2 73 9 51 7 75 5 6 9 94 9 79 3 73 8 31 6 59 4 41 8 18 5 25 2 52 5 100 0 75 9 72 0 22 7 10 7 94 7 98 3 9 9 31 3 86 5 37 7 30 8 37 6 59 2 60 5 52 7 14 6 26 2 51 2 16 4 15 6 28 8 9 7 92 2 91 9 56 0 59 0 73 3 76 0 19 6 97 0 62 0 24 7 90 2 97 3 30 
60 3 38 3 86 7 11 2 89 9 65 2 55 5 66 3 7 4 49 1 29 5 67 7 34 5 32 9 52 8 61 7 57 5 12 3 38 2 35 3 9 6 84 1 43 6 77 6 22 2 47 8 97 3 22 6 51 9 18 2 54 5 68 1 42 1 55 5 13 7 32 9 15 0 65 9 75 9 61 1 95 3 100 8 96 7 43 1 32 9 60 1 3 7 81 9 1 8 14 9 47 0 38 6 2 3 52 2 83 2 53 8 48 5 40 4 21 1 50 6 66 
60 6 99 3 65 5 20 6 4 2 70 6 56 4 82 6 17 0 73 3 70 4 36 0 12 7 93 8 66 4 44 9 98 6 88 1 9 5 47 1 40 5 93 8 2 2 67 4 6 3 17 7 44 5 24 1 69 0 60 8 3 0 61 6 62 5 40 8 84 2 11 5 52 1 74 1 44 4 19 2 74 4 90 8 39 6 70 2 23 3 57 1 43 6 66 8 26 9 43 2 72 1 9 0 7 9 64 0 29 6 4 9 100 1 89 0 33 2 42 9 58 
60 9 43 8 60 0 52 5 96 8 59 6 98 5 48 1 55 3 17 3 74 6 5 9 3 2 56 5 90 8 66 9 93 5 69 8 92 0 35 9 75 5 6 7 92 5 9 9 95 5 94 9 83 9 63 3 2 2 92 3 37 5 71 1 10 4 31 9 20 3 91 7 82 2 12 7 35 9 5 3 35 4 47 8 46 1 34 0 37 4 86 6 24 8 83 9 86 4 54 6 96 8 77 1 64 7 19 4 47 4 34 2 64 7 67 1 90 5 25 1 37 
60 7 5 8 47 3 19 3 6 2 20 2 74 9 56 1 20 4 8 1 85 7 81 9 39 9 41 7 37 0 63 4 54 4 23 1 98 2 71 3 29 9 71 2 61 3 18 2 13 0 1 1 79 0 87 2 10 6 67 2 1 9 71 9 5 3 94 4 45 2 30 4 13 1 81 3 60 7 35 3 62 6 95 6 25 6 50 8 46 6 21 6 19 5 37 1 28 5 60 9 29 9 42 2 100 6 63 5 76 9 92 7 31 9 1 9 87 3 75 5 37 
60 3 99 1 47 8 45 2 48 1 83 6 4 5 43 8 95 1 27 4 93 5 46 6 71 9 89 1 9 9 100 9 16 3 77 5 48 6 46 7 72 8 36 6 83 7 37 9 74 6 58 0 98 4 12 0 57 8 28 3 32 0 28 4 12 4 71 0 30 7 23 1 91 2 97 5 76 7 93 6 55 1 46 8 64 5 62 5 79 5 25 7 58 6 56 9 83 3 49 2 93 3 73 6 63 3 85 6 14 2 31 4 70 1 75 0 36 0 72 9 22 
60 4 54 5 15 0 11 9 35 0 58 5 89 2 16 9 31 1 99 5 60 5 3 6 84 2 93 9 36 3 71 2 20 8 15 9 68 7 84 2 78 4 89 2 61 0 79 9 89 8 29 9 98 5 84 0 84 3 89 2 33 3 75 2 4 9 46 2 36 2 100 5 9 1 86 7 40 4 97 8 58 8 51 8 23 6 46 6 69 3 66 8 57 9 11 9 26 0 99 2 70 5 36 7 91 4 31 4 11 3 96 2 32 4 3 5 47 5 70 8 90 
60 2 4 3 37 8 30 6 29 4 65 7 3 7 81 3 6 2 91 3 86 7 86 9 82 5 65 7 85 2 59 4 54 7 76 8 36 1 85 4 86 9 95 9 81 1 91 3 34 3 6 1 44 7 94 0 44 6 60 6 74 4 8 1 26 1 70 1 89 0 84 2 100 7 71 0 15 2 28 1 5 2 27 4 35 4 99 6 36 3 66 0 26 5 41 1 10 8 96 2 85 1 46 8 42 2 48 9 57 7 33 4 9 9 36 3 70 3 44 2 24 
60 6 6 8 68 6 54 4 5 1 11 5 88 9 13 9 75 0 84 4 87 6 8 6 9 9 100 0 42 1 36 9 8 9 25 9 39 8 61 5 21 0 94 3 93 3 36 8 59 4 89 3 51 9 29 8 29 8 98 3 64 8 32 1 57 0 2 4 19 1 46 6 72 4 70 1 73 1 72 7 15 8 100 9 2 8 98 0 58 8 89 6 39 5 60 4 45 0 88 3 32 5 82 2 62 0 75 5 95 2 34 6 100 3 82 3 49 1 47 8 66 
60 8 69 9 99 9 84 0 8 6 47 5 97 8 75 5 69 4 100 9 25 1 5 0 24 2 55 0 8 0 66 4 25 0 50 6 71 5 76 1 51 5 44 0 84 6 69 4 100 5 98 0 24 9 86 8 72 7 26 6 38 2 42 8 88 6 27 3 26 0 47 3 77 0 50 7 41 0 48 4 35 5 10 8 24 2 21 6 48 2 88 8 47 4 91 1 93 3 70 7 8 9 92 5 22 1 17 0 89 0 79 3 47 0 76 8 10 3 72 2 1 
