10 10
60 8 32 6 65 8 98 5 25 9 71 1 37 6 75 7 72 5 10 3 90 0 7 1 45 0 96 4 84 5 90 0 20 6 47 9 20 7 6 5 50 4 19 7 42 8 59 8 29 9 40 1 15 0 39 9 2 2 62 3 74 9 16 0 36 2 96 4 78 8 62 1 90 9 50 5 22 4 31 9 32 6 51 7 26 6 49 5 90 3 86 7 41 8 37 2 26 8 80 3 61 1 72 2 13 6 35 8 18 5 26 8 9 1 53 0 62 1 23 6 1 
60 4 71 3 9 8 71 3 46 7 46 8 33 4 48 3 49 1 8 2 25 8 29 0 29 9 60 7 13 7 6 9 82 2 90 3 82 4 92 9 41 8 44 3 80 5 86 1 51 7 8 3 41 4 67 1 61 4 35 6 94 9 69 4 57 6 48 7 51 1 67 3 63 7 57 3 71 0 13 5 87 1 6 2 14 9 99 8 13 7 58 8 9 7 96 5 33 8 96 0 75 6 50 3 14 3 28 7 37 1 84 3 98 3 43 9 85 2 82 1 54 
60 7 28 3 6 5 98 9 36 8 58 1 97 5 85 4 47 7 98 0 29 6 28 5 75 8 90 7 33 9 19 9 16 4 82 7 42 5 64 1 59 3 91 3 30 8 42 8 97 2 49 7 96 0 69 2 51 2 28 0 77 5 40 4 64 9 63 1 79 5 18 5 15 6 30 8 98 8 94 8 96 2 82 7 38 7 34 0 78 8 59 3 48 8 16 7 55 7 56 7 48 9 19 4 19 0 63 3 77 2 96 4 61 9 46 1 23 6 74 5 72 
60 3 27 7 24 1 23 7 43 0 91 9 85 4 61 2 45 3 73 3 87 3 70 9 9 4 45 2 10 9 80 3 40 2 23 2 98 4 91 3 32 3 31 5 6 2 87 2 56 5 8 9 31 9 84 3 81 9 35 3 73 7 61 5 26 3 28 8 32 0 64 2 86 1 30 1 99 1 41 9 21 0 64 9 76 6 49 9 97 2 59 8 57 4 55 1 99 7 31 2 59 9 4 6 25 7 29 5 33 4 38 9 16 3 43 1 24 5 93 8 17 
60 1 24 9 34 9 6 7 81 1 92 0 100 4 85 6 20 1 95 7 32 9 11 9 7 6 97 7 71 3 80 5 30 0 70 8 89 3 4 8 65 2 44 4 91 1 6 2 28 0 30 0 57 8 77 0 65 8 11 2 68 2 93 6 22 6 28 7 47 9 31 0 57 6 54 9 28 4 86 9 58 2 33 5 83 6 50 2 30 8 86 1 20 8 62 8 64 1 53 1 93 0 51 9 84 7 58 0 8 6 93 2 46 7 95 2 14 4 6 7 75 
60 7 40 4 15 7 73 5 5 3 6 7 77 4 92 7 60 8 30 1 7 6 6 4 85 3 14 3 57 2 83 3 6 2 19 6 22 0 70 5 15 0 62 0 20 3 26 3 47 1 78 2 4 6 79 5 69 9 68 5 41 3 90 2 17 1 60 0 79 5 22 1 58 9 82 9 95 4 89 6 6 2 86 9 58 0 64 1 87 0 20 0 12 0 59 9 40 4 39 3 55 6 19 0 29 0 49 2 57 3 49 8 75 0 79 5 86 2 85 8 36 
60 6 35 2 19 4 89 6 100 3 26 7 13 6 44 5 92 6 28 5 85 4 55 2 6 6 7 2 58 4 39 8 50 2 87 5 54 4 65 9 10 3 80 9 70 6 80 6 89 1 11 0 22 7 22 0 6 9 81 4 82 2 72 8 74 4 68 6 33 8 65 5 12 2 60 5 63 4 5 3 34 5 33 9 54 2 80 6 47 9 99 1 31 9 21 8 98 7 80 8 83 1 9 9 14 3 7 0 90 8 73 3 14 4 30 7 54 5 34 9 17 
60 1 99 5 9 0 72 6 39 3 70 4 13 3 61 2 9 3 73 9 49 6 51 9 16 1 23 4 15 1 58 1 87 1 52 9 18 4 27 7 75 0 21 9 82 5 40 0 57 2 51 2 72 6 49 5 93 2 77 3 82 7 69 8 30 3 75 2 99 2 60 0 73 7 82 8 49 1 72 1 58 6 47 4 55 0 65 4 24 8 89 5 95 1 70 1 49 6 60 7 85 7 12 2 64 8 70 7 22 2 11 6 35 4 59 1 63 0 14 0 73 
60 3 39 1 6 7 28 2 65 6 54 8 100 9 45 1 95 5 59 0 59 9 48 3 31 8 43 8 34 0 76 5 90 7 96 5 73 7 49 4 71 7 60 5 42 0 9 4 65 2 81 0 98 5 61 1 57 0 10 3 43 1 90 0 31 4 96 6 81 9 25 4 56 1 75 2 95 3 40 0 87 1 66 3 73 9 90 5 95 5 28 7 81 0 60 3 44 5 90 3 55 1 1 0 54 3 92 9 58 5 80 4 7 3 30 2 94 8 45 4 26 
60 2 100 2 91 2 79 5 10 5 9 7 12 9 24 9 67 7 14 4 67 1 12 2 28 0 40 3 39 2 87 2 22 9 15 2 36 5 41 1 36 7 89 6 44 9 16 2 95 0 95 8 77 4 30 9 83 0 24 5 47 7 14 1 39 9 49 2 43 8 88 7 67 2 47 3 37 3 16 7 39 7 61 8 12 0 15 0 61 8 92 9 17 3 81 1 12 4 38 3 24 8 61 0 79 4 11 6 19 5 62 9 25 4 49 7 21 3 59 8 60 
