10 10
60 0 30 1 46 7 43 9 64 6 54 4 42 3 71 9 71 9 90 8 49 5 45 2 78 8 59 8 81 2 94 2 6 5 73 1 23 7 21 7 58 9 5 5 48 7 62 1 36 0 71 9 27 8 69 5 88 6 74 0 31 2 32 1 65 2 64 9 60 1 37 0 76 6 28 3 75 9 37 4 26 9 23 4 11 5 25 0 42 8 68 5 65 9 80 5 76 3 79 9 74 7 66 5 70 8 72 6 80 0 94 8 36 7 53 2 93 2 14 9 6 
60 4 1 2 27 0 36 4 1 7 36 4 85 9 98 1 11 9 49 0 51 7 62 0 7 9 30 0 34 7 100 0 5 2 74 5 57 8 15 4 78 3 46 5 68 4 35 4 41 5 58 4 50 9 17 9 53 0 45 2 54 3 93 5 89 3 66 8 85 5 96 8 26 8 14 4 3 8 22 7 55 2 34 6 80 0 14 0 90 0 8 3 35 7 20 8 5 0 23 0 67 5 7 6 37 0 81 3 4 1 74 0 42 3 4 4 80 7 91 2 84 
60 0 44 6 51 1 38 5 86 5 17 2 92 6 14 8 77 1 83 6 12 1 60 5 22 0 75 3 75 2 36 9 29 7 47 8 48 5 11 7 89 9 13 2 19 6 1 1 65 0 23 6 12 5 2 9 12 8 87 8 73 8 34 1 24 9 74 6 2 1 17 6 71 6 47 0 89 4 30 3 40 9 59 0 60 2 12 8 9 9 4 8 51 6 94 7 22 3 96 5 57 4 22 0 74 4 67 1 92 3 65 4 32 2 8 6 18 9 19 5 54 
60 1 9 8 60 1 13 8 6 9 13 5 20 5 97 2 44 7 97 3 59 2 96 1 47 4 35 4 31 7 33 1 95 0 71 3 29 9 84 4 63 9 41 7 51 5 32 4 9 1 47 6 47 2 74 3 6 4 29 3 77 8 83 4 89 8 97 2 18 3 56 2 7 9 92 8 78 0 19 3 82 1 83 9 14 5 7 7 14 2 60 9 70 1 43 3 9 0 19 5 33 0 36 7 46 1 25 3 53 0 34 6 89 8 57 5 20 9 45 0 66 
60 8 66 1 27 5 50 6 81 0 25 1 99 4 51 6 100 5 15 3 87 3 17 3 16 8 83 8 93 0 30 8 77 1 70 2 57 9 42 5 44 8 87 9 17 0 90 0 84 8 51 2 13 4 49 8 41 0 16 5 88 9 36 3 51 8 15 0 39 8 56 7 23 6 4 3 55 8 99 5 33 1 6 9 47 9 57 1 13 4 84 9 91 9 73 1 19 6 83 7 77 4 47 1 99 7 34 6 77 3 41 0 55 3 9 2 75 8 18 2 18 
60 0 100 4 73 1 67 1 100 5 95 5 100 6 11 0 21 2 59 6 93 9 38 2 24 6 99 1 15 9 8 1 5 4 51 5 47 8 69 6 42 3 24 5 99 5 70 1 86 7 82 3 35 1 44 1 89 9 63 7 64 7 100 5 7 7 26 9 62 8 67 9 39 3 92 6 16 2 60 1 66 2 10 2 11 8 57 1 1 5 87 5 8 6 87 7 87 3 39 0 57 3 60 5 67 1 38 2 36 8 17 4 39 3 100 1 65 3 70 1 20 
60 8 7 4 9 3 61 1 43 4 8 8 26 4 42 8 41 1 88 9 18 7 11 4 18 0 72 1 29 9 25 4 72 7 3 9 94 0 54 9 34 6 70 5 1 0 68 5 48 9 84 6 12 4 85 5 84 8 47 0 95 7 96 7 88 0 18 1 7 3 33 7 97 8 30 4 30 4 64 9 81 1 32 7 92 3 34 2 74 6 93 4 49 2 64 4 57 6 33 6 71 3 58 8 49 1 27 6 28 7 36 7 41 5 31 3 18 0 29 1 89 
60 4 36 5 7 4 32 2 47 0 21 4 31 8 18 2 36 6 5 7 58 7 32 6 23 1 100 7 83 7 7 4 29 4 77 5 1 6 91 6 25 9 11 7 70 9 16 4 20 4 17 7 27 1 97 5 58 3 37 5 99 1 76 5 87 9 29 0 44 1 37 9 36 2 92 4 53 4 60 4 61 7 45 7 7 2 75 6 8 4 84 5 46 1 98 4 30 7 60 7 3 1 71 5 66 0 62 9 18 9 41 0 20 8 49 6 6 5 28 3 34 
60 1 79 7 6 3 47 8 25 6 94 3 7 6 80 0 8 5 48 1 62 8 38 3 97 0 21 6 30 7 65 5 42 3 13 1 75 6 97 9 14 5 21 2 1 9 96 6 95 2 26 3 98 6 87 6 59 4 51 7 66 1 5 8 65 6 8 4 87 7 59 0 40 2 54 5 56 3 47 9 7 9 3 2 93 9 64 5 87 9 63 8 21 5 59 2 20 7 49 3 73 6 26 0 30 7 98 0 57 0 47 4 3 6 20 5 31 2 14 4 57 
60 6 46 5 61 1 99 0 61 8 86 4 17 1 93 4 70 3 23 1 89 0 10 2 50 3 38 9 52 2 14 4 67 5 39 4 75 2 7 5 97 7 13 0 46 8 22 5 5 9 51 1 97 8 46 3 94 5 14 0 76 7 78 1 48 9 90 8 97 9 69 6 98 3 12 1 90 5 47 7 9 6 14 8 82 4 89 1 20 2 16 5 32 2 100 3 34 6 42 4 36 4 18 4 38 4 43 5 19 4 93 2 92 5 37 9 27 1 11 5 75 
