10 10
60 1 17 0 36 3 10 8 25 7 82 8 74 3 57 9 27 5 73 3 64 6 57 2 14 7 31 7 99 5 29 4 73 9 78 8 74 1 18 2 26 9 62 8 10 4 65 8 21 4 15 3 94 1 28 1 54 7 86 4 98 4 29 5 52 1 10 0 26 0 8 0 14 4 93 4 99 1 53 2 72 7 1 4 28 9 78 4 20 6 11 1 3 5 40 8 11 6 66 8 98 2 54 1 59 7 74 2 95 6 78 8 57 0 62 8 69 6 51 3 14 
60 5 19 6 29 4 79 5 17 5 24 5 35 8 74 2 91 4 16 2 43 9 60 5 84 6 13 0 37 2 89 7 2 6 87 5 67 7 32 2 12 3 5 3 93 9 41 9 52 1 40 9 88 8 58 9 6 6 47 7 60 0 25 1 33 4 77 6 37 5 12 5 66 7 94 7 40 0 36 0 67 9 28 7 69 2 51 8 48 5 14 5 81 5 70 2 96 7 83 3 32 3 90 8 19 2 88 0 72 0 24 6 87 9 65 9 44 8 26 7 14 
60 5 85 9 89 1 63 4 99 3 59 7 2 1 28 9 56 0 17 8 80 3 77 9 71 0 82 2 88 1 92 5 86 2 20 4 6 8 9 1 92 3 6 1 64 1 13 1 31 2 72 6 86 5 6 0 17 9 11 5 80 2 39 2 8 5 40 4 48 5 63 2 94 7 1 8 58 2 49 8 17 2 30 8 19 1 17 6 5 4 93 4 62 8 74 1 7 0 29 2 36 4 26 1 6 9 49 5 30 9 17 8 74 0 34 5 76 6 71 7 15 
60 3 25 0 7 6 69 8 40 0 97 4 19 9 66 9 12 7 15 9 32 3 95 2 41 5 46 1 51 2 65 1 55 3 58 6 5 0 79 2 60 0 50 9 33 9 26 4 69 5 54 1 27 3 70 0 3 4 32 3 83 9 39 5 68 1 17 4 7 3 17 0 51 3 100 1 27 4 31 2 96 3 6 6 82 6 76 0 11 9 28 5 95 4 17 5 30 0 10 7 61 9 73 2 67 7 99 2 75 8 82 7 95 8 61 1 67 2 25 8 13 
60 7 52 3 94 3 27 1 98 8 32 6 7 9 35 3 9 4 50 9 85 4 63 3 14 7 77 9 16 7 58 5 5 3 55 6 40 1 53 7 12 8 76 6 57 4 77 1 49 9 24 0 47 9 59 1 28 5 81 3 18 3 80 8 34 9 97 0 10 1 81 1 40 4 11 8 64 3 51 4 74 9 56 0 75 6 68 7 25 5 41 0 28 6 54 0 75 8 63 0 44 0 46 6 43 5 16 8 4 2 26 1 73 6 7 1 5 2 67 1 13 
60 6 37 5 8 7 35 2 21 2 41 9 2 2 39 7 95 9 47 0 99 9 89 1 77 1 46 5 6 1 56 4 84 5 32 9 37 0 54 4 68 5 68 0 55 8 12 5 65 4 60 9 93 4 83 7 35 8 67 4 52 0 10 1 24 9 24 7 13 3 82 4 35 5 54 8 34 7 24 8 73 6 89 6 84 5 8 9 86 1 6 8 82 9 51 7 11 3 54 5 28 3 78 9 49 0 97 4 69 1 57 8 7 6 3 7 80 6 12 6 51 
60 8 29 6 25 9 50 8 23 8 36 7 29 8 52 5 10 7 32 7 63 6 19 0 86 4 85 3 82 0 88 9 61 3 49 1 83 3 61 3 95 7 77 3 52 9 28 6 91 8 64 3 8 8 49 8 5 8 14 4 76 4 19 1 44 1 83 9 89 7 80 0 38 2 99 2 99 4 1 2 70 2 47 2 17 5 70 2 56 6 48 4 87 0 67 2 9 4 70 3 94 1 24 8 62 8 62 1 66 0 3 0 56 3 100 4 74 9 66 5 70 
60 3 23 8 37 0 51 0 33 5 80 9 61 7 69 4 62 1 24 7 19 0 66 9 63 7 32 5 82 5 42 4 41 5 2 3 96 8 48 7 38 1 37 3 98 4 74 6 79 8 91 9 94 5 42 8 62 4 27 5 98 7 58 2 65 1 57 1 1 5 79 3 82 2 50 6 30 4 3 9 98 9 8 9 95 2 86 6 40 3 89 8 25 5 38 6 65 1 61 5 14 3 31 4 98 1 2 9 94 3 86 7 15 1 52 5 40 1 13 7 11 
60 6 43 3 85 4 34 0 70 9 69 5 98 2 4 4 52 1 4 4 96 8 48 2 96 6 91 0 72 7 81 4 86 4 90 9 70 8 41 5 49 6 47 3 73 2 99 1 1 0 90 2 41 5 42 7 73 4 29 1 96 8 65 7 30 2 52 7 79 3 37 6 93 3 32 1 6 7 23 0 45 7 57 3 88 6 96 4 69 2 44 3 3 9 69 0 23 0 4 9 67 5 91 2 62 0 23 9 40 6 93 2 49 0 12 1 33 2 58 9 51 
60 4 44 2 7 5 60 9 92 2 15 5 8 4 72 4 47 3 81 3 5 1 3 6 60 9 5 8 59 4 23 2 99 5 4 5 75 8 5 2 92 9 20 5 57 6 14 0 72 9 92 4 36 9 80 2 50 2 83 0 81 1 78 5 16 1 93 1 49 4 24 4 36 4 15 0 94 8 18 0 95 2 21 7 42 5 85 4 70 6 81 7 52 9 6 9 25 0 46 2 57 0 70 5 59 6 45 6 2 4 92 7 85 4 97 1 49 2 31 2 34 
