10 10
60 8 5 1 9 9 12 7 73 5 69 2 90 9 96 0 16 5 21 2 55 3 6 3 50 7 75 1 74 1 51 1 91 1 85 7 92 3 42 8 81 0 35 3 65 6 17 6 31 2 65 9 77 4 46 7 82 3 43 2 88 6 12 2 42 2 18 8 79 2 33 6 48 6 29 1 96 0 58 8 77 2 86 9 75 8 16 5 9 2 45 0 68 9 38 1 72 7 50 3 32 2 12 9 71 4 35 5 17 1 76 9 24 8 45 0 72 3 48 5 3 
60 0 82 7 5 4 3 0 91 3 78 2 95 5 8 8 74 2 94 1 46 3 69 5 74 2 11 9 81 1 69 9 77 0 78 5 60 3 25 6 41 5 97 0 51 4 2 5 69 1 88 5 87 7 59 3 65 5 45 4 76 0 63 8 13 5 16 0 3 5 44 0 81 6 66 4 13 3 72 6 1 7 48 9 82 2 6 1 84 7 60 5 1 0 90 9 100 0 30 8 60 8 51 7 52 7 77 6 32 8 51 6 45 7 36 2 5 4 45 1 21 
60 2 86 6 56 4 97 4 30 0 26 7 66 3 69 8 67 6 7 3 86 3 75 3 18 2 86 1 42 2 76 7 57 1 24 5 4 9 91 2 71 7 49 5 40 6 99 0 42 5 18 2 56 6 78 7 4 0 69 7 26 6 9 0 66 5 58 9 71 4 14 6 30 9 4 8 43 7 43 3 99 3 61 7 82 6 100 3 88 5 72 4 35 4 94 9 67 5 9 1 29 1 93 0 3 4 75 9 49 0 29 8 98 8 7 1 7 8 80 1 46 
60 5 31 0 8 4 67 8 25 1 7 3 17 1 90 7 90 3 32 0 38 6 9 5 80 3 49 3 43 2 85 5 62 2 78 2 44 0 8 5 68 6 31 8 14 7 68 7 64 5 25 5 94 0 64 0 27 8 53 7 38 2 1 7 7 1 77 7 45 1 98 7 9 0 32 7 69 1 36 2 15 5 49 5 87 8 58 8 73 9 96 6 8 3 61 9 76 8 13 5 34 7 16 6 4 3 83 0 79 1 92 6 56 5 37 9 37 4 12 9 88 
60 8 33 1 54 0 37 5 25 7 20 6 58 3 35 3 53 9 28 4 56 6 23 2 5 6 84 0 78 9 57 3 13 4 81 7 44 6 5 3 49 3 34 9 44 6 89 6 5 9 46 0 2 7 55 6 27 7 43 4 60 4 8 7 15 4 25 4 54 1 68 5 14 0 17 9 17 6 39 6 24 4 7 2 22 0 62 1 51 0 76 5 83 3 58 4 5 2 77 4 20 1 27 4 41 3 66 7 25 3 80 7 14 6 91 5 79 2 93 0 55 
60 3 20 5 94 7 33 4 41 5 20 8 26 2 71 8 19 6 15 9 51 6 98 7 69 3 73 5 55 6 94 1 98 6 35 5 3 3 72 2 69 1 54 2 43 6 82 3 83 6 48 4 31 5 62 8 68 8 72 6 97 0 83 4 31 3 63 5 23 0 52 9 84 5 84 6 28 7 53 5 46 2 27 8 48 4 62 9 82 1 58 6 63 9 34 6 77 3 60 7 75 8 24 6 70 7 67 5 26 3 43 1 24 0 17 8 2 6 44 8 94 
60 7 8 5 22 9 78 7 51 0 81 0 73 9 20 0 98 4 71 7 35 8 87 3 91 8 1 4 47 5 39 3 38 4 57 6 35 6 79 1 21 6 10 4 74 0 9 8 52 7 66 9 24 9 88 9 91 3 87 5 15 8 7 0 94 8 98 6 40 8 91 3 74 8 31 8 58 3 42 8 77 4 99 3 93 1 72 4 65 3 67 3 84 7 42 9 83 1 10 1 94 6 82 6 82 9 45 0 51 3 70 1 2 3 71 2 91 1 12 4 57 
60 8 96 3 90 4 23 5 7 9 43 2 32 8 44 0 52 8 67 6 49 6 87 2 89 9 11 4 3 5 46 2 55 2 89 3 47 5 50 2 60 4 20 6 44 9 27 1 1 0 94 0 98 7 71 4 44 8 88 5 64 0 26 0 60 4 77 5 56 1 78 2 29 4 1 0 69 2 94 9 75 7 85 5 7 2 60 2 44 4 11 7 70 3 58 8 43 3 77 7 5 7 32 9 4 5 48 4 68 9 60 9 89 2 54 2 91 6 19 9 76 
60 3 9 0 60 7 44 1 52 7 61 8 71 3 86 3 99 3 91 8 51 9 19 3 56 8 12 8 51 8 86 8 88 7 63 0 39 0 14 4 94 9 25 5 69 9 55 7 31 1 38 0 30 8 53 5 96 2 12 6 30 1 12 0 25 1 66 7 99 2 20 0 69 8 36 1 100 6 44 4 85 7 18 1 92 2 93 5 50 1 27 5 42 2 91 9 49 7 89 5 83 9 81 0 12 3 94 2 29 9 6 8 32 2 15 3 51 9 37 4 52 
60 8 41 6 52 8 66 3 50 1 81 4 38 5 29 6 84 9 84 6 66 8 76 2 85 9 6 6 37 6 17 1 52 2 90 6 28 9 77 8 55 6 65 0 33 2 14 5 88 1 5 2 76 1 46 3 36 0 58 2 4 5 58 1 91 1 85 4 26 8 94 8 56 0 40 6 41 3 54 6 66 6 78 5 17 3 87 5 16 5 53 9 20 4 23 6 32 9 8 2 10 3 49 2 68 3 84 3 27 4 72 0 83 7 13 1 32 8 85 5 54 
