10 10
60 0 84 8 23 5 49 8 67 0 16 6 26 4 96 3 37 7 28 5 39 8 22 3 84 5 64 7 51 0 9 9 74 8 36 0 100 3 29 7 97 2 45 8 66 3 51 8 5 8 15 2 37 2 9 5 49 0 58 7 36 3 66 7 57 1 97 1 47 0 73 4 89 6 84 9 79 0 61 3 7 2 52 4 29 4 39 8 34 3 55 4 70 7 14 9 93 8 39 4 88 1 89 4 69 0 97 3 87 2 74 5 32 9 57 1 37 4 50 6 92 
60 6 27 7 65 0 99 7 13 3 2 7 83 9 45 9 97 0 29 3 14 2 57 1 36 9 83 3 55 6 29 8 45 2 92 4 62 1 96 9 74 9 53 6 4 7 42 6 80 4 60 1 21 8 41 5 45 4 61 0 44 7 56 7 100 4 9 5 86 0 2 1 1 3 55 4 48 7 91 4 68 3 70 1 56 7 74 9 50 8 32 9 26 6 62 1 76 6 26 0 84 7 8 6 43 7 6 6 26 4 89 0 23 5 2 5 68 2 78 4 35 
60 4 10 4 30 5 15 3 15 2 80 1 50 3 26 0 59 3 34 4 29 8 16 9 22 0 69 8 2 8 36 0 95 1 30 4 37 5 13 0 70 9 71 0 61 3 49 6 11 9 36 6 85 7 94 5 2 8 11 6 24 0 41 5 67 4 20 4 38 9 26 1 70 4 98 5 80 3 89 7 38 1 30 2 30 8 7 6 64 2 16 6 42 2 29 3 78 6 53 7 32 9 76 3 65 5 35 7 13 6 93 9 64 7 79 2 54 9 61 2 42 
60 2 11 5 2 0 25 9 64 1 37 0 78 3 29 6 93 5 56 7 32 1 23 1 60 6 83 3 61 5 28 2 96 8 31 6 11 0 4 8 42 6 26 2 71 0 31 6 53 1 98 1 85 5 82 7 22 9 90 2 5 9 76 5 4 2 93 5 1 9 88 9 76 6 14 9 18 2 56 9 84 6 78 5 6 0 44 3 41 5 90 4 61 5 84 8 75 1 94 7 78 6 2 7 31 5 75 1 26 2 8 0 75 7 42 3 81 3 80 6 27 
60 4 2 9 56 8 41 5 53 2 58 2 81 8 82 0 22 2 85 4 31 1 4 1 75 3 96 7 23 4 70 8 63 4 5 5 89 3 2 2 47 8 94 6 98 5 43 9 33 1 91 8 53 2 74 6 57 6 2 0 38 7 43 4 51 8 96 5 96 7 20 2 72 9 65 9 20 5 47 0 74 6 32 7 81 3 52 8 48 6 36 5 46 7 98 5 96 7 74 5 99 9 72 5 79 0 46 2 31 9 60 8 51 2 41 4 56 6 70 2 86 
60 1 92 8 4 3 60 2 75 5 64 7 62 0 58 3 29 7 41 5 58 4 98 7 14 4 47 9 40 7 83 1 77 0 44 0 33 1 31 0 34 3 33 0 83 6 50 2 44 9 54 4 64 0 69 2 12 2 20 5 50 8 78 3 27 9 74 0 71 8 41 5 58 5 84 3 50 1 9 4 42 1 20 1 4 3 2 4 12 4 38 0 81 4 62 2 61 9 16 0 80 0 28 2 55 2 77 4 60 3 91 0 50 0 84 8 81 4 58 4 40 
60 0 16 7 55 6 44 5 25 4 7 9 75 1 33 1 21 5 81 6 90 2 66 8 22 0 97 5 95 6 53 8 30 0 40 0 20 3 22 5 7 8 14 6 36 1 27 4 80 0 67 2 32 7 31 5 44 5 100 3 9 2 44 3 56 7 47 3 38 0 57 2 79 5 84 1 67 3 16 7 46 1 75 2 38 0 92 5 37 1 62 7 39 7 39 8 16 9 16 3 83 6 2 5 35 4 38 3 81 8 51 8 65 8 2 8 46 4 47 9 89 
60 0 37 9 7 1 70 6 59 0 51 0 97 4 94 8 69 3 18 5 58 2 9 8 38 6 32 0 58 7 58 8 5 6 64 6 56 4 37 6 55 1 6 5 30 1 1 4 57 6 80 0 25 2 35 6 97 8 39 1 68 1 54 0 93 7 28 2 62 3 83 8 62 4 87 3 89 0 70 1 81 0 43 2 45 7 17 5 24 6 42 0 58 7 47 3 93 0 9 6 81 7 81 0 40 3 24 3 13 5 55 0 26 5 70 1 33 0 16 6 58 
60 2 96 9 4 0 98 6 97 0 79 3 23 4 41 8 1 3 90 2 19 4 6 1 89 6 8 5 21 5 49 2 28 0 47 0 83 5 83 2 31 1 93 1 34 7 68 9 64 4 46 5 17 7 35 4 26 0 50 5 86 8 91 2 77 0 86 6 27 2 39 1 34 3 3 3 90 2 13 2 38 4 35 4 82 8 25 3 64 7 1 1 16 7 38 0 59 3 15 6 30 3 64 5 13 8 97 8 68 0 24 3 98 6 75 8 49 0 90 7 69 
60 4 73 8 13 4 12 0 29 3 36 6 47 3 99 4 40 2 46 4 44 8 70 9 1 0 69 2 39 2 87 3 18 7 81 2 54 8 14 3 84 6 17 0 49 4 48 7 86 0 98 4 24 5 35 2 43 4 9 5 50 9 84 6 100 7 70 4 36 1 28 4 90 5 71 2 4 9 95 8 84 7 20 5 73 1 66 9 1 7 72 6 90 2 95 6 2 2 10 4 82 2 74 3 22 0 39 7 80 3 15 3 97 8 13 7 55 1 54 3 22 
