10 10
60 4 69 8 61 6 69 6 75 1 30 1 5 8 95 3 51 9 61 3 84 8 22 7 13 1 77 0 20 7 46 5 83 6 37 0 88 0 95 9 48 5 54 9 50 9 84 5 22 0 4 6 52 8 64 9 11 7 41 8 78 6 30 6 44 9 11 6 33 6 60 3 96 8 83 7 83 6 72 8 21 8 69 4 25 4 22 2 82 6 45 0 32 6 37 3 74 4 34 2 44 9 19 1 97 3 33 7 77 8 95 9 71 2 96 6 80 3 6 6 66 
60 9 4 2 93 6 43 6 35 4 1 3 89 8 99 9 85 3 22 7 37 8 43 4 75 8 89 6 97 4 34 8 96 4 35 2 58 9 52 1 5 9 27 4 60 4 59 9 3 1 87 7 25 6 69 2 1 2 5 9 21 4 31 7 29 3 21 7 11 2 31 5 47 3 66 2 64 4 53 0 14 6 36 3 63 9 92 2 22 0 31 1 53 4 79 4 32 3 58 9 100 0 82 5 41 0 45 6 38 9 20 6 13 7 48 5 89 7 4 8 31 
60 8 3 7 76 0 32 9 10 4 59 6 29 5 55 3 77 8 49 8 8 4 31 9 46 4 5 7 34 7 39 3 81 6 70 2 11 2 96 7 61 2 20 0 37 7 32 0 41 6 36 6 33 8 6 3 54 1 65 9 25 0 16 7 32 5 95 2 57 9 16 8 79 4 45 4 43 7 4 1 7 6 94 0 20 5 3 1 11 6 45 1 60 7 100 9 93 3 15 7 65 4 4 1 37 3 50 3 53 7 44 2 14 2 6 2 67 6 52 3 91 
60 7 65 2 93 4 68 1 84 2 98 6 42 2 75 9 60 6 96 8 58 2 51 7 10 7 4 0 91 3 70 7 88 6 10 3 87 2 8 1 82 5 61 5 1 3 49 4 27 4 86 0 38 2 54 8 71 1 56 3 13 8 68 5 16 7 54 7 28 5 95 0 80 5 6 6 51 6 79 7 80 5 63 6 68 4 73 2 97 7 52 1 49 1 88 5 92 5 58 8 83 6 6 9 83 0 99 0 87 5 28 8 94 7 38 6 35 8 21 7 53 
60 9 97 8 86 1 62 5 79 7 41 4 18 6 21 3 10 9 72 6 17 6 93 4 61 6 31 3 19 7 4 9 40 4 41 1 6 2 65 8 91 2 100 4 47 7 71 7 9 7 50 1 20 4 50 7 51 3 36 8 55 3 82 4 27 1 74 6 21 1 24 5 34 2 15 7 75 2 97 7 71 8 47 2 20 7 36 8 77 5 54 5 21 5 70 6 19 8 5 6 45 8 70 1 65 6 59 5 40 1 50 9 75 3 56 6 72 5 23 5 98 
60 6 89 0 70 6 30 6 67 0 18 5 41 0 34 9 12 7 72 2 78 1 62 8 69 7 78 1 75 3 58 3 73 4 9 6 57 5 23 9 73 8 83 5 22 2 8 8 15 9 56 4 15 4 40 3 73 6 2 6 77 2 49 3 8 7 26 8 62 2 58 6 87 5 8 7 82 7 22 0 4 3 31 8 56 3 7 2 58 2 65 4 36 2 66 0 31 1 76 4 81 7 44 4 70 4 63 1 91 7 13 7 19 3 78 6 89 4 59 9 46 
60 5 52 5 55 5 85 2 70 8 75 7 68 8 14 7 52 0 39 1 71 1 1 5 78 3 5 8 62 4 49 2 52 1 38 6 97 2 45 9 25 5 57 2 67 5 1 0 45 2 43 2 78 1 42 1 100 5 26 3 41 3 85 3 8 3 32 6 54 1 38 8 46 8 48 5 56 2 22 3 52 5 32 3 57 1 1 4 97 9 54 6 68 6 40 5 92 3 87 6 5 3 91 8 46 3 27 1 56 3 46 7 10 2 85 6 87 5 1 0 67 
60 9 35 0 54 3 50 5 70 0 61 0 10 8 85 9 52 8 82 3 72 8 63 9 47 2 56 7 11 6 24 7 24 1 33 3 82 0 85 9 96 3 43 0 81 8 53 7 92 6 84 2 29 1 72 1 67 8 44 8 2 5 90 7 29 4 80 2 96 4 1 9 26 3 82 6 30 4 76 3 18 5 34 0 72 4 82 9 52 6 86 0 68 8 55 9 1 6 4 7 31 0 45 5 28 8 42 0 75 0 20 9 86 5 6 4 30 8 63 8 95 
60 5 90 9 17 9 80 4 58 0 43 0 90 7 69 6 45 9 56 0 97 8 37 3 52 7 92 1 78 2 15 1 72 9 69 9 98 2 78 1 96 3 41 2 18 1 97 3 59 3 26 9 86 3 71 0 7 5 8 8 86 8 54 3 18 7 49 5 19 0 72 0 32 5 3 5 49 9 88 0 60 0 84 3 15 2 24 8 82 6 25 0 59 6 47 3 42 6 95 5 95 0 24 9 75 4 47 9 10 3 26 5 81 0 34 6 98 5 52 1 46 
60 0 45 3 60 7 96 1 54 7 89 1 93 5 53 5 31 2 87 4 57 0 21 7 36 3 73 1 85 1 9 5 47 0 35 8 73 1 47 2 49 3 86 5 8 7 57 1 52 6 79 8 86 6 40 7 28 1 46 7 46 6 83 1 95 5 17 2 30 0 2 3 94 6 74 2 24 4 87 5 70 0 86 5 32 6 13 5 97 0 30 6 7 7 24 2 30 3 9 1 9 0 95 3 61 8 28 6 99 9 47 3 17 6 4 4 67 9 45 2 84 
