10 10
60 8 77 5 60 7 82 5 71 8 41 3 24 6 93 9 88 3 77 4 13 2 22 3 51 3 51 1 95 9 49 0 53 9 22 1 33 6 45 0 17 1 87 4 89 6 31 2 100 9 20 0 25 7 30 9 90 9 83 7 61 2 45 3 56 0 92 6 26 7 53 4 50 3 64 4 30 5 40 2 17 2 36 1 57 2 69 2 90 9 46 7 75 9 56 5 26 2 47 8 56 8 86 1 85 1 64 3 98 8 19 3 72 4 56 4 2 4 56 8 80 
60 2 22 0 37 1 46 4 32 7 77 7 79 3 72 3 88 6 7 0 79 4 7 9 57 6 9 5 80 7 32 8 52 2 90 1 89 8 72 7 63 9 36 7 27 0 63 0 40 5 29 7 39 1 76 0 55 2 32 0 99 4 100 6 71 5 69 2 22 6 33 6 72 0 69 8 11 9 98 3 25 4 42 3 52 6 54 9 12 3 99 0 50 5 75 5 37 4 45 1 45 3 14 0 10 1 22 0 51 9 26 2 20 0 17 6 84 1 22 8 56 
60 9 48 2 69 0 74 9 38 8 56 5 10 1 39 0 5 4 79 9 89 2 77 0 23 3 50 6 35 3 56 1 62 2 78 0 12 8 25 2 71 7 44 1 96 1 94 2 29 7 29 4 97 0 75 3 78 7 68 6 66 1 17 4 36 0 96 0 96 9 17 4 70 0 68 9 14 9 82 1 9 9 8 1 83 6 19 0 78 3 59 0 40 8 70 6 93 5 29 7 93 6 62 4 16 0 57 7 22 6 83 7 5 8 75 1 5 0 25 7 57 
60 7 9 6 50 4 77 9 60 4 31 9 23 7 70 9 37 5 94 6 59 0 3 8 2 7 80 1 3 4 76 0 87 7 83 6 62 9 18 9 51 2 24 2 90 1 85 3 71 9 81 1 68 9 44 6 37 3 63 6 86 5 72 8 5 1 17 1 8 2 93 3 26 3 96 2 3 1 41 5 33 8 46 6 49 3 33 8 17 1 33 5 8 3 34 1 92 2 7 2 61 7 43 7 80 5 77 5 72 3 35 1 71 2 43 5 85 2 95 8 35 
60 2 19 6 87 9 39 9 70 2 22 1 17 5 26 3 15 2 78 3 37 0 91 8 54 6 14 3 37 4 5 8 63 9 13 2 23 0 99 5 77 6 80 5 25 3 55 4 67 2 59 7 52 6 12 2 42 4 40 3 4 2 79 5 6 0 18 8 70 7 21 5 24 1 8 7 15 1 68 2 34 6 12 3 29 9 99 0 82 4 78 3 46 6 33 6 44 9 89 8 40 3 16 1 5 1 50 2 21 0 81 8 20 6 19 0 83 4 47 5 4 
60 1 28 0 17 2 91 8 95 4 88 1 51 3 82 6 22 5 43 1 97 3 70 8 88 0 63 9 72 2 69 6 60 5 78 9 76 9 88 7 87 4 26 9 69 4 79 0 84 7 24 7 74 3 81 7 89 5 9 1 19 2 98 6 34 1 58 4 82 7 60 6 94 5 69 2 53 4 28 7 90 2 76 2 23 8 70 7 63 0 78 6 97 1 46 2 35 8 99 9 38 7 13 1 83 2 7 2 52 1 47 5 42 5 48 2 31 1 14 1 22 
60 8 70 5 40 0 24 7 62 7 3 4 23 1 71 0 24 5 10 0 20 1 23 9 64 7 12 3 88 3 57 4 87 1 86 0 3 1 91 4 71 9 60 8 63 2 87 9 34 8 81 7 88 2 74 9 68 4 81 2 35 1 50 4 47 3 61 2 37 2 27 6 78 7 81 2 26 5 100 6 31 5 62 9 96 1 84 5 93 6 76 6 42 3 43 3 14 8 92 3 36 8 34 7 65 4 43 3 57 9 72 8 84 9 5 3 76 1 100 1 79 
60 3 13 4 86 9 79 6 62 1 35 3 53 0 99 2 86 2 33 5 66 2 33 3 4 5 74 4 54 5 2 5 17 4 39 8 30 7 3 3 75 8 61 2 66 6 1 4 54 1 58 2 82 6 48 7 100 7 56 7 15 3 24 6 74 4 81 7 54 7 31 8 10 7 31 4 97 9 29 9 28 9 47 3 16 6 52 5 18 9 56 3 72 2 96 8 87 6 34 8 80 6 46 7 65 2 91 6 3 7 65 7 4 7 49 4 40 4 76 9 10 
60 8 20 8 76 5 20 6 20 0 69 7 24 1 36 4 57 9 97 0 40 2 97 1 15 0 60 2 94 9 94 0 78 5 30 9 24 2 50 9 80 0 16 4 67 0 19 4 10 0 27 3 42 0 38 6 58 6 77 3 89 5 34 6 90 0 48 8 72 9 70 0 27 5 57 0 87 3 59 7 32 2 27 4 15 2 8 3 16 3 33 5 28 3 66 2 69 8 86 9 87 7 89 1 92 4 87 4 60 9 2 7 1 5 32 0 20 7 46 8 86 
60 3 42 6 44 1 44 0 40 6 88 0 56 2 87 2 38 6 94 4 52 4 87 2 55 4 69 2 27 6 71 2 39 5 46 2 2 9 18 1 92 9 93 5 81 1 49 0 25 8 85 3 32 2 52 3 78 1 33 9 85 9 42 6 68 9 84 9 77 0 93 7 61 3 97 3 80 4 25 3 95 7 98 0 19 5 67 2 25 3 54 3 67 2 11 0 12 7 100 2 9 7 5 8 3 3 76 2 68 9 3 6 24 3 40 1 57 1 31 8 74 
