10 10
60 3 54 3 46 2 43 4 37 5 71 7 99 1 80 2 21 9 9 3 76 0 22 3 84 9 20 6 99 4 12 9 62 8 31 6 94 4 78 3 76 2 88 7 2 9 16 3 39 7 74 0 9 3 46 3 84 1 49 5 81 4 24 0 26 5 65 7 21 5 17 2 23 0 73 2 77 4 85 9 86 0 54 3 4 9 66 6 33 5 2 0 32 1 36 4 55 0 1 0 73 0 79 4 98 7 49 5 53 4 46 1 33 2 31 1 69 4 9 3 63 
60 7 65 6 4 2 91 6 100 9 64 4 36 3 39 0 69 2 23 6 30 3 78 6 67 2 41 8 9 9 54 6 8 6 34 4 85 6 79 0 92 3 48 1 63 8 53 5 10 4 45 8 56 1 96 8 73 7 90 3 12 6 87 0 100 4 97 5 80 6 42 3 3 8 78 4 95 9 15 4 10 9 77 7 100 4 90 5 77 8 22 1 61 7 34 4 16 9 58 8 75 6 72 1 96 0 45 2 99 1 9 2 37 0 22 4 20 4 71 6 31 
60 3 66 7 70 4 55 4 13 3 77 6 6 5 42 5 66 1 14 4 60 6 31 8 10 6 36 9 31 5 28 9 14 5 59 7 17 6 93 2 10 5 77 7 70 2 31 5 53 7 80 8 68 2 76 0 1 0 59 8 83 7 2 4 57 9 43 7 45 6 57 9 45 0 38 8 39 8 45 4 67 0 35 6 4 4 77 4 47 8 31 2 37 2 53 2 18 3 73 1 57 5 12 9 33 1 24 8 92 3 94 9 1 7 98 3 66 1 79 0 56 
60 4 27 4 39 1 15 6 65 7 91 4 91 4 18 0 36 8 52 6 59 9 84 1 23 3 34 6 85 5 36 0 53 9 33 1 76 1 36 8 79 1 7 0 80 7 100 8 29 4 86 2 61 9 2 6 46 1 11 7 16 7 6 8 74 8 62 6 79 6 71 6 4 1 73 9 92 6 17 1 17 0 59 5 37 1 48 0 15 2 92 1 73 8 100 3 31 9 46 9 42 2 59 7 71 6 92 7 7 3 24 5 31 2 5 2 4 2 88 8 5 
60 7 56 0 41 9 64 4 27 5 14 3 67 1 33 2 28 6 86 4 45 5 71 0 70 3 14 1 57 0 29 0 53 9 12 6 58 9 33 5 87 2 58 6 90 0 70 9 38 0 14 8 14 2 40 3 29 5 10 6 56 6 10 1 79 1 72 6 43 5 48 1 48 7 70 0 43 8 28 1 28 6 52 9 76 9 57 7 84 2 19 6 50 7 25 4 23 5 30 9 93 7 92 5 81 9 5 3 36 7 13 9 38 6 7 2 96 6 77 6 55 
60 5 40 3 33 6 45 2 64 2 39 7 21 7 67 7 4 4 4 5 89 3 9 9 68 7 58 8 9 0 79 1 2 0 36 3 32 5 96 9 21 5 34 6 19 9 7 8 60 2 12 6 83 0 98 3 75 8 26 2 54 2 14 0 94 0 80 0 64 7 48 9 2 7 33 1 87 1 84 9 16 9 39 9 24 0 99 9 41 4 54 0 21 1 7 4 16 1 27 5 69 0 15 0 60 9 84 0 77 9 100 6 65 4 39 2 22 9 51 0 42 
60 2 91 1 93 3 29 3 6 6 60 3 68 2 93 1 94 6 74 0 66 3 7 6 98 8 24 0 78 8 65 3 83 7 35 2 61 9 37 1 61 5 55 9 93 1 62 0 94 3 20 4 95 3 95 2 78 0 96 0 86 8 3 3 94 4 13 0 55 6 52 2 93 1 39 7 8 9 56 4 91 6 63 8 1 3 42 7 50 4 74 9 37 7 2 8 87 8 17 2 92 1 17 0 67 5 5 8 1 7 34 4 36 4 80 3 87 6 31 3 90 
60 9 25 1 61 4 100 7 22 5 100 5 52 4 29 0 22 7 98 3 97 4 33 1 3 1 40 0 48 2 16 1 87 6 58 1 6 9 34 9 75 5 4 6 56 4 40 4 12 1 76 6 31 8 82 7 33 9 77 6 37 5 35 3 13 1 56 1 92 8 11 0 99 6 18 1 63 2 16 7 58 0 68 5 38 3 70 8 32 4 1 0 93 3 22 8 80 2 35 5 53 6 8 8 44 5 55 2 64 2 63 2 72 5 78 9 44 1 17 9 91 
60 1 19 0 58 4 77 2 21 7 89 1 30 5 1 2 97 5 26 3 70 6 80 6 97 6 100 5 27 1 88 3 76 5 4 9 76 3 24 2 21 3 44 4 51 6 27 4 20 4 56 4 8 5 46 7 23 7 23 0 9 0 38 7 17 3 57 0 80 7 6 2 36 6 27 1 21 7 73 9 5 8 98 2 71 8 34 4 82 1 60 1 10 0 38 7 77 2 52 3 44 9 45 4 49 0 25 3 17 9 89 2 93 3 19 2 4 3 61 4 88 
60 4 15 8 58 2 36 1 66 9 65 3 9 3 85 6 80 5 5 1 2 0 51 0 28 2 14 3 42 1 37 9 59 0 28 6 15 5 8 8 39 5 95 2 47 3 86 4 19 1 72 8 85 1 46 3 28 3 85 0 42 3 4 6 69 6 92 9 16 8 60 7 53 7 97 8 5 7 75 7 87 0 31 9 88 7 64 8 55 0 59 8 18 1 53 1 84 4 11 8 5 2 85 2 48 1 29 7 12 1 47 0 51 7 9 7 69 1 34 0 36 
