10 10
60 9 7 9 33 3 76 8 44 7 98 8 47 0 84 2 3 5 16 2 58 2 53 7 66 4 28 1 40 6 83 6 51 6 4 7 37 0 86 8 63 2 72 5 91 4 6 8 8 1 67 6 91 1 64 4 100 0 89 9 92 6 80 7 37 4 32 1 58 5 91 0 91 8 27 6 77 2 72 4 47 9 61 4 10 9 39 2 54 5 41 5 63 4 80 8 76 3 34 4 32 7 39 0 9 3 2 5 76 5 60 6 35 1 92 8 75 6 60 2 18 
60 9 60 8 38 2 65 5 49 6 13 0 2 8 46 1 69 3 12 2 38 7 3 8 90 1 7 6 47 5 28 2 14 6 72 4 76 5 24 4 83 2 62 8 20 9 6 4 76 8 41 0 6 4 66 8 89 1 8 7 43 4 96 0 23 6 61 5 96 1 28 1 9 6 17 2 37 9 52 0 63 6 8 5 1 7 59 5 43 7 30 4 98 1 25 2 40 6 92 8 71 0 39 7 27 9 80 8 13 3 25 1 61 4 78 9 62 5 8 8 90 
60 4 88 7 46 8 80 1 25 5 62 9 22 3 44 9 74 5 72 2 5 8 78 6 81 2 72 0 5 4 38 8 93 7 72 7 28 1 8 6 13 9 5 5 48 9 84 1 85 4 66 4 11 1 16 1 54 4 28 4 23 9 62 3 20 7 11 7 92 8 35 6 26 4 59 6 26 2 24 2 97 9 39 7 84 1 13 1 13 0 29 3 23 5 80 4 62 0 31 2 27 4 81 7 79 2 35 4 64 5 54 4 82 5 82 3 43 0 74 5 55 
60 1 89 8 35 2 1 8 70 1 62 0 12 3 29 6 69 0 16 7 44 0 95 8 14 3 83 5 28 8 87 4 56 4 16 4 29 0 54 6 100 7 39 4 39 8 43 2 7 1 88 1 50 1 69 1 66 0 54 5 75 6 12 5 3 9 88 6 78 2 77 9 10 7 33 3 19 0 47 7 67 6 25 5 43 9 6 5 82 9 45 4 1 9 61 6 64 6 92 1 23 1 32 2 100 9 26 8 47 6 86 0 26 8 44 0 21 4 6 8 24 
60 1 34 1 82 0 73 2 55 6 75 6 67 7 84 0 56 9 95 7 68 0 55 9 42 7 42 4 3 5 84 4 73 9 88 8 50 2 94 4 82 0 7 5 78 8 32 2 71 4 12 1 70 4 72 2 4 0 1 1 33 0 36 5 26 5 78 2 2 9 60 2 67 0 27 4 11 3 77 0 71 9 96 8 76 6 77 5 84 7 2 0 18 1 54 9 92 5 39 6 36 1 39 0 19 2 6 1 71 2 4 3 6 8 10 7 42 6 33 0 75 
60 9 19 3 95 7 20 3 16 9 84 1 21 3 63 5 23 7 55 8 13 4 2 1 89 3 52 9 8 5 28 1 43 5 24 5 96 1 42 0 70 8 53 1 88 5 79 7 89 2 41 8 16 3 21 5 93 1 5 3 3 1 97 5 85 4 99 6 4 4 99 1 84 1 2 7 50 2 35 7 64 1 44 1 43 2 91 4 90 1 51 3 62 5 12 9 93 8 80 0 84 3 17 2 93 7 46 5 66 0 86 8 63 8 13 3 78 0 20 7 53 
60 4 83 6 92 2 3 6 29 0 67 2 93 4 84 6 9 3 57 9 23 3 91 9 27 4 74 1 83 9 90 3 6 9 31 5 93 2 29 2 28 1 3 4 87 1 89 2 12 4 97 9 24 9 15 5 92 2 69 1 88 1 78 5 66 5 56 8 21 1 25 9 41 7 62 7 74 6 81 4 41 3 11 8 39 0 32 9 78 7 88 6 56 5 59 4 26 0 70 0 59 4 15 8 82 6 12 4 66 0 82 3 31 9 31 6 95 5 89 6 52 
60 9 99 4 83 4 45 5 85 8 14 0 66 5 91 8 57 7 17 8 19 0 39 4 81 7 61 2 25 5 41 6 2 3 94 5 96 6 94 6 5 5 92 7 36 9 99 8 90 8 53 0 17 3 67 4 86 3 66 9 27 4 85 4 78 5 91 4 18 4 27 7 62 6 97 0 32 8 56 8 100 5 71 2 99 4 53 3 82 5 65 9 60 1 62 6 14 4 22 8 89 1 14 8 3 8 33 4 5 2 65 6 94 5 19 0 18 3 7 3 31 
60 3 20 4 18 5 45 6 90 2 58 5 48 1 19 6 60 4 43 7 20 0 100 9 100 1 46 3 96 8 46 2 43 4 78 4 94 8 23 6 58 8 20 1 8 4 99 4 19 9 1 6 22 8 76 8 73 1 70 9 65 0 69 7 35 1 55 3 53 2 73 1 98 6 26 9 7 9 63 2 23 6 63 2 27 5 14 8 43 3 19 0 40 7 59 1 77 5 40 0 97 1 74 9 64 8 42 2 93 8 87 5 78 8 51 2 92 7 32 2 37 
60 6 36 7 15 9 50 0 70 8 30 9 69 6 72 8 1 3 3 6 78 5 90 6 43 9 61 1 18 4 32 7 49 3 87 0 9 0 39 6 63 6 96 2 96 5 10 5 98 4 33 4 67 2 95 6 4 2 10 4 62 9 26 3 49 9 55 3 96 9 57 5 77 4 59 8 51 8 1 6 18 8 95 2 49 5 2 8 5 2 45 8 40 0 9 0 52 3 9 3 62 4 31 7 86 3 27 5 31 0 30 0 41 9 9 3 70 7 42 7 35 
