10 10
60 9 29 2 53 4 89 5 91 5 40 6 30 0 58 4 82 6 33 3 46 4 71 1 71 4 96 5 85 9 27 1 3 3 5 0 66 6 37 6 61 7 1 1 58 5 71 0 83 3 62 9 61 2 58 9 65 8 75 2 88 5 36 9 47 0 19 1 10 5 20 6 49 5 85 1 79 6 36 5 36 5 62 8 20 8 26 2 92 5 43 2 75 4 55 3 37 8 32 2 92 8 2 3 71 7 12 2 91 4 24 2 23 0 36 7 29 5 75 6 50 
60 8 5 4 23 7 40 3 74 8 4 9 65 9 31 1 95 3 87 1 39 1 30 0 9 0 32 6 54 7 56 4 67 7 58 1 64 1 54 0 69 8 22 0 96 0 62 2 87 9 20 0 88 1 77 8 46 9 83 0 66 3 9 0 67 5 13 4 56 7 82 7 59 3 96 6 55 8 97 9 31 3 7 7 38 9 11 8 97 0 32 8 32 1 32 3 59 6 95 3 98 6 70 1 95 8 79 0 16 9 76 7 16 9 93 1 20 3 61 6 31 
60 8 65 4 67 7 12 3 49 9 89 5 75 5 8 6 94 7 9 4 64 1 84 7 47 3 92 4 17 5 49 4 50 4 6 5 3 9 26 9 2 0 86 2 20 9 55 6 99 4 60 8 87 6 94 8 89 2 26 4 73 6 41 3 14 9 71 9 96 3 13 2 32 4 7 1 95 2 1 6 50 9 56 8 22 8 87 8 1 9 7 3 100 8 87 5 48 3 81 0 82 5 58 3 40 0 35 1 13 3 53 6 24 2 44 8 4 8 61 7 81 
60 1 3 5 11 4 39 5 15 5 27 7 6 6 60 1 6 8 15 7 67 3 84 0 23 9 100 4 58 1 72 4 8 7 6 1 2 3 43 9 46 2 81 6 85 5 87 7 98 8 83 4 19 8 60 7 76 2 65 2 30 9 84 0 46 4 24 2 58 0 23 4 22 1 5 6 76 5 66 7 57 3 41 4 63 5 48 2 53 1 26 4 87 0 99 3 69 6 25 8 54 4 54 9 95 9 65 5 4 9 45 4 93 0 100 1 21 4 43 6 56 
60 6 84 1 34 7 9 6 62 0 54 8 100 4 15 3 84 8 29 4 50 8 64 6 11 1 42 7 30 3 27 6 66 0 72 1 34 1 93 8 50 6 6 5 17 0 16 3 71 9 68 4 34 7 39 1 45 1 68 4 52 0 10 2 70 8 87 9 78 5 37 3 60 1 56 2 94 4 67 6 21 5 36 7 40 1 32 6 39 4 79 3 1 2 13 4 80 6 53 3 36 3 35 9 22 6 74 7 29 3 28 5 80 9 62 3 24 8 52 8 41 
60 7 87 4 39 9 88 7 80 3 98 8 68 0 34 4 31 5 81 1 9 8 36 5 2 8 10 6 58 5 13 9 16 9 58 3 38 1 25 0 17 9 10 4 42 5 88 4 10 9 24 0 67 1 28 3 86 4 80 6 100 0 75 0 38 9 34 5 8 3 38 9 94 4 60 7 33 7 63 6 53 7 94 6 44 4 56 9 68 5 92 1 61 9 61 6 22 9 11 7 88 2 81 3 90 2 99 8 22 0 31 2 64 7 71 9 74 3 50 6 52 
60 5 72 6 9 6 16 9 77 5 88 8 52 4 90 5 55 6 71 1 54 4 71 6 95 5 18 9 59 4 46 9 2 2 83 1 43 5 30 4 18 4 36 6 55 0 58 0 94 2 30 8 71 0 9 0 43 1 78 9 1 4 23 5 53 0 78 1 45 7 13 9 54 2 9 7 88 1 7 8 31 4 51 5 72 3 26 1 30 2 69 0 57 3 93 8 45 2 89 2 55 9 45 0 79 1 8 9 88 0 25 8 68 6 30 5 3 0 47 1 15 
60 1 25 0 98 5 29 6 4 5 15 3 18 9 70 5 99 5 62 6 47 8 41 4 47 2 22 1 57 3 7 0 98 9 100 5 8 8 94 7 38 0 14 1 47 0 64 6 89 9 32 8 56 2 34 2 70 6 88 3 28 4 54 5 11 4 62 0 40 7 91 7 47 6 87 8 73 9 74 1 54 5 63 5 18 7 69 7 41 0 100 0 60 0 34 0 100 6 87 9 13 5 25 4 13 2 32 8 67 3 71 6 83 6 33 2 71 1 99 5 68 
60 1 87 9 99 8 14 9 30 8 42 6 86 8 23 2 91 7 7 1 57 0 65 6 75 1 46 0 43 5 98 3 39 4 11 8 17 5 78 0 93 8 69 6 9 5 89 7 88 2 63 8 85 1 64 8 23 1 69 6 64 2 57 7 58 3 5 5 27 0 94 5 84 2 50 1 2 0 64 9 73 1 46 7 10 0 12 3 12 8 60 8 78 6 24 9 52 8 68 3 65 6 26 3 21 1 93 6 97 2 55 7 93 1 78 5 69 3 66 9 17 
60 9 62 9 66 1 33 0 54 7 20 4 75 9 89 4 89 3 65 6 54 9 98 7 59 9 27 4 59 2 77 6 4 9 89 3 65 5 98 0 79 9 6 2 16 0 29 3 54 9 42 6 7 7 50 7 91 2 1 2 3 0 38 2 83 9 73 7 78 4 83 1 40 5 98 3 82 5 20 6 100 1 22 5 45 2 85 3 95 0 81 1 82 8 56 8 64 1 85 4 12 9 5 2 65 6 18 1 47 6 2 5 89 2 98 1 46 9 43 0 42 
