10 10
60 2 40 9 50 4 88 3 39 7 57 8 55 2 79 4 80 0 9 1 81 9 12 7 24 8 91 5 37 5 43 5 71 5 74 8 15 7 77 8 13 5 71 6 8 3 63 3 79 2 59 0 49 1 91 3 16 3 40 1 12 1 81 1 10 2 1 8 24 9 33 9 52 4 41 0 54 6 88 3 91 5 41 2 41 6 46 8 21 6 38 3 89 5 82 8 46 9 28 5 66 1 73 3 40 8 44 4 94 3 58 7 21 8 16 5 84 1 53 7 35 
60 3 91 5 17 5 95 8 100 9 70 6 35 5 41 3 9 9 15 6 95 7 42 4 80 3 38 2 10 8 15 1 47 1 55 6 67 1 50 4 24 9 78 3 77 2 92 6 1 7 5 3 69 0 8 3 38 1 6 9 85 4 24 5 14 6 13 4 39 2 70 1 17 9 17 1 38 0 65 1 53 3 76 1 17 7 67 7 28 8 71 6 90 9 90 0 4 7 84 1 92 8 32 0 89 9 84 8 3 5 58 1 31 4 23 8 60 1 82 9 85 
60 8 52 6 63 5 49 7 71 8 90 6 51 1 26 6 35 1 66 1 77 6 81 5 2 0 90 0 14 1 38 7 42 2 97 8 66 7 69 3 74 9 31 6 20 8 43 0 20 8 50 8 7 1 79 0 3 9 19 9 64 0 32 7 57 5 30 2 44 2 8 9 9 9 92 5 28 1 47 7 67 9 50 6 80 0 60 3 63 5 9 5 29 0 76 7 34 9 46 4 26 6 26 0 64 1 28 0 96 3 85 7 33 4 79 0 46 3 85 5 89 
60 9 49 2 32 0 95 0 83 8 62 5 58 4 59 8 1 3 79 5 60 4 49 7 44 2 63 4 47 9 95 0 38 8 1 6 91 4 2 2 45 0 91 4 15 1 71 0 87 0 38 9 30 7 59 3 90 2 9 3 65 5 92 8 64 5 27 3 34 8 100 7 13 2 47 2 72 1 99 1 30 7 30 3 71 6 3 0 40 5 28 8 90 2 68 9 78 7 7 0 99 6 6 1 13 7 66 0 33 4 77 8 20 2 19 7 71 1 69 5 5 
60 9 81 4 44 9 18 4 51 2 25 7 70 5 43 9 2 5 22 7 64 1 80 5 89 0 24 4 5 9 60 9 78 7 67 5 2 0 32 9 90 4 55 6 48 4 4 7 41 7 31 0 94 5 32 5 62 3 91 4 71 9 35 7 30 1 25 9 77 6 26 1 45 0 75 1 30 3 71 9 79 6 90 8 90 8 79 0 72 6 16 2 79 5 4 4 43 4 30 0 29 4 19 6 69 5 85 6 91 8 31 5 5 9 11 7 82 6 98 3 54 
60 4 41 5 5 2 55 2 53 5 48 8 66 2 19 6 14 0 88 2 87 6 19 8 67 1 42 2 9 9 17 9 86 9 23 8 85 2 81 3 67 5 79 5 56 1 58 1 75 6 53 4 35 7 85 6 49 2 13 7 48 2 15 1 29 3 91 3 99 2 62 2 81 1 45 7 24 3 41 2 39 7 40 1 11 7 32 9 83 1 70 2 63 3 47 6 74 0 81 5 48 2 70 1 28 3 5 7 66 9 38 6 88 7 12 2 52 5 49 5 42 
60 9 1 4 4 3 11 3 8 9 85 1 72 4 32 5 20 7 87 1 84 4 52 7 53 3 67 5 3 6 19 4 85 9 25 8 48 8 52 9 41 3 2 1 4 0 25 4 51 2 90 3 55 6 3 7 74 4 16 9 23 0 83 2 97 5 40 2 29 7 78 5 94 5 71 8 82 0 62 6 60 0 40 3 79 0 21 2 56 3 29 8 74 4 28 9 50 0 14 0 14 6 21 2 35 4 14 7 56 0 49 5 20 7 86 8 11 8 70 7 65 
60 5 56 2 86 9 53 4 27 9 35 1 23 2 73 4 83 8 65 9 29 4 91 2 93 6 81 7 92 9 97 5 74 0 33 6 6 2 24 2 24 3 61 3 94 5 41 1 66 1 11 9 8 2 53 9 61 4 9 7 53 1 98 5 27 3 83 9 85 3 1 5 1 4 78 8 61 6 89 7 69 9 26 2 44 7 82 4 3 3 90 9 74 4 31 3 26 0 45 8 80 0 50 5 6 6 39 9 1 3 57 3 18 3 40 3 49 3 34 8 90 
60 9 8 4 5 7 4 8 63 5 8 1 23 2 69 6 14 9 57 8 72 5 56 1 92 6 12 6 56 1 32 8 71 3 16 0 38 6 26 8 88 2 37 9 27 4 2 5 6 0 40 9 2 3 10 9 97 7 68 1 49 7 79 2 8 3 77 3 44 2 55 3 76 6 48 1 74 1 52 2 71 2 87 5 51 6 11 9 31 9 31 6 87 7 56 7 63 4 46 8 77 8 81 8 78 3 86 8 20 0 11 8 10 1 64 3 23 0 54 8 4 
60 9 81 4 10 1 79 1 43 1 83 2 71 0 18 1 90 5 29 2 10 4 34 7 79 3 35 2 100 1 15 3 36 8 35 5 58 6 3 9 60 6 1 5 12 0 40 4 17 7 17 7 16 1 30 3 26 3 57 4 2 0 100 2 14 7 89 3 91 7 44 6 86 4 26 8 63 9 68 5 44 2 93 8 14 6 77 6 39 2 23 7 58 5 46 2 48 5 95 1 84 1 87 1 32 3 61 7 21 8 22 3 30 8 41 8 32 9 49 7 71 
