10 10
60 1 13 9 91 3 14 3 53 2 11 8 31 3 77 4 63 3 59 2 11 8 34 2 90 6 31 4 41 5 95 3 52 8 71 5 35 8 98 8 19 8 78 9 98 0 48 9 98 2 75 4 45 2 40 6 60 1 24 3 78 5 78 2 70 6 72 6 65 3 55 4 45 3 81 8 43 6 68 3 22 5 17 5 92 1 37 9 69 3 59 0 16 0 41 6 69 1 62 4 72 6 24 5 87 1 67 9 36 7 56 2 59 8 99 3 38 5 47 6 93 
60 4 11 8 80 7 57 2 60 0 87 3 96 7 73 1 76 5 39 5 86 8 15 1 48 6 96 1 85 0 3 1 71 1 41 0 99 6 36 1 24 0 32 5 55 1 81 0 62 9 9 4 36 9 34 9 63 8 93 4 39 1 6 0 56 2 97 7 14 2 12 8 8 9 74 8 20 5 50 8 81 3 73 9 74 3 75 2 33 6 100 6 65 6 4 9 9 0 57 6 23 3 51 5 92 7 43 9 92 3 58 6 68 5 21 6 25 5 76 5 87 
60 9 25 9 50 2 60 8 91 2 73 5 35 4 17 5 5 0 73 2 20 5 50 3 56 0 31 1 32 0 47 9 69 2 56 9 89 0 73 0 41 4 1 7 12 0 67 8 53 4 84 3 14 9 14 2 88 3 94 5 57 3 93 2 7 7 82 3 34 5 9 3 13 4 19 7 50 3 7 1 81 7 50 9 99 9 58 5 44 6 72 4 14 9 97 6 76 8 94 9 89 8 97 0 100 6 89 1 30 7 48 7 11 8 85 6 9 5 15 3 58 
60 9 72 7 31 4 17 3 69 2 80 9 99 2 10 1 51 1 6 9 55 7 11 6 15 1 82 5 41 8 17 1 96 0 34 5 50 6 12 3 84 6 80 1 97 2 17 8 40 0 30 0 43 4 98 4 91 3 64 3 37 6 9 3 88 2 60 9 80 5 20 8 46 1 25 0 51 8 76 4 18 9 16 7 12 3 71 5 99 8 22 0 71 7 37 1 96 5 37 4 9 4 80 2 6 7 51 5 34 1 13 8 63 4 42 5 87 8 34 1 60 
60 7 26 6 9 4 2 9 22 0 42 3 53 4 86 6 14 2 99 7 56 9 35 1 11 4 77 8 98 0 14 8 25 2 83 8 54 9 68 4 86 1 74 5 31 7 9 1 49 3 90 5 13 2 81 2 63 5 33 5 51 1 35 0 88 3 92 2 71 9 1 6 9 3 13 0 81 9 100 8 59 8 68 0 56 1 39 4 5 6 87 5 8 4 86 3 87 9 53 9 7 6 86 0 65 1 74 6 51 8 53 0 41 1 6 1 30 9 49 4 63 
60 5 84 2 51 0 9 5 39 0 61 8 78 5 75 7 88 8 10 6 84 5 32 7 90 5 50 6 72 6 67 0 16 1 92 3 2 8 16 3 97 0 6 1 42 6 11 2 91 6 35 0 13 2 5 2 77 4 8 6 99 0 4 9 76 4 75 5 43 1 43 5 5 1 43 9 77 5 6 3 28 6 75 5 9 9 27 6 41 0 39 2 71 7 90 3 50 5 40 2 31 5 26 0 26 8 91 6 77 4 69 9 37 5 85 9 73 8 36 8 1 
60 9 67 6 78 5 77 4 99 1 25 4 46 8 93 7 13 9 14 9 82 3 47 5 90 6 67 3 36 4 11 2 68 7 7 3 13 3 30 2 8 9 58 4 68 2 41 1 81 4 47 0 94 4 34 6 71 0 2 0 96 3 68 4 13 0 11 4 80 5 58 6 32 7 99 7 78 9 8 2 1 5 54 7 54 3 8 4 92 7 53 8 21 8 100 6 83 3 38 2 94 1 60 5 57 0 60 9 71 3 88 4 28 9 90 6 97 1 22 8 16 
60 6 41 6 85 7 90 7 48 4 6 2 73 1 55 6 63 5 78 6 49 4 87 6 72 4 34 9 7 2 7 8 84 9 59 8 28 0 43 6 53 5 70 4 21 6 75 8 31 2 16 1 31 2 49 6 21 5 78 6 77 5 8 2 72 9 1 8 61 2 45 0 62 5 27 9 48 1 81 6 21 6 34 0 4 3 23 5 80 5 88 8 12 1 45 1 34 5 29 2 13 9 71 8 81 9 76 1 66 5 99 5 38 1 94 9 30 0 61 8 79 
60 4 44 4 47 6 37 1 74 0 92 0 90 2 58 0 79 9 38 7 50 9 49 2 76 6 64 8 40 7 19 9 82 9 88 2 69 0 1 6 29 5 100 3 39 9 65 1 31 8 100 6 42 7 27 4 84 7 92 5 27 1 84 3 70 2 74 4 13 7 25 7 100 9 36 7 12 9 28 4 9 3 46 2 15 5 52 4 73 1 6 5 99 4 62 7 67 2 21 4 81 4 80 2 30 6 24 0 67 5 63 8 55 5 13 1 21 0 78 6 96 
60 8 6 6 58 6 81 5 81 7 88 7 67 5 81 3 13 8 85 5 72 3 94 4 3 8 55 1 4 9 45 9 97 3 52 4 13 0 24 2 68 3 70 2 35 6 72 1 52 1 23 5 58 6 11 9 51 0 6 6 84 3 64 3 87 5 21 9 56 7 8 4 55 7 93 0 5 5 35 9 39 5 80 8 6 2 14 4 23 9 19 7 49 8 50 2 59 5 80 6 80 1 26 2 15 9 33 3 39 0 89 8 33 2 50 5 36 7 99 2 93 
