10 10
60 4 18 8 45 2 22 6 25 6 46 0 41 0 99 1 69 2 98 7 27 9 46 5 72 6 3 6 59 6 40 5 21 9 3 1 67 3 52 7 64 9 63 4 9 4 63 0 54 8 57 0 62 6 78 7 63 5 21 2 57 1 11 2 93 2 73 5 12 4 73 0 94 3 33 2 4 7 6 2 84 0 65 5 60 4 44 4 84 5 8 0 97 1 24 4 6 6 2 8 95 4 38 8 36 5 11 4 42 7 69 1 46 8 20 4 75 0 78 2 19 
60 6 22 2 96 3 14 8 79 6 11 3 62 9 22 8 38 2 50 3 44 7 64 9 71 0 38 6 82 3 6 7 20 3 25 7 51 3 70 5 37 6 86 7 41 2 89 3 37 3 78 3 12 1 61 5 84 9 32 0 78 5 16 8 75 6 50 3 71 0 65 5 6 8 33 2 14 4 54 7 100 6 48 7 3 0 4 4 49 4 63 8 97 8 67 5 88 1 16 4 12 8 23 8 100 3 54 2 39 2 62 7 77 0 7 5 33 4 80 1 48 
60 1 100 2 34 5 41 7 34 0 83 1 80 7 6 9 25 6 85 1 4 6 42 9 71 7 50 6 31 3 67 5 26 1 77 1 31 1 61 2 73 7 81 8 74 8 34 4 13 0 72 6 95 4 56 7 70 3 32 8 95 7 20 7 98 1 64 7 27 5 80 2 20 0 84 4 71 8 58 1 79 6 76 8 71 2 83 3 10 8 3 2 6 2 71 7 89 4 15 1 68 2 78 4 31 6 76 4 48 3 62 1 62 4 68 7 62 6 75 2 94 
60 2 54 8 32 3 56 6 8 7 43 2 32 6 87 3 66 2 46 3 81 1 24 7 2 8 57 5 96 1 81 5 64 0 68 1 42 6 26 6 20 9 50 9 35 9 33 1 81 7 27 1 88 9 66 2 32 8 75 0 14 0 97 7 53 4 68 2 6 0 37 4 100 6 5 9 64 1 17 3 64 1 50 3 17 8 97 4 68 5 2 2 3 0 94 1 24 6 57 2 73 6 91 5 98 0 3 2 1 3 20 6 75 6 17 6 34 5 78 3 2 
60 8 41 3 77 3 45 3 33 4 71 7 51 2 70 4 6 3 73 5 66 7 8 4 3 4 84 5 23 1 58 5 30 6 49 6 77 6 93 1 19 0 36 7 57 1 52 7 84 5 47 9 45 1 39 1 40 6 12 3 77 5 29 4 79 5 48 5 21 9 84 9 92 9 95 6 30 7 78 8 11 3 2 8 4 4 77 6 49 6 11 9 12 0 28 4 12 4 95 3 7 9 6 8 30 5 54 2 91 1 9 4 21 2 67 9 37 6 76 1 87 
60 9 6 0 76 5 77 0 80 7 64 1 19 6 92 5 22 6 59 0 22 4 16 5 23 1 1 6 11 9 90 9 28 0 47 1 34 0 12 5 39 5 80 9 65 2 79 4 95 0 81 6 78 2 25 3 84 4 74 4 39 4 18 9 27 8 84 3 80 9 71 8 70 0 86 3 18 6 71 2 6 1 56 2 85 1 97 6 11 4 75 7 63 1 81 6 38 4 11 9 43 8 53 2 69 9 44 3 79 1 99 4 19 0 46 7 35 6 39 6 14 
60 5 5 5 49 2 71 0 69 7 64 1 47 9 35 2 74 9 6 2 90 5 16 6 69 1 83 4 3 4 64 2 64 9 41 1 73 4 26 0 16 8 30 8 19 7 70 0 24 8 39 5 100 8 29 4 24 4 19 0 96 5 12 7 50 1 41 2 75 5 39 6 100 2 64 0 6 4 78 2 58 7 89 6 66 7 24 9 72 0 9 5 50 0 14 2 31 6 68 7 98 9 83 0 92 6 68 5 100 7 85 4 39 6 69 7 61 6 28 2 28 
60 8 64 1 79 4 40 1 37 7 50 4 64 4 50 6 28 3 16 4 72 8 98 8 82 5 48 7 61 1 87 3 1 3 95 9 93 9 25 4 14 2 46 0 88 2 65 9 47 8 95 8 67 4 32 6 55 6 43 7 44 1 44 6 90 0 76 1 3 5 69 8 54 9 10 7 55 3 87 8 42 1 76 4 73 1 8 5 4 4 4 0 22 4 88 9 52 2 15 2 73 0 82 8 31 1 63 2 62 1 85 9 31 9 8 7 30 7 78 1 13 
60 8 15 3 29 1 67 9 34 9 22 4 7 6 99 5 91 6 30 5 15 0 5 3 85 7 71 5 40 9 60 7 9 2 65 3 6 4 57 1 18 7 85 4 32 0 58 6 40 1 74 8 14 8 17 8 71 5 43 0 75 5 91 1 82 2 96 2 77 6 1 1 2 7 85 2 24 2 70 2 68 4 40 3 74 8 72 2 71 5 36 5 94 8 52 5 94 8 95 4 89 2 88 5 100 4 58 0 97 5 64 3 15 8 46 5 99 1 3 9 9 
60 4 1 4 29 1 97 5 41 7 17 5 28 2 64 2 81 7 49 3 82 0 75 3 57 8 85 4 87 2 51 6 71 8 69 9 1 1 28 0 14 9 61 5 88 9 14 5 7 2 71 7 91 8 58 3 35 6 56 0 33 7 25 2 82 5 23 7 57 6 14 3 88 3 18 4 24 7 36 3 67 3 21 3 57 4 53 1 91 7 3 0 65 2 55 7 96 9 83 0 65 1 69 9 82 1 33 5 53 2 59 9 71 7 15 6 85 2 83 9 65 
