10 10
60 1 83 9 74 7 83 3 22 6 55 5 8 9 67 4 60 2 79 2 20 6 31 3 87 8 6 0 38 7 88 8 23 2 18 5 39 5 82 2 28 6 72 1 12 4 73 7 13 9 16 0 45 8 47 1 15 0 39 6 72 5 14 4 94 6 8 6 99 8 67 4 100 9 70 5 20 3 86 7 10 7 12 3 10 0 17 8 44 4 18 9 86 8 95 2 45 0 78 1 40 3 42 6 3 6 54 3 12 6 97 0 45 3 74 8 67 2 50 2 25 
60 1 70 9 10 7 3 3 75 7 88 0 26 0 85 7 94 0 37 1 57 5 92 8 17 3 49 7 9 6 23 2 51 2 100 9 49 9 72 0 81 9 74 1 34 1 27 0 5 5 95 8 93 5 3 1 41 5 88 8 82 2 14 0 71 0 81 5 44 6 89 5 65 7 2 5 85 3 27 2 92 1 40 9 29 0 35 7 57 3 57 4 7 9 26 9 14 9 15 8 40 4 52 1 91 0 37 4 55 6 89 2 48 2 2 7 30 9 61 5 62 
60 4 74 2 18 9 7 5 48 9 82 0 12 5 60 8 52 3 72 6 46 9 9 6 83 9 38 5 18 1 68 1 50 8 91 1 43 8 93 1 84 9 22 0 5 5 12 4 62 2 52 2 45 9 23 1 16 0 60 7 86 8 75 9 3 8 7 9 58 9 53 6 46 9 55 1 67 0 52 8 71 8 100 0 86 8 28 3 25 7 47 0 11 9 95 6 38 7 69 0 80 8 79 0 80 6 75 7 8 0 63 3 28 0 85 6 33 0 9 2 75 
60 7 7 9 47 0 49 5 14 8 75 0 96 4 27 4 21 3 24 0 97 7 23 6 3 2 91 8 38 1 44 1 35 4 69 1 2 3 99 4 29 5 82 8 76 1 6 7 47 5 57 3 34 8 74 2 7 5 50 4 68 3 24 2 79 2 64 2 63 6 94 9 44 9 46 9 40 2 98 4 60 2 30 3 83 8 32 8 22 8 17 3 57 2 30 4 43 6 13 4 74 3 78 4 34 1 25 3 59 3 13 4 13 7 30 0 8 7 18 2 64 
60 9 69 4 1 5 35 9 34 3 78 4 85 5 69 8 96 9 56 8 72 5 79 6 94 2 4 1 17 5 6 3 11 7 36 8 88 2 38 7 62 6 55 7 42 9 70 5 91 2 23 2 74 4 10 4 83 1 66 8 60 4 98 7 48 9 32 3 61 8 98 9 96 5 88 4 80 0 72 4 73 2 75 0 88 0 97 9 94 0 67 0 25 2 17 3 30 7 62 6 29 9 82 7 18 1 94 8 21 2 32 5 81 4 56 2 16 5 71 7 52 
60 2 63 6 72 4 93 9 59 5 8 6 70 0 72 0 38 0 71 5 74 8 7 6 92 5 30 8 88 7 42 3 70 0 3 5 26 6 56 8 78 9 21 6 92 6 59 3 80 5 47 3 89 6 57 0 98 7 56 4 72 7 9 5 51 6 80 0 22 3 79 7 9 9 18 9 64 0 59 4 57 5 64 0 23 8 91 2 49 6 8 3 26 5 33 7 4 3 85 7 55 6 1 4 23 3 34 3 100 1 30 5 51 9 67 7 98 4 23 0 66 
60 5 44 2 20 0 53 1 80 8 97 5 7 0 41 0 73 7 7 8 3 0 8 1 61 8 69 4 7 8 98 6 100 6 66 8 77 1 24 0 12 8 9 6 95 1 100 2 83 4 53 8 74 3 80 1 70 2 76 6 13 7 55 4 52 7 72 8 59 7 30 2 61 8 20 1 97 5 52 7 22 1 31 0 44 6 44 7 78 6 84 9 69 0 4 5 26 1 16 7 26 5 65 2 7 3 25 9 94 8 100 2 69 5 6 8 35 0 66 4 65 
60 2 42 3 77 1 49 9 75 8 58 0 96 9 58 7 10 4 31 8 55 5 95 7 68 5 28 2 13 9 66 6 93 8 91 4 82 2 52 9 76 9 5 1 22 9 39 8 71 4 48 3 11 5 87 0 53 8 63 8 82 8 64 0 32 7 58 9 29 6 36 8 92 8 69 4 88 1 23 8 37 6 18 7 33 8 29 0 9 9 50 3 35 1 90 2 42 1 57 1 98 7 94 3 24 5 43 8 23 9 52 5 59 9 41 6 76 0 6 0 63 
60 3 25 2 1 6 11 5 2 9 43 0 43 3 91 6 16 6 5 4 11 8 73 7 16 7 29 5 28 1 55 2 65 6 45 7 27 6 17 8 30 2 96 0 48 6 70 5 22 5 7 4 33 8 74 0 97 6 24 2 55 5 48 6 42 8 62 5 79 2 86 6 88 7 7 6 52 5 80 4 72 0 73 5 100 8 92 1 25 2 71 9 56 5 28 2 92 8 88 1 65 1 64 7 66 9 97 5 76 2 99 8 74 8 8 3 92 7 99 2 34 
60 6 17 9 71 0 28 9 72 4 50 2 71 9 93 7 19 8 64 5 95 9 29 2 14 9 48 6 61 4 67 6 29 2 18 2 41 2 28 9 56 2 28 2 39 9 56 9 70 0 6 2 38 7 65 3 31 7 33 2 84 5 50 3 88 6 49 1 73 2 37 9 42 8 51 0 45 6 96 1 62 6 61 7 37 3 92 0 94 9 6 7 42 8 49 1 21 7 93 1 29 5 68 2 4 2 13 8 40 6 98 2 62 6 13 0 45 2 16 4 55 
