10 10
60 7 64 1 12 6 70 3 77 5 8 2 6 2 87 6 4 1 12 3 24 9 54 5 42 2 50 0 40 6 27 7 26 7 3 0 50 8 31 2 23 5 18 4 25 7 21 6 7 8 42 5 88 7 24 4 43 7 58 8 11 8 43 8 47 7 40 6 16 6 81 0 99 8 76 0 20 0 6 3 65 7 8 2 28 8 72 3 76 9 3 2 33 7 88 5 97 0 88 0 82 6 46 3 12 8 57 1 85 4 72 3 53 3 83 5 7 0 48 5 87 
60 1 5 8 10 6 19 9 45 8 20 1 77 4 31 9 17 8 43 3 24 7 54 3 28 1 77 1 1 4 46 4 5 1 6 5 38 7 80 8 14 9 84 3 22 0 90 9 84 2 75 7 84 0 17 0 77 0 18 1 26 1 49 2 26 2 11 8 91 8 94 4 5 7 97 8 41 8 69 3 89 5 23 1 31 3 10 2 48 2 1 0 44 8 73 1 68 0 14 8 3 2 15 5 90 7 68 0 29 5 97 6 82 1 27 5 11 5 99 2 61 
60 7 38 9 41 3 31 2 29 4 71 0 81 6 35 2 77 1 21 4 50 7 43 2 92 3 4 1 36 1 63 2 31 8 20 3 79 1 70 3 32 8 47 2 49 6 47 4 89 8 57 5 81 6 31 5 39 8 54 3 44 9 76 2 28 5 95 5 13 1 32 0 31 8 63 7 52 9 65 4 57 1 57 1 16 0 49 8 69 5 95 3 70 0 13 1 91 2 100 8 21 7 36 5 48 3 4 0 87 2 38 4 78 6 9 4 14 1 1 0 49 
60 6 8 2 55 1 86 1 66 3 9 3 9 0 13 2 94 5 20 8 87 9 85 6 23 1 24 7 59 8 97 7 81 6 90 1 96 0 45 1 88 5 95 0 76 4 9 2 23 9 78 9 66 9 52 2 67 4 94 3 34 5 98 2 80 5 64 2 64 0 35 9 11 0 14 1 38 3 33 4 81 9 28 8 23 6 66 1 44 7 76 1 37 0 42 9 92 2 13 2 19 2 32 4 22 2 47 0 70 6 40 2 14 8 87 4 47 9 11 8 43 
60 8 19 1 63 4 63 0 12 4 40 4 82 6 63 0 38 4 20 8 46 5 20 5 51 1 39 0 84 0 54 0 25 5 65 0 99 1 34 9 55 8 86 9 36 2 15 8 83 1 22 2 23 8 59 0 64 6 4 2 84 7 93 9 84 3 40 9 17 0 45 5 11 6 86 5 6 5 32 5 56 3 67 0 82 8 55 1 96 3 99 5 89 6 42 8 69 8 6 6 9 3 32 1 38 0 76 5 24 1 66 1 33 8 58 4 45 5 32 5 21 
60 1 23 4 41 0 64 7 76 6 73 8 87 2 8 8 53 0 42 8 96 2 20 6 38 0 92 9 31 5 24 4 46 6 93 5 73 7 40 8 80 6 93 2 51 3 24 8 90 6 6 1 41 3 74 3 81 8 74 4 77 1 47 6 29 0 84 7 58 1 2 3 50 1 40 6 29 0 35 2 30 2 9 3 33 2 50 6 12 9 50 6 85 9 69 2 10 2 83 5 55 6 82 0 59 1 83 4 46 5 68 5 4 2 64 6 97 9 86 0 47 
60 8 36 0 59 8 1 9 60 8 18 6 84 7 44 9 55 8 71 5 68 9 35 8 68 1 40 8 76 5 53 3 7 2 65 3 13 6 95 1 73 5 70 9 66 0 81 0 94 9 73 4 40 2 75 0 44 9 14 9 43 1 57 1 5 5 30 8 43 9 44 6 27 1 11 8 5 8 24 2 44 4 30 5 52 1 78 5 70 0 12 7 53 7 30 6 46 5 40 0 60 5 84 8 11 1 66 4 67 3 38 8 18 7 2 8 53 2 36 6 92 
60 0 79 8 75 9 11 5 80 3 100 5 87 0 34 7 90 7 47 9 83 8 20 7 71 8 6 0 31 7 8 1 50 4 18 5 57 2 5 3 35 7 95 5 96 0 55 0 42 3 42 0 25 0 86 9 40 8 63 9 41 1 69 0 11 7 49 6 38 2 1 8 51 3 56 8 3 4 77 8 83 7 47 1 88 5 41 7 93 1 83 4 12 3 98 8 13 6 63 6 20 3 20 5 56 8 11 0 83 7 30 3 8 8 20 0 43 7 76 8 22 
60 5 20 0 77 7 17 4 14 4 5 9 12 0 56 3 49 4 24 3 54 8 39 2 21 6 94 2 65 1 70 6 29 8 74 8 26 9 51 5 58 6 25 5 22 6 22 9 54 5 11 2 3 4 11 7 5 4 29 9 76 3 6 1 71 4 90 9 51 1 71 4 29 5 11 9 70 9 41 5 51 1 30 5 16 4 87 8 21 7 71 5 25 9 64 1 22 4 76 6 9 4 12 9 33 2 59 1 5 8 67 6 5 7 60 4 90 1 15 8 66 
60 4 30 2 14 4 37 8 49 0 16 0 37 9 18 5 31 7 86 4 100 4 50 7 29 3 97 6 93 5 42 0 20 3 69 7 87 2 83 2 3 3 58 5 1 8 86 7 77 4 85 4 75 9 90 9 11 3 84 3 99 7 8 4 58 0 2 8 45 0 54 0 67 8 21 4 21 2 12 5 72 9 27 7 80 3 46 4 35 5 50 4 96 9 45 3 26 1 59 6 26 2 31 5 78 1 40 8 91 5 69 1 7 8 36 1 86 8 57 4 45 
