10 10
60 5 84 7 30 4 29 8 91 5 78 2 12 0 18 9 22 4 4 6 44 3 30 3 27 6 49 0 37 2 15 6 99 3 7 7 65 4 13 9 20 3 89 9 86 1 5 2 56 4 12 6 15 7 90 6 60 7 79 6 25 9 21 2 86 6 93 8 15 9 67 2 25 9 92 5 42 5 38 3 3 1 85 5 50 7 88 9 99 9 73 7 92 0 54 8 95 8 95 2 26 3 99 0 77 9 85 3 34 3 24 9 24 3 47 0 86 9 36 5 92 
60 5 55 0 19 1 70 1 46 9 78 4 90 8 11 3 99 6 47 3 84 1 4 2 86 3 26 2 13 3 68 3 37 0 9 9 53 9 72 8 28 2 7 6 69 2 92 0 59 0 31 6 14 7 58 3 36 7 54 4 10 6 72 0 52 9 45 6 63 0 99 5 14 8 35 8 21 7 100 6 37 4 21 5 12 3 97 5 91 7 31 1 29 9 88 4 27 6 43 6 19 9 81 5 63 0 98 6 100 4 39 3 2 8 65 6 7 9 97 3 28 
60 9 98 3 3 0 71 6 25 7 20 0 37 1 33 7 60 1 88 5 56 0 29 1 45 2 86 2 88 1 94 5 83 3 33 0 11 4 87 6 95 4 58 2 16 0 1 1 4 6 67 7 98 8 90 6 24 3 19 8 31 2 91 6 47 3 96 6 21 2 99 6 51 9 37 5 39 6 57 7 89 2 75 6 48 2 18 9 72 5 93 6 66 8 43 4 95 3 6 0 65 8 15 5 96 5 97 7 4 0 22 2 54 1 77 4 55 5 70 7 8 
60 6 56 9 14 0 14 9 61 4 20 9 55 6 16 9 46 9 44 8 58 8 25 9 89 6 69 9 88 6 69 4 75 6 77 3 22 9 86 8 98 5 19 8 2 8 3 7 95 8 16 7 99 0 51 9 97 3 69 8 97 8 34 3 40 9 75 1 62 8 25 0 47 3 19 1 13 0 92 8 45 9 14 7 21 2 80 6 99 3 71 7 20 8 17 0 7 0 26 3 54 7 24 8 16 3 56 5 86 9 100 6 59 0 57 7 47 2 36 8 37 
60 1 12 7 21 7 35 1 28 5 39 7 17 8 43 5 50 3 64 6 73 0 14 6 63 3 57 4 63 1 70 2 15 9 77 8 58 3 39 5 32 2 22 5 55 3 30 6 10 9 17 3 23 1 14 3 77 3 33 3 51 2 31 5 97 6 67 5 11 8 39 0 7 8 12 2 35 2 27 6 47 0 25 1 78 8 70 8 12 4 41 5 13 4 52 9 57 6 43 4 12 8 75 3 79 5 25 6 42 6 64 8 23 6 70 8 52 1 65 4 93 
60 3 31 1 95 7 28 3 75 9 35 8 96 0 31 5 57 1 12 3 81 4 87 9 73 5 18 9 48 4 88 3 51 5 100 3 78 6 3 1 83 7 77 5 34 8 30 3 95 0 71 3 49 2 71 7 57 3 20 7 39 2 59 4 23 4 42 5 44 6 8 9 5 6 55 9 68 0 18 5 10 7 33 9 15 7 57 4 61 0 87 9 69 1 87 6 25 1 30 9 69 7 37 8 32 2 73 3 22 2 83 8 82 8 31 1 25 1 5 8 56 
60 3 68 4 10 2 100 5 2 8 70 1 68 0 37 8 90 7 50 2 63 7 35 1 58 6 68 3 95 8 85 6 55 2 35 1 91 5 50 6 85 3 85 4 62 9 24 1 24 0 56 2 94 3 81 1 17 2 79 1 99 9 35 8 71 8 29 5 5 9 59 4 84 5 63 2 44 4 67 9 91 7 12 5 56 7 68 4 19 0 43 4 81 5 15 6 34 4 50 2 81 9 68 5 38 7 28 8 29 4 21 4 62 5 24 1 5 5 23 7 87 
60 8 93 9 30 6 3 8 83 6 5 1 74 3 8 5 18 2 1 5 38 3 66 9 39 2 44 1 48 3 23 6 15 3 51 0 65 0 47 6 64 4 9 7 89 9 22 6 30 6 44 1 79 5 60 0 58 1 18 5 37 3 12 9 99 6 98 1 75 1 49 1 66 5 76 7 62 1 90 6 82 1 22 3 31 5 82 4 37 8 76 6 70 6 80 2 7 4 81 5 26 5 4 9 39 8 56 4 66 6 43 0 12 4 71 1 45 1 29 9 5 
60 1 54 3 79 1 4 5 40 2 39 1 35 9 23 6 47 8 5 3 2 5 27 1 10 3 55 0 83 0 1 4 50 2 46 2 34 1 8 8 84 1 59 9 49 2 21 7 61 3 75 0 31 3 73 5 10 7 20 4 87 6 71 6 23 4 10 0 31 0 63 4 8 4 57 7 38 3 18 6 19 2 58 4 87 4 24 1 20 9 4 0 29 8 66 2 76 1 66 7 91 5 7 4 33 7 46 8 25 0 40 1 86 4 22 4 53 2 22 3 63 
60 8 62 9 6 5 26 0 59 2 39 5 31 9 26 0 23 7 55 2 19 7 62 9 46 5 44 4 20 1 82 7 45 7 29 3 84 4 11 0 67 9 10 6 5 7 66 3 70 5 22 9 76 7 26 0 9 8 98 9 25 6 24 9 24 5 84 1 50 6 56 7 21 7 31 9 60 4 40 6 41 5 38 1 57 9 31 8 91 9 97 4 83 6 90 6 8 5 11 4 76 7 27 4 53 0 92 3 79 4 39 0 73 6 78 4 48 9 59 1 25 
