10 10
60 5 78 9 20 0 57 8 8 9 36 7 98 9 38 8 11 7 15 9 15 1 4 6 80 3 19 7 97 9 10 8 50 9 48 7 7 1 64 4 92 8 34 3 10 4 18 8 84 1 96 9 26 3 96 5 3 8 11 2 80 3 70 3 35 4 90 4 30 8 73 8 46 6 63 9 61 2 23 9 83 8 76 9 5 7 45 0 16 6 94 0 59 0 67 1 39 0 32 0 100 4 73 3 98 0 20 7 66 3 55 8 38 4 94 8 28 7 93 5 29 
60 3 3 6 45 8 67 2 25 6 22 3 70 0 28 5 94 4 19 0 51 1 35 4 29 3 69 0 4 5 34 9 99 7 67 3 99 1 53 8 96 1 92 3 2 0 5 8 34 7 55 3 46 8 62 7 60 6 81 4 93 8 50 7 4 5 24 6 13 8 4 9 78 5 44 7 70 0 89 7 67 8 31 5 68 8 18 3 35 5 71 7 7 8 41 4 9 7 53 3 32 5 48 8 13 2 57 5 70 4 58 7 21 2 8 9 2 0 6 4 23 
60 9 62 8 5 5 38 0 21 5 31 7 90 0 99 1 36 3 88 1 61 2 62 0 5 7 94 9 64 8 17 0 68 1 68 3 33 1 98 5 88 6 76 2 61 9 29 6 37 4 12 5 69 2 38 9 59 5 7 9 77 3 87 3 34 4 26 8 65 8 50 0 80 0 8 7 61 6 56 4 72 2 22 2 94 7 77 5 58 2 32 0 65 4 43 2 33 1 59 0 83 7 94 4 33 8 16 7 1 2 58 3 70 2 29 3 20 7 45 2 31 
60 4 84 0 70 3 86 0 86 9 96 9 88 9 15 2 80 9 63 1 31 5 22 0 99 9 89 6 31 3 81 0 17 1 14 6 60 8 40 7 81 0 33 8 30 9 38 2 55 5 45 3 40 9 92 5 78 3 59 6 95 7 55 9 12 0 56 9 39 6 65 3 78 6 81 1 91 3 12 0 99 0 65 2 99 7 91 4 19 2 50 0 67 0 31 1 46 2 1 5 64 9 73 5 10 9 15 1 84 4 29 9 15 0 99 5 10 1 4 6 44 
60 3 68 5 1 1 19 7 90 6 47 6 61 3 46 7 49 8 65 0 72 4 95 8 16 0 48 8 93 6 58 9 67 8 6 7 37 9 95 9 16 4 32 2 95 0 3 0 37 5 31 2 74 9 17 7 36 7 98 0 38 7 43 4 55 8 73 0 17 1 39 9 96 5 88 1 14 5 7 9 60 1 31 2 97 0 18 4 55 1 1 6 43 0 36 6 28 9 93 7 69 3 70 7 94 5 41 9 13 8 75 2 54 1 90 1 73 9 32 4 17 
60 7 39 5 67 3 84 4 14 5 88 8 27 2 69 6 12 0 82 5 80 0 48 1 60 3 78 8 81 1 75 7 98 1 40 4 95 9 86 2 46 6 58 4 36 6 57 8 66 5 82 0 22 9 55 0 94 0 38 7 47 1 31 5 92 0 3 5 39 2 51 6 2 6 76 4 38 1 17 7 68 1 44 2 64 0 21 9 4 1 20 9 14 4 99 9 37 5 34 9 26 3 12 9 35 9 55 1 28 1 10 9 75 7 24 9 39 2 77 8 82 
60 0 49 2 73 8 57 3 41 8 45 5 2 8 76 5 55 3 29 1 8 9 38 1 18 2 14 5 95 0 89 1 71 2 43 3 25 5 92 4 63 7 69 6 6 2 68 3 56 7 43 3 58 1 35 7 38 3 67 1 53 3 45 3 89 5 89 1 29 1 96 7 13 7 80 2 55 3 24 6 99 3 30 8 11 7 96 2 94 2 74 2 6 0 50 7 31 6 48 4 59 0 93 3 87 6 68 8 45 9 15 2 27 1 89 5 10 8 66 7 42 
60 5 39 1 70 3 86 7 45 3 85 8 3 0 96 0 29 2 72 8 65 7 70 2 10 1 71 0 74 3 2 4 82 8 80 7 94 2 29 7 36 4 11 9 89 3 5 5 1 1 30 1 60 7 89 8 88 6 1 1 70 2 10 2 28 1 15 0 80 7 44 8 95 1 42 5 65 8 11 2 40 3 42 8 41 1 85 9 33 3 16 9 93 5 81 2 69 4 41 9 40 3 71 2 35 7 53 1 84 6 52 7 58 2 22 9 9 8 3 0 29 
60 0 29 0 93 7 67 5 44 7 87 4 67 3 79 0 44 3 99 4 26 0 56 6 51 2 84 9 32 8 15 6 92 2 81 6 47 8 11 8 51 7 9 5 24 4 73 9 64 9 23 3 37 8 46 9 95 4 44 7 92 8 90 8 28 2 70 9 15 6 45 7 11 6 52 1 33 0 7 9 86 4 37 0 30 5 6 4 3 4 1 9 61 8 58 9 7 2 17 9 8 6 87 3 39 1 82 1 76 3 46 1 25 3 33 6 35 3 6 8 85 
60 7 69 2 17 2 33 0 29 7 69 1 90 9 74 1 6 8 8 0 34 1 6 3 95 1 6 8 98 8 93 0 66 3 64 9 99 6 58 3 93 6 69 7 1 9 98 6 45 9 55 8 92 1 39 0 87 3 72 8 18 7 24 6 34 4 81 5 96 8 71 6 96 2 60 5 3 8 52 8 61 9 35 3 47 9 55 6 95 9 35 2 37 6 50 3 81 8 80 2 35 5 28 7 74 2 19 8 3 1 26 6 37 6 50 3 17 8 77 0 64 
