10 10
60 5 93 6 54 8 16 7 25 8 76 8 98 7 98 4 60 3 48 6 43 2 40 3 8 2 2 5 14 2 100 9 22 6 65 6 92 0 57 9 20 5 85 8 97 3 93 6 36 0 92 8 91 7 98 5 18 4 63 1 5 8 94 8 35 6 64 0 31 0 38 3 74 2 6 8 90 9 35 4 5 3 63 1 89 7 9 1 6 9 52 6 63 8 88 0 77 4 33 6 51 0 10 7 25 3 40 6 90 4 63 7 92 0 17 6 90 9 15 0 80 
60 7 56 1 87 9 25 3 70 1 98 7 3 3 19 7 17 6 51 5 41 8 49 1 77 2 60 7 77 0 37 0 46 4 83 5 19 9 84 3 45 1 36 8 6 2 77 9 58 5 71 1 51 3 60 5 45 6 98 9 2 5 95 3 5 2 98 6 36 3 27 7 45 9 20 1 19 4 25 1 99 0 89 4 93 5 86 1 7 9 30 1 99 0 5 0 18 6 97 6 77 4 14 7 63 7 19 2 52 5 12 5 58 2 98 4 4 1 70 3 2 
60 8 84 0 24 9 92 1 30 4 1 6 64 9 96 4 60 1 17 9 100 2 92 5 58 7 5 0 93 7 17 5 4 1 6 4 89 4 100 0 7 0 9 4 36 2 39 7 82 4 21 5 57 1 12 1 39 1 96 8 18 7 24 6 71 4 48 3 68 2 83 3 50 6 75 7 84 9 17 0 47 0 15 4 93 8 50 9 9 3 23 6 28 9 2 2 14 6 73 4 56 6 73 9 51 1 16 8 25 7 44 5 14 2 9 4 36 3 45 2 84 
60 8 37 1 53 9 86 9 20 1 76 8 79 0 99 4 87 6 12 2 6 2 12 7 4 8 45 6 31 4 6 8 59 6 96 3 17 3 84 8 61 4 30 7 2 3 18 2 88 3 33 8 11 8 26 4 24 5 7 0 92 8 2 8 52 6 93 5 76 6 30 4 59 2 41 0 58 8 56 5 58 3 31 6 55 4 69 1 41 4 56 3 34 7 34 2 90 5 37 7 41 4 81 6 68 0 71 2 16 2 10 5 28 5 99 3 91 5 95 7 86 
60 9 29 8 28 4 48 3 67 1 24 9 93 0 17 5 18 2 91 7 96 5 26 4 48 5 9 7 32 3 62 8 81 2 83 2 30 5 99 7 46 0 18 5 91 3 4 6 18 2 9 2 30 0 93 3 76 5 20 2 38 8 100 6 33 6 14 4 49 2 28 1 34 5 60 3 82 5 19 3 3 0 26 0 84 4 63 7 3 6 21 9 51 8 87 0 44 8 67 0 19 1 87 4 18 9 93 7 6 4 92 3 14 8 70 2 54 1 39 4 82 
60 9 2 0 86 9 26 2 70 9 84 2 31 4 3 2 27 3 77 3 99 5 11 1 82 6 85 2 31 8 10 1 39 6 86 0 15 2 14 1 51 5 51 3 85 4 10 2 17 1 16 7 40 3 22 7 4 9 81 9 87 2 88 1 20 8 46 3 70 2 89 1 10 3 81 2 27 1 23 0 88 6 70 4 13 8 94 2 54 3 11 0 70 2 67 6 56 3 91 6 12 3 69 5 13 3 100 0 52 1 18 0 65 1 95 5 63 1 16 4 46 
60 2 50 1 35 3 88 2 86 8 72 6 45 0 49 6 32 7 60 0 27 2 80 6 95 0 99 0 47 5 100 6 39 8 28 8 32 8 52 2 55 2 64 3 62 9 80 0 31 7 15 0 60 5 85 2 39 5 2 2 71 3 76 9 33 0 55 2 69 4 49 8 88 5 97 9 80 9 45 7 98 1 100 1 83 4 45 1 37 3 66 7 24 5 13 4 9 1 4 3 67 3 58 3 85 1 59 0 48 2 46 2 78 5 40 9 57 2 64 8 97 
60 7 36 0 44 4 37 7 48 3 61 4 72 7 51 0 1 9 53 0 9 8 26 8 86 7 7 0 64 4 80 6 4 2 57 9 79 2 13 6 54 4 99 0 83 5 90 7 14 9 44 1 38 4 36 2 28 4 99 5 60 1 64 3 45 3 97 8 13 2 23 8 65 7 81 1 68 6 41 1 66 3 75 1 28 1 76 8 97 1 95 0 67 4 96 3 97 7 83 6 76 2 68 5 85 0 68 6 20 0 81 5 73 6 11 9 37 4 74 0 39 
60 4 71 4 92 2 50 4 56 5 33 1 59 4 37 6 77 0 29 8 94 2 9 1 14 1 7 8 2 0 4 8 26 9 10 5 93 3 70 6 25 0 29 6 21 4 85 1 24 9 18 5 34 2 79 3 86 6 79 1 40 6 12 0 82 5 16 7 22 7 37 9 62 4 55 5 78 5 77 5 68 3 61 1 91 4 63 4 81 1 11 1 99 5 52 1 49 9 59 8 89 4 35 9 23 3 85 8 24 0 45 6 36 5 90 6 72 5 46 6 80 
60 2 9 4 53 3 30 9 82 0 66 1 60 2 58 0 78 8 42 5 38 5 3 2 38 3 71 1 59 2 15 5 71 7 70 0 86 8 96 2 50 6 74 2 19 4 70 4 70 0 4 9 88 6 39 0 44 7 37 3 66 6 48 0 8 1 67 0 39 0 73 2 45 4 26 2 23 1 52 5 70 8 94 3 77 1 76 7 23 9 60 0 15 6 47 8 49 8 34 1 43 6 83 4 91 9 22 2 84 9 43 9 30 1 33 9 72 2 84 2 59 
