10 10
60 3 55 3 37 3 35 8 83 3 91 7 84 2 37 6 56 7 1 3 73 0 78 4 67 5 32 7 13 9 15 2 73 6 18 8 91 3 74 8 47 8 44 9 42 9 80 1 73 3 81 7 99 3 20 5 50 6 54 8 45 2 94 0 51 0 29 6 33 6 83 4 93 9 55 7 31 8 95 6 95 8 56 6 10 3 96 7 3 2 32 2 13 8 65 8 61 2 28 3 23 5 38 8 9 5 63 3 57 8 41 6 3 8 52 1 95 5 36 7 93 
60 5 74 1 79 5 6 9 79 4 58 5 42 9 72 7 29 0 26 4 72 5 25 1 11 8 46 9 71 3 38 7 68 7 100 3 58 1 44 7 86 6 97 0 72 1 86 0 61 8 55 8 11 4 85 1 48 8 97 4 25 3 59 2 86 4 72 8 97 3 46 8 87 7 37 6 92 8 66 1 60 6 12 1 23 3 10 6 34 0 17 5 30 1 64 5 25 6 76 2 16 9 46 8 84 3 85 3 76 0 86 4 60 2 78 6 51 9 58 7 60 
60 7 33 5 100 9 2 7 36 0 63 4 27 7 50 3 12 0 87 9 86 3 61 8 87 2 86 0 59 3 91 8 4 0 48 6 89 2 24 8 22 1 2 0 47 2 52 9 9 8 86 6 84 8 47 9 14 0 37 3 43 1 94 3 60 2 60 8 55 8 88 2 93 6 20 7 49 0 65 5 91 2 85 0 23 9 90 1 58 1 69 3 37 7 83 6 74 6 3 0 21 4 14 4 93 1 34 8 33 9 34 2 74 3 84 5 85 6 71 2 65 
60 5 46 6 90 7 70 4 32 0 72 6 93 8 87 8 5 6 63 4 98 8 79 3 2 3 29 4 6 5 24 4 50 5 74 9 19 3 16 2 22 4 51 4 72 3 32 7 48 4 20 4 87 3 93 9 73 1 20 3 98 4 92 7 63 4 79 5 42 1 59 4 36 3 71 3 56 0 78 8 4 4 100 1 80 4 26 4 48 9 71 3 55 4 5 4 20 5 76 6 93 6 93 2 93 9 6 6 58 9 94 9 71 8 62 6 52 2 93 8 54 
60 5 83 2 60 4 56 8 13 3 26 7 61 8 39 7 13 8 87 1 50 5 1 7 21 8 47 4 62 2 33 9 47 5 78 7 16 7 38 9 47 8 67 1 39 9 27 5 5 0 14 7 79 4 47 0 87 6 19 8 54 3 53 6 68 3 57 0 49 9 9 3 91 1 97 3 56 2 72 8 60 6 23 0 34 6 37 9 27 1 40 6 85 2 13 0 65 0 68 3 61 9 93 3 92 4 92 6 11 4 62 6 72 0 55 5 100 3 10 3 78 
60 0 98 7 22 5 88 7 31 5 75 9 49 2 89 1 2 5 31 4 18 4 78 2 45 9 28 7 35 3 64 3 92 7 29 6 52 9 41 5 7 5 84 9 53 9 10 8 55 7 51 7 69 3 47 7 72 4 56 9 32 8 8 5 65 4 34 5 14 5 20 1 8 9 17 3 49 4 91 2 84 7 85 0 41 0 16 4 8 6 27 6 62 0 15 3 78 6 2 7 77 2 10 9 54 3 36 1 54 3 82 9 39 0 52 1 42 1 32 8 70 
60 8 76 0 86 5 27 7 61 2 69 0 78 2 88 5 5 2 12 4 71 2 56 0 93 3 52 8 46 1 43 8 81 3 7 9 25 5 94 9 44 3 85 0 38 6 78 8 76 3 92 2 66 8 63 5 5 6 6 3 63 3 20 9 33 0 90 3 29 9 58 4 30 3 32 4 100 2 57 9 93 2 12 5 12 4 1 2 63 9 16 3 86 5 54 4 1 8 39 6 27 8 27 9 23 4 17 4 72 9 49 9 84 0 74 8 40 0 51 8 51 
60 9 40 1 59 0 73 5 31 2 32 1 97 9 76 1 95 1 30 9 7 7 7 9 45 0 16 2 54 9 10 6 34 8 44 6 67 4 27 0 20 4 69 4 60 0 22 9 16 8 22 6 13 6 72 6 92 1 91 3 17 9 45 4 13 4 26 9 6 4 61 0 2 8 41 5 13 0 54 1 73 0 18 8 60 5 45 7 42 0 27 0 23 3 22 9 14 7 18 0 89 0 4 8 14 2 24 1 36 7 33 3 100 3 35 7 5 1 54 4 53 
60 4 89 6 11 3 17 4 55 0 54 2 28 6 29 6 65 9 23 9 97 2 72 4 2 5 43 6 58 3 87 8 63 3 38 8 62 7 19 1 45 0 34 9 50 4 66 9 78 1 68 7 58 0 45 1 28 7 95 7 78 7 99 4 52 3 55 1 98 9 69 3 14 8 98 6 54 8 47 6 17 2 42 3 54 0 6 1 26 3 2 8 19 5 80 7 16 0 70 9 22 2 54 5 88 5 70 2 94 2 8 1 10 1 57 0 100 5 13 3 30 
60 9 34 8 41 5 80 8 8 8 64 4 87 5 10 2 17 4 9 0 63 5 22 2 77 5 64 9 66 5 89 4 49 3 21 3 88 1 68 5 15 8 86 4 6 1 68 5 10 8 86 7 99 4 77 0 18 1 39 1 91 1 100 1 15 2 10 7 10 1 46 2 64 8 73 5 20 4 80 4 21 2 84 1 97 8 13 6 33 7 59 8 61 1 6 6 98 7 32 4 22 7 38 0 69 5 43 0 54 2 67 8 44 5 8 0 17 3 28 4 68 
