10 10
60 8 48 4 71 2 27 0 78 7 69 4 26 6 45 8 61 9 11 9 31 5 59 3 81 3 57 9 7 2 36 8 11 0 20 7 47 8 90 2 50 6 26 4 7 2 81 9 89 8 11 0 94 5 30 5 87 8 83 0 42 9 18 8 21 8 99 8 32 8 67 6 51 6 12 4 66 4 80 7 98 8 76 2 33 6 80 9 42 8 64 4 2 6 12 9 22 1 9 6 5 6 64 7 41 0 42 5 97 9 10 0 84 3 45 2 7 8 54 5 83 
60 9 22 9 37 9 97 6 68 6 6 7 53 8 8 1 52 7 13 7 88 9 76 5 80 9 99 9 93 4 22 8 39 5 65 7 51 8 67 4 66 4 60 4 57 9 53 8 34 6 96 9 36 3 57 4 85 3 80 2 36 6 56 2 36 0 74 7 39 9 13 8 84 4 66 5 22 6 66 1 17 1 85 2 100 3 67 5 4 5 22 5 21 3 59 7 41 4 63 3 77 2 28 3 58 4 61 3 58 8 19 9 33 3 33 6 94 6 52 3 47 
60 6 57 9 48 1 26 0 72 2 55 4 14 8 47 4 62 5 87 7 39 8 31 5 73 5 33 0 91 3 5 5 86 2 93 8 17 7 37 5 28 1 41 0 27 5 65 5 30 9 26 8 73 8 21 1 53 5 25 3 49 0 3 2 36 0 32 2 31 9 27 8 84 0 97 6 24 9 23 7 56 2 52 2 66 5 38 3 54 9 66 5 54 3 20 7 40 2 13 1 25 9 39 5 21 9 29 6 21 7 91 6 91 6 20 6 63 8 34 6 72 
60 5 56 4 11 4 60 3 84 8 14 4 65 0 84 5 9 9 94 3 25 9 4 6 89 6 48 2 59 1 62 9 37 9 90 3 15 1 15 3 82 8 44 5 26 3 67 0 5 6 57 7 46 4 74 5 60 5 2 4 94 4 92 9 51 0 58 7 55 7 88 7 98 7 29 0 43 5 65 7 45 5 1 8 11 3 83 3 95 2 4 7 78 0 81 9 5 0 84 8 19 3 52 8 78 1 65 5 27 0 26 5 78 9 54 5 8 3 4 5 7 
60 9 22 9 54 2 20 8 8 1 56 7 72 0 91 5 49 4 61 9 42 4 91 8 99 4 2 1 75 5 72 3 72 0 61 8 75 5 41 1 24 8 17 3 43 0 48 3 91 9 96 5 35 5 18 9 22 3 26 1 14 5 31 1 29 1 25 5 33 0 69 8 40 1 53 6 10 8 40 3 24 4 91 5 22 4 87 9 91 1 87 9 72 6 86 6 13 9 94 3 96 0 40 1 83 3 65 1 40 1 31 2 90 6 22 1 68 2 21 4 49 
60 9 27 4 49 8 88 6 41 6 98 7 24 7 46 5 88 5 51 9 74 5 23 4 6 8 74 1 10 8 50 9 81 1 58 4 100 7 48 2 90 3 94 1 47 8 26 2 54 4 96 3 4 2 34 2 28 1 50 6 80 2 10 9 34 2 76 2 61 1 68 7 83 4 60 7 78 6 29 8 61 7 84 3 29 6 19 4 15 7 45 0 83 5 43 6 30 4 20 4 47 9 93 2 46 5 96 0 83 3 43 4 40 3 77 9 1 7 43 2 52 
60 1 87 2 55 7 41 7 88 3 92 8 88 1 50 4 32 0 98 3 25 4 69 7 90 5 88 6 44 0 8 8 34 7 81 1 71 8 23 8 85 8 22 8 100 9 66 2 80 1 68 8 49 8 88 1 80 3 66 0 16 5 19 6 47 5 54 4 50 2 28 2 1 3 66 3 71 0 93 9 46 6 66 1 96 8 56 1 35 8 6 9 96 9 77 7 28 7 1 4 30 6 76 9 47 6 13 8 7 1 58 0 69 7 28 4 49 0 21 4 60 
60 8 87 5 22 5 88 8 57 5 52 1 55 5 51 4 13 7 83 3 81 1 57 1 11 0 43 5 97 2 36 7 69 0 37 0 49 2 22 4 51 5 83 8 99 8 65 5 73 4 45 5 39 3 30 9 5 6 66 4 13 5 32 8 85 9 100 3 51 0 46 3 7 8 78 2 36 2 64 3 85 6 80 3 66 7 97 1 6 9 49 3 64 3 98 7 29 1 52 9 69 8 79 6 84 4 92 0 61 9 91 0 44 0 86 4 88 7 71 5 50 
60 3 92 0 12 5 36 0 66 3 28 8 11 8 48 8 97 0 93 0 12 1 9 0 70 0 88 0 42 6 54 6 75 2 13 5 14 4 99 5 64 7 43 8 51 6 75 3 82 5 69 1 46 7 3 5 39 6 64 2 15 6 55 3 45 5 71 0 15 4 58 6 53 2 58 1 51 1 95 0 9 1 25 3 82 9 36 1 99 4 54 0 66 9 32 6 66 4 10 0 16 3 75 0 97 2 74 9 33 2 1 9 70 0 95 7 99 5 55 1 2 
60 1 25 7 4 6 25 5 44 8 47 6 30 1 61 8 73 7 4 4 16 6 66 8 20 7 50 4 99 0 98 5 97 1 7 3 14 2 11 4 70 7 32 1 20 0 40 7 85 0 71 6 24 8 33 9 84 2 32 5 79 5 67 4 95 2 85 3 43 4 83 1 90 3 90 6 71 5 91 3 7 1 51 4 32 9 21 9 55 5 49 2 38 3 5 4 68 2 58 0 3 0 96 6 71 3 100 8 39 2 16 2 14 7 44 4 100 3 23 8 30 
