10 10
60 7 57 6 32 9 9 4 45 9 23 3 18 6 87 8 94 5 36 0 44 5 13 9 33 1 98 1 54 3 13 3 81 1 84 9 74 1 26 0 51 9 66 2 98 1 7 7 78 9 11 5 5 4 90 3 98 9 71 2 86 0 8 3 26 5 6 1 28 6 40 8 53 2 30 4 31 7 75 3 28 5 45 7 62 0 17 0 20 6 39 0 60 0 20 6 30 9 98 7 11 0 80 8 63 9 98 7 37 1 31 6 52 8 62 5 59 8 76 4 14 
60 3 42 2 33 6 7 6 15 3 54 9 57 7 19 4 13 1 93 6 8 0 85 8 1 2 16 9 5 7 3 7 84 2 83 6 87 1 86 5 54 1 54 8 37 1 45 0 54 3 17 1 10 1 24 5 24 3 70 7 68 6 99 1 67 5 5 3 74 5 48 3 82 0 18 4 48 1 90 3 32 7 98 6 76 8 86 4 51 5 53 3 84 6 6 7 76 1 63 9 98 0 58 4 26 7 31 4 66 5 56 4 6 7 37 1 71 7 84 2 57 
60 0 93 1 28 8 62 4 5 1 25 8 29 0 2 4 97 2 56 7 75 5 13 1 9 6 66 3 31 8 34 1 62 8 93 1 71 9 36 9 72 7 89 7 78 3 34 1 12 0 90 5 82 8 23 7 36 4 25 8 12 3 65 7 36 4 7 5 4 2 19 5 70 2 90 0 50 1 27 5 23 4 14 5 82 1 26 3 3 1 95 7 11 8 58 6 33 0 29 5 51 2 12 7 29 7 36 2 3 0 60 5 10 4 58 0 39 9 90 4 38 
60 5 20 2 91 8 8 2 57 8 61 1 56 1 22 4 33 0 98 5 62 7 62 0 46 7 67 4 81 8 92 8 94 2 37 6 23 4 72 1 92 8 79 8 72 3 81 2 100 5 81 3 29 6 44 8 95 0 50 6 13 3 8 1 84 8 100 3 50 7 98 4 35 4 11 2 72 4 63 8 47 1 48 5 50 5 53 2 64 8 61 8 34 2 65 1 85 8 6 2 2 7 22 8 74 3 20 0 46 6 29 6 26 0 16 4 92 4 8 4 52 
60 4 92 4 4 5 81 4 26 9 28 5 81 8 71 1 88 2 92 1 33 3 85 0 1 4 4 5 65 5 19 6 38 4 63 3 88 6 47 3 2 8 67 0 80 1 18 4 21 4 67 9 58 9 49 4 67 1 30 0 29 2 3 2 36 7 97 7 53 8 38 4 54 8 6 8 31 0 44 9 40 1 36 1 69 4 9 2 97 7 3 6 70 9 1 3 15 9 42 3 94 4 12 6 28 3 88 6 78 0 34 0 81 7 87 7 53 9 20 3 67 
60 9 4 8 29 9 87 5 77 1 76 5 21 9 18 3 57 7 13 7 98 7 21 5 84 7 92 7 54 3 28 6 59 0 65 1 80 4 87 4 70 8 53 1 64 8 96 5 63 2 97 1 48 6 17 8 54 6 26 6 54 3 13 6 41 9 83 2 43 8 60 0 59 0 97 2 33 6 77 5 52 4 62 4 19 0 50 0 8 8 12 5 89 9 18 6 100 1 46 0 97 5 8 5 75 5 47 2 76 0 39 1 92 3 86 2 92 4 70 2 31 
60 8 79 0 55 9 54 8 70 9 52 9 57 6 54 0 71 7 76 0 31 7 81 3 61 3 17 0 58 0 6 9 88 0 61 0 63 6 38 6 51 3 39 0 92 4 48 3 16 1 79 7 49 9 23 2 84 3 63 9 64 6 65 8 15 8 62 4 87 8 10 3 79 4 58 3 22 3 24 5 48 7 23 5 42 1 19 0 36 9 13 6 30 5 73 3 58 7 19 0 60 5 94 1 84 5 87 7 47 6 81 8 98 6 71 4 3 6 63 0 50 
60 7 20 5 73 1 61 1 11 4 95 6 26 0 67 1 4 6 91 7 82 6 94 8 97 0 35 0 72 6 12 8 33 5 92 1 84 0 70 3 25 9 49 1 83 9 28 6 98 4 46 6 24 3 51 9 88 5 64 8 66 6 6 2 82 3 73 0 1 1 66 0 47 6 59 6 38 2 69 8 38 4 24 8 20 4 25 7 53 2 77 6 34 6 6 6 28 4 36 2 79 8 13 2 48 9 60 5 64 1 77 7 7 1 87 3 77 5 47 3 50 
60 0 11 5 37 5 42 0 70 4 22 9 56 7 17 0 59 5 84 2 39 9 71 7 57 5 29 8 78 5 92 7 37 4 7 3 94 6 7 6 96 0 92 4 70 8 31 1 84 0 20 0 91 1 41 8 43 0 60 9 64 9 52 4 63 5 35 6 64 2 71 0 34 4 18 7 10 7 50 7 34 7 94 5 51 7 94 5 91 4 27 1 82 7 59 6 80 7 77 2 69 2 20 5 7 2 95 7 54 9 57 6 54 2 22 5 64 8 72 5 78 
60 4 38 8 94 1 28 7 12 1 100 1 78 2 58 1 36 0 15 0 32 1 42 7 51 9 58 4 17 0 94 4 12 8 43 0 90 0 77 1 44 5 12 6 56 8 39 8 72 3 33 5 11 1 82 5 24 6 24 9 92 5 71 7 18 1 5 3 11 9 16 0 52 7 51 8 30 4 66 9 95 1 73 6 53 8 23 5 41 2 96 4 4 8 83 0 39 8 7 1 54 6 78 2 57 0 47 6 28 1 26 8 34 9 67 4 48 7 28 1 75 
