10 10
60 0 54 6 61 3 20 4 58 1 92 3 13 1 31 9 96 0 54 1 51 2 23 7 43 1 61 6 43 2 47 9 58 4 56 3 96 7 6 3 76 8 6 0 52 8 24 7 17 2 19 6 22 2 2 0 81 6 6 0 35 4 31 2 98 9 6 2 89 8 68 3 24 3 57 3 37 1 86 6 42 1 33 5 93 1 34 9 77 7 90 1 75 2 64 6 28 4 11 5 58 1 32 2 14 3 51 8 48 5 56 4 26 7 18 1 92 0 69 2 76 
60 8 44 7 35 9 37 0 7 5 54 2 10 9 78 9 83 6 3 9 29 4 69 8 70 6 70 6 69 0 87 1 83 3 44 4 96 4 37 0 31 4 23 6 29 6 35 4 3 2 29 4 39 8 88 8 5 2 51 1 53 0 80 5 26 2 26 3 2 1 18 5 70 7 78 7 91 0 22 7 43 1 43 7 41 3 63 7 26 7 37 4 67 3 34 5 76 0 40 4 78 2 5 1 51 7 18 2 63 1 82 1 15 2 62 4 88 7 52 6 57 
60 1 15 3 38 9 42 9 16 1 16 2 90 6 55 3 86 5 16 4 80 9 47 2 35 7 82 4 89 3 50 5 79 9 53 5 77 4 93 1 18 9 85 0 17 3 63 6 86 9 76 3 88 6 10 2 83 9 11 4 1 8 61 3 99 1 41 9 2 8 72 4 99 3 37 0 19 6 15 6 15 3 64 8 94 5 49 8 18 1 36 5 19 2 3 0 85 3 38 4 18 6 74 2 60 6 17 2 12 3 12 6 77 2 45 4 49 3 90 8 12 
60 4 58 4 39 4 67 3 81 4 65 7 20 9 96 5 15 5 81 2 50 1 90 5 63 6 17 1 78 2 5 5 64 4 52 4 36 1 46 2 23 1 45 9 55 5 85 2 7 3 27 5 43 8 9 5 52 7 2 8 79 3 22 5 47 3 43 7 76 6 81 9 87 2 52 2 62 7 29 5 25 3 97 5 73 4 45 7 62 6 47 6 29 2 21 0 67 2 94 6 68 6 99 0 28 5 15 1 78 9 37 0 48 2 35 0 96 2 66 5 29 
60 2 46 7 26 8 85 2 2 6 36 9 91 3 47 0 49 7 32 3 28 7 96 8 64 2 80 3 31 1 77 3 98 6 66 2 72 7 100 6 94 5 10 8 33 5 37 0 39 3 76 0 41 1 49 3 29 3 3 1 56 1 4 4 85 2 76 8 37 1 36 8 11 7 72 3 32 2 5 5 53 7 51 0 28 8 57 3 28 5 2 8 55 0 72 7 4 8 53 3 31 4 97 7 41 1 49 7 86 6 59 5 59 8 48 2 49 6 84 4 63 
60 0 55 1 11 4 42 1 18 3 57 1 55 2 43 8 67 1 33 9 43 2 49 3 74 4 76 2 42 5 87 9 2 8 32 3 78 0 87 2 63 2 90 0 46 7 36 8 21 6 59 1 87 0 84 0 30 7 6 4 53 6 25 6 9 6 81 2 60 6 18 7 34 7 39 3 14 5 75 1 39 4 22 6 66 5 63 8 43 1 44 0 35 4 15 1 79 6 48 7 68 0 21 2 58 3 23 9 3 7 56 9 30 1 53 7 7 1 68 1 99 
60 9 17 3 68 5 22 4 3 4 90 2 4 5 80 7 35 0 46 6 99 3 55 9 85 1 7 8 50 3 25 6 72 9 60 2 10 2 64 1 67 4 21 8 52 0 16 4 72 2 61 6 96 8 59 7 95 8 30 4 22 6 7 7 65 5 80 4 19 4 57 3 9 2 36 3 6 0 82 3 89 4 17 3 77 2 26 7 97 4 70 7 25 0 86 9 25 7 100 2 71 3 67 1 26 0 58 7 24 9 43 5 43 6 18 3 40 2 18 5 32 
60 7 47 4 82 6 55 6 100 8 44 5 48 4 80 6 47 2 34 9 64 8 29 1 99 8 53 5 28 5 50 9 93 8 49 1 45 6 44 2 16 7 73 7 93 6 77 7 37 1 89 3 81 7 22 1 73 3 4 9 31 9 93 6 27 6 51 4 83 1 51 9 34 2 59 7 96 7 54 0 29 7 58 7 71 9 63 7 81 4 77 1 99 4 99 0 14 1 49 7 34 4 67 8 64 7 55 3 79 4 90 2 39 3 3 5 55 2 7 1 26 
60 9 81 3 35 4 57 3 9 4 10 0 12 1 42 8 29 6 67 7 14 2 10 0 83 9 72 6 71 6 58 3 24 7 65 5 47 2 27 4 64 1 24 3 27 4 18 4 64 8 73 0 91 6 29 7 75 0 97 4 80 1 61 3 71 6 76 7 52 0 39 6 64 0 58 1 90 3 33 8 43 8 6 8 59 0 31 2 27 0 90 9 81 9 92 0 10 4 2 3 12 1 15 1 9 5 71 2 33 2 47 5 53 2 30 9 81 1 45 5 90 
60 2 81 5 51 0 90 4 99 8 34 0 12 2 55 4 18 7 82 1 29 6 25 9 80 4 43 7 96 6 83 7 86 2 96 6 5 1 49 6 80 8 8 8 55 2 81 3 47 8 6 9 90 3 6 3 80 3 8 5 4 6 96 5 20 5 99 9 19 4 83 8 56 2 78 4 57 5 69 6 90 5 39 0 69 2 64 7 99 9 51 0 22 6 6 4 31 3 85 1 12 0 44 9 52 4 43 6 1 5 59 4 70 2 15 5 25 5 48 6 16 
