10 10
60 6 31 8 73 5 18 4 7 0 51 9 98 8 4 0 63 9 88 8 78 5 37 3 76 8 56 0 50 9 17 7 16 0 3 9 11 5 85 9 49 8 64 1 55 5 48 4 94 8 45 7 52 6 26 5 28 3 46 3 23 3 18 8 98 2 26 6 32 9 44 4 9 7 49 0 16 5 15 6 64 6 48 4 54 5 18 1 53 3 91 5 86 6 61 1 24 5 21 0 9 0 25 9 54 4 34 1 70 6 28 6 31 5 62 3 7 5 63 3 29 
60 7 36 1 47 4 50 8 24 6 82 8 54 0 84 1 94 2 32 8 94 6 38 3 49 8 41 6 60 3 63 7 36 6 99 8 70 1 69 8 69 5 89 2 25 2 10 5 96 1 90 2 57 7 88 0 68 4 42 8 1 8 46 3 83 2 54 2 44 1 36 6 71 4 4 4 89 2 28 2 73 5 28 0 75 9 70 8 55 6 10 5 73 1 34 5 29 1 50 4 90 7 58 6 74 9 88 2 61 0 80 2 71 0 87 5 60 5 39 8 71 
60 3 70 4 62 3 91 1 84 8 70 5 25 7 31 9 32 6 85 1 38 0 65 8 54 2 100 9 32 6 69 9 26 7 49 9 8 4 84 8 3 2 68 8 72 2 83 7 9 7 87 2 67 0 35 8 52 6 22 5 29 8 50 3 75 2 93 6 70 6 76 6 81 2 32 4 10 0 94 3 90 3 59 4 24 6 78 7 94 4 100 0 89 6 69 4 52 0 35 4 13 1 47 4 29 0 67 6 76 8 38 4 83 9 30 5 5 3 55 6 90 
60 5 29 6 65 0 6 9 54 0 48 9 18 8 74 8 40 9 27 5 9 9 29 5 90 5 90 5 84 7 82 8 13 6 70 7 95 9 37 6 90 8 23 9 3 0 64 4 72 9 74 2 43 0 96 6 8 7 95 9 72 5 13 5 75 5 94 1 31 8 27 9 16 6 53 3 80 0 53 0 3 5 70 2 71 6 70 9 84 1 71 1 11 8 8 7 58 3 47 0 79 1 37 4 70 4 62 4 94 0 57 7 26 2 33 6 18 5 55 8 79 
60 8 81 7 87 1 16 5 83 4 49 3 44 9 73 4 92 2 32 5 65 2 56 3 80 8 85 5 100 6 61 7 54 4 61 5 70 7 4 3 82 0 22 1 14 2 57 5 95 5 51 1 86 6 79 2 38 4 71 0 88 7 7 5 63 4 36 4 6 4 85 1 19 9 83 9 30 9 36 5 19 4 1 1 15 4 41 1 100 4 4 0 76 9 17 5 18 7 62 0 52 1 3 7 76 7 57 4 26 5 88 3 55 1 29 7 7 9 15 8 22 
60 9 49 4 86 9 10 6 13 3 10 0 43 1 58 9 39 3 14 4 89 1 67 0 65 4 51 8 68 3 31 0 74 0 45 1 22 2 97 9 69 7 8 3 49 3 53 4 17 0 10 5 53 6 96 8 54 2 36 5 9 8 22 2 61 1 91 2 59 0 71 4 32 6 33 7 1 6 24 3 48 5 38 6 69 7 3 7 91 2 85 7 89 3 86 9 60 2 49 5 17 7 90 9 90 5 28 8 33 6 14 7 44 3 35 1 57 6 3 1 70 
60 1 6 5 87 1 84 6 18 5 24 3 77 2 45 1 89 7 52 1 6 0 92 8 18 5 55 6 79 9 7 2 39 3 33 8 78 6 84 2 35 7 26 1 49 7 67 4 49 1 3 5 90 9 76 1 87 5 4 7 33 5 23 9 35 0 79 9 61 1 23 0 32 9 37 1 98 0 48 2 100 4 41 5 70 7 25 0 26 5 46 6 92 7 99 6 42 4 51 9 17 6 38 3 77 4 71 5 82 0 33 0 11 7 84 1 45 9 13 5 8 
60 3 64 1 24 6 42 2 99 2 67 0 48 5 75 3 9 5 91 4 87 2 1 2 10 6 37 5 48 2 8 0 34 9 12 9 3 8 88 9 15 4 89 6 15 1 82 4 61 2 99 8 12 3 20 3 53 9 93 2 63 6 48 1 92 4 66 9 84 6 81 4 95 0 96 5 18 3 21 4 31 8 19 9 89 4 94 0 89 1 52 3 50 6 71 6 81 6 49 3 44 7 10 6 86 6 97 3 41 3 96 2 49 1 71 7 92 2 56 0 41 
60 5 38 3 44 0 87 1 99 3 73 7 79 1 38 6 46 3 3 8 3 8 71 4 91 0 58 4 97 8 78 4 50 8 62 0 26 8 33 5 64 0 1 2 14 4 13 5 72 2 50 0 24 9 29 5 52 0 23 6 3 7 80 8 47 0 43 3 41 4 54 4 9 0 55 2 25 4 54 9 17 5 55 7 16 3 92 9 26 5 18 3 50 4 36 3 96 8 83 7 66 9 18 1 33 8 94 8 56 2 50 3 80 6 43 7 3 2 58 7 51 
60 2 96 9 16 6 80 9 43 2 22 3 77 3 63 2 79 0 80 3 73 8 65 4 92 6 21 7 71 8 62 8 83 9 52 0 8 0 92 2 7 8 21 3 1 2 70 5 41 5 99 5 15 5 50 2 39 2 57 5 34 0 71 2 19 7 35 2 20 3 93 0 75 7 44 0 50 8 15 4 66 0 5 1 11 6 50 2 20 4 19 2 70 4 59 9 47 5 26 8 92 7 2 0 59 6 89 7 22 9 81 0 29 5 50 4 84 3 7 7 21 
