10 10
60 9 18 4 54 5 36 2 26 5 1 5 40 3 6 5 14 6 42 6 79 0 8 0 52 2 94 4 29 0 14 3 15 3 44 9 69 9 18 8 66 8 98 3 37 3 1 1 41 2 21 2 11 8 91 8 69 3 78 3 35 2 80 6 54 2 43 7 68 6 54 5 99 7 48 7 94 6 50 6 28 4 99 9 62 1 34 2 11 3 100 7 22 2 26 8 71 7 3 9 26 4 92 9 23 3 5 5 74 1 61 0 31 9 12 8 63 4 47 3 48 
60 5 14 0 24 0 87 4 4 2 25 9 25 7 84 7 48 5 11 5 86 1 13 5 16 8 12 3 82 6 36 3 6 1 66 8 44 4 42 3 12 3 81 8 59 7 85 4 75 0 54 9 94 4 47 3 23 6 79 0 63 9 93 2 65 9 80 9 9 0 1 0 46 4 10 2 26 9 64 0 53 7 96 9 92 4 68 9 15 4 9 6 64 1 88 9 43 2 65 5 75 2 28 7 29 0 22 6 17 2 91 2 5 0 84 1 94 9 8 0 85 
60 6 73 3 42 6 93 0 68 6 50 1 94 4 7 2 99 4 38 0 93 7 31 2 71 2 25 6 26 2 85 4 11 5 45 1 79 7 78 0 29 2 68 3 20 9 45 8 31 3 34 8 23 7 23 6 89 1 83 5 34 5 36 1 9 3 9 0 63 6 76 3 8 8 27 7 46 9 38 8 18 3 34 6 7 5 54 3 27 5 51 6 77 4 78 9 30 4 1 5 93 5 25 5 45 2 34 8 32 9 24 4 71 7 27 4 1 2 19 9 91 
60 9 44 9 70 3 53 5 15 4 97 3 98 0 38 7 54 5 83 6 35 4 22 7 61 6 69 7 13 4 89 5 67 1 90 4 99 2 84 5 12 9 63 0 62 4 95 4 69 8 100 5 96 0 27 3 70 3 68 5 31 2 17 0 43 1 49 3 91 4 95 6 63 9 13 8 27 6 51 7 37 1 29 2 51 9 73 1 74 6 67 8 92 0 78 0 18 4 81 5 84 5 54 3 62 3 8 2 70 3 40 4 52 2 96 4 75 3 13 0 43 
60 4 39 7 78 8 18 6 67 1 93 4 70 4 27 4 93 3 82 9 66 8 33 8 44 7 4 5 68 0 48 5 73 5 62 4 44 1 43 4 9 4 9 2 17 4 59 5 62 5 9 6 100 5 53 8 56 9 44 1 60 2 29 5 85 3 99 7 25 1 15 3 16 6 93 9 56 3 48 5 53 8 73 0 42 9 5 7 44 5 50 8 32 8 82 0 64 8 4 9 18 7 87 4 47 5 3 8 76 0 68 2 40 1 37 0 7 6 83 9 89 
60 6 15 0 25 8 32 0 82 9 16 6 24 9 54 8 79 0 72 2 98 9 27 0 85 7 45 2 28 3 76 1 11 1 64 6 14 2 24 3 52 1 69 5 83 1 49 5 2 1 92 6 88 2 24 0 50 8 82 1 55 5 71 6 53 3 54 8 37 7 85 3 54 9 61 2 64 4 6 5 84 7 3 2 28 8 82 1 8 8 48 0 30 2 96 2 51 9 24 7 33 1 44 4 5 4 50 5 24 2 11 1 44 2 73 7 46 6 73 3 94 
60 1 25 9 49 0 55 9 39 2 76 4 16 4 77 1 58 2 11 7 51 3 61 6 73 5 93 9 23 7 88 9 87 0 7 8 6 4 58 9 38 2 3 2 92 3 25 2 100 2 9 8 47 9 62 6 67 8 56 0 7 7 97 7 88 7 6 5 12 8 37 7 60 0 9 5 38 0 41 4 13 8 48 8 75 7 32 7 15 6 76 7 72 6 84 5 65 3 77 6 84 3 62 8 72 3 22 6 81 5 78 7 92 9 38 7 100 7 84 2 32 
60 2 63 9 18 5 74 3 73 2 52 7 33 0 47 7 60 4 24 6 90 1 48 6 97 1 53 3 23 5 36 1 20 6 66 6 5 3 7 9 47 7 37 6 40 5 91 3 74 3 43 5 100 1 100 2 90 3 17 1 4 9 37 8 38 7 57 7 82 2 10 8 53 7 36 9 20 5 20 7 34 3 70 4 21 9 89 7 53 4 35 0 19 5 57 3 9 9 71 1 89 7 68 9 47 2 46 9 27 3 8 8 65 3 94 9 76 3 97 9 66 
60 7 91 8 2 6 30 1 64 8 18 1 91 9 28 2 55 4 59 2 59 3 86 7 29 8 37 3 74 0 40 9 34 5 50 2 97 9 65 4 83 2 56 1 100 3 36 3 29 3 1 5 100 8 33 6 39 2 62 2 71 9 94 9 98 9 87 8 2 5 20 1 80 8 43 4 93 7 5 0 60 5 87 8 75 3 11 9 30 2 35 8 29 4 28 8 68 7 10 2 61 9 88 6 32 8 80 1 31 6 38 6 76 6 16 7 12 4 35 6 67 
60 3 47 8 86 9 92 8 37 6 94 5 45 5 18 0 68 6 99 2 80 3 69 5 86 8 86 3 47 1 15 9 49 0 98 5 97 6 29 0 6 9 4 2 23 7 63 3 26 7 59 8 27 3 6 1 63 8 62 2 91 3 62 7 76 1 96 4 77 3 53 4 11 7 87 7 52 3 18 7 86 6 92 0 76 8 66 4 79 0 88 3 13 1 1 3 48 3 79 9 27 4 1 4 6 5 36 8 82 2 83 2 75 9 1 6 41 4 21 3 86 
