10 10
60 8 46 5 76 0 86 2 82 1 68 4 49 9 25 8 86 2 80 7 71 4 85 7 93 4 92 0 51 2 40 9 43 5 41 0 98 3 3 3 73 6 24 2 58 6 61 9 33 9 100 8 44 7 94 6 9 8 3 3 69 6 29 9 6 4 20 2 26 6 28 8 75 0 32 1 5 2 75 2 49 5 64 0 4 9 74 9 15 3 28 5 11 1 2 8 3 3 96 3 78 5 79 2 89 2 17 2 86 0 18 0 53 9 48 5 37 5 40 6 40 
60 5 68 8 32 7 2 4 81 5 91 2 39 8 82 3 3 1 79 6 13 4 98 5 72 6 82 0 2 2 32 1 47 6 89 6 50 0 54 0 31 7 49 1 36 9 67 0 55 6 97 8 53 7 42 4 3 0 20 5 58 8 20 5 72 2 33 8 59 0 85 3 35 0 29 8 1 9 53 1 54 8 59 0 69 0 67 3 99 9 58 0 52 5 74 5 18 4 33 0 72 3 81 8 15 8 48 7 41 9 99 7 85 7 42 6 13 3 62 5 56 
60 5 47 3 65 5 3 4 80 2 40 2 96 7 31 2 71 4 45 3 62 4 75 6 51 5 94 6 11 7 55 8 88 2 45 1 19 6 57 3 23 3 77 3 74 7 34 8 1 3 99 6 54 6 97 5 79 1 48 4 99 4 39 4 46 5 51 0 70 1 54 3 70 2 8 1 93 3 99 5 41 7 89 6 3 5 50 5 3 0 97 1 70 9 1 8 59 3 98 7 54 7 66 4 54 6 21 5 88 3 53 0 92 6 75 8 28 7 36 4 42 
60 3 6 1 22 4 58 8 86 3 55 7 91 1 76 2 23 3 63 9 26 1 49 1 59 9 16 3 12 7 52 9 7 2 51 5 46 6 97 8 32 3 27 6 40 0 83 0 79 8 88 0 7 3 15 5 88 3 58 7 8 0 80 8 38 7 42 6 18 4 21 0 85 5 29 8 17 4 24 4 73 6 58 7 51 0 60 8 8 4 67 7 53 5 93 8 63 5 36 3 38 2 45 2 80 0 34 9 89 2 5 5 15 7 35 0 16 9 19 5 78 
60 1 58 7 53 6 98 8 46 4 23 2 68 2 4 8 20 3 91 5 33 8 12 5 28 1 65 5 76 2 32 2 40 3 80 7 68 5 44 4 53 8 96 1 33 8 87 5 29 3 45 2 93 1 32 5 68 9 97 8 2 2 47 7 14 4 28 8 72 5 3 2 84 8 51 9 68 6 82 2 53 9 99 8 2 1 78 3 47 2 9 1 24 4 69 0 77 1 98 0 12 0 59 5 92 3 49 3 68 9 10 4 52 5 42 9 84 9 67 9 88 
60 3 52 8 76 3 87 5 94 0 55 2 49 7 59 3 55 0 94 2 73 7 91 6 93 0 46 2 37 5 52 1 100 9 18 0 17 5 93 7 45 0 58 2 97 6 76 3 51 7 30 9 58 3 13 3 9 8 14 9 35 7 75 1 42 4 34 5 60 3 87 6 41 9 84 8 77 2 64 9 43 1 23 3 43 7 28 6 76 7 33 8 80 5 32 7 60 3 82 7 27 6 54 3 21 1 35 4 39 4 54 3 45 6 77 9 89 5 42 0 58 
60 6 75 9 39 0 77 9 23 0 42 6 74 2 1 3 25 3 29 8 95 9 48 6 94 5 79 8 49 5 69 3 100 7 52 9 56 5 58 5 65 1 84 5 94 5 41 7 44 2 35 8 82 9 68 7 30 2 6 8 46 9 16 0 30 7 87 3 55 0 25 5 14 5 49 2 73 2 42 7 40 6 56 6 80 1 50 9 80 5 45 6 58 3 8 6 19 6 67 4 6 9 100 9 100 7 49 4 67 0 63 6 49 7 14 8 15 1 78 5 24 
60 9 41 7 53 6 66 2 91 2 28 2 21 1 49 9 2 5 84 8 4 5 11 2 96 8 48 1 94 2 63 1 16 8 18 2 16 7 20 7 17 7 60 8 47 5 1 7 47 3 36 1 96 8 26 0 42 7 59 6 84 3 57 1 38 8 54 5 73 7 32 1 37 0 16 7 36 0 61 9 88 1 63 4 72 1 20 0 37 3 29 5 1 5 91 2 83 9 10 9 49 9 86 1 43 8 57 4 75 9 75 5 27 4 46 2 3 3 69 3 35 
60 7 78 7 22 8 50 5 96 4 3 9 54 2 4 3 10 5 50 7 56 6 66 4 63 4 27 8 72 0 75 6 11 9 42 6 30 3 43 2 91 5 38 7 52 3 29 5 41 8 8 4 58 7 75 4 1 4 5 9 54 7 54 1 56 5 43 9 23 6 34 5 37 7 16 9 1 6 36 0 57 1 7 0 43 8 59 1 71 7 56 4 50 5 27 2 47 2 50 0 11 9 80 9 48 3 56 4 77 3 14 8 5 9 99 8 66 8 57 0 18 
60 1 83 7 87 4 93 1 23 8 100 2 81 4 87 5 75 7 33 1 2 4 72 2 61 4 20 3 63 9 77 5 3 6 80 0 22 4 12 4 60 8 46 1 93 9 69 8 33 5 5 9 50 0 23 6 53 5 61 5 65 7 74 3 99 5 38 2 87 2 98 6 28 3 10 1 40 4 87 3 70 2 34 6 19 2 67 3 5 2 82 0 16 4 76 3 91 0 48 5 81 8 91 6 90 0 77 7 33 8 6 2 51 0 10 2 17 1 60 4 62 
