10 10
60 2 45 2 81 3 23 3 46 4 54 8 20 6 92 4 89 9 54 2 39 0 63 6 32 4 44 1 45 0 66 7 62 7 72 7 83 9 87 2 98 3 69 9 29 2 1 9 62 1 10 9 71 7 49 4 40 1 25 6 14 5 88 0 69 0 75 4 67 2 47 6 47 0 57 5 82 3 79 6 52 1 78 7 68 3 37 8 17 2 10 7 45 6 22 4 70 8 95 6 58 7 8 2 6 8 83 1 12 5 41 6 22 1 42 6 47 3 32 8 28 
60 9 22 1 68 9 52 0 86 2 63 5 5 3 22 7 24 5 81 0 54 1 12 9 59 0 88 5 36 9 67 5 66 6 25 7 3 4 31 0 4 4 38 8 66 2 37 9 41 7 87 4 7 2 6 4 81 7 66 9 36 2 11 1 78 2 33 8 85 5 86 9 100 3 20 2 69 4 16 5 40 0 41 1 43 4 25 7 99 0 69 5 23 3 20 6 49 9 74 9 38 8 57 8 63 5 72 3 95 5 80 7 5 2 1 5 92 2 22 0 73 
60 9 87 0 4 7 35 8 2 7 80 6 84 4 75 6 84 3 26 4 74 5 67 9 95 3 60 3 100 7 13 5 68 9 65 2 28 6 48 6 7 7 10 4 42 8 17 7 44 1 18 4 86 7 36 6 5 8 30 1 71 5 93 2 56 5 36 8 91 8 39 7 60 1 30 9 62 9 56 0 45 5 91 1 55 9 6 4 19 8 8 0 38 9 45 8 37 0 14 4 21 1 75 3 84 3 41 5 2 2 44 0 46 6 36 6 43 6 38 7 49 
60 0 34 5 61 3 56 3 22 9 4 2 71 4 98 9 98 7 67 0 71 6 1 7 77 8 71 7 97 4 10 3 37 4 71 3 6 1 97 1 56 9 47 5 55 1 38 9 78 4 56 2 33 5 13 8 58 9 22 9 94 5 6 6 85 6 55 2 62 4 10 1 7 3 81 3 56 3 5 4 90 9 27 9 3 5 17 3 81 1 61 0 46 9 63 4 55 0 49 7 78 0 38 0 9 4 52 5 35 7 34 0 70 5 2 0 55 6 23 5 17 
60 7 16 9 15 3 98 2 78 4 47 8 21 5 29 0 62 8 52 0 67 3 73 3 22 5 6 3 13 0 56 3 58 1 91 3 72 8 10 5 1 4 72 1 74 7 45 1 100 1 34 8 13 4 66 0 34 1 72 1 100 9 91 8 7 1 79 1 77 0 86 8 69 5 3 8 17 0 28 6 12 4 3 5 58 5 99 9 55 4 92 7 94 9 35 6 33 8 6 7 51 7 35 2 51 2 66 7 26 3 23 7 65 4 30 3 9 3 45 5 67 
60 9 5 2 88 9 24 2 77 1 41 9 48 7 33 7 65 8 100 6 56 6 43 0 3 7 10 9 44 8 71 0 98 1 10 9 29 5 40 1 79 4 62 2 16 7 56 6 17 6 4 4 9 4 18 9 81 2 69 0 50 8 96 9 89 7 56 2 87 0 90 6 60 6 20 1 16 4 22 4 67 9 89 4 17 7 54 5 26 6 33 2 99 6 30 5 18 2 22 1 23 6 47 3 31 7 42 8 41 2 83 7 89 9 65 3 71 3 19 3 46 
60 0 90 3 24 8 100 0 47 8 39 7 38 2 12 1 11 3 8 9 19 3 99 0 9 0 43 9 2 9 12 2 44 7 16 6 95 0 53 1 25 0 30 6 36 2 45 2 45 7 48 6 31 0 7 0 84 3 76 5 89 9 40 2 65 5 43 9 67 6 15 2 43 8 49 5 68 9 63 4 2 5 81 7 98 8 22 7 18 9 42 9 54 5 78 0 72 9 26 8 70 0 42 9 62 8 72 1 99 4 79 1 80 8 1 8 65 9 39 1 44 
60 3 76 9 10 4 58 7 25 3 50 1 82 0 43 1 32 0 4 5 91 2 68 0 19 5 48 9 14 2 87 7 73 2 85 2 53 7 38 8 95 1 23 1 4 9 72 1 81 7 33 4 41 8 84 3 28 7 26 2 58 0 81 2 96 8 60 0 56 9 89 9 83 5 45 1 28 0 36 8 67 1 88 3 28 4 23 0 92 7 97 3 98 0 88 0 62 6 56 7 30 7 61 6 24 7 24 2 25 3 85 4 98 0 24 9 46 3 65 9 79 
60 7 17 9 35 0 67 6 23 6 64 3 16 2 31 6 28 4 92 7 31 4 4 8 69 0 55 7 16 0 92 8 11 4 48 9 38 7 1 2 73 2 84 0 51 7 42 2 11 7 10 9 41 0 53 2 94 1 18 4 13 2 92 0 22 3 29 4 91 3 58 0 44 3 13 6 52 9 13 3 3 8 55 8 58 9 27 1 41 6 77 7 61 5 9 5 93 4 73 7 31 5 86 4 56 5 81 2 62 6 53 7 94 7 57 3 91 3 46 5 25 
60 1 54 4 90 2 17 1 48 4 7 0 75 9 22 8 31 8 10 4 97 7 8 8 8 0 83 4 55 3 35 9 29 2 38 2 43 7 43 5 78 1 61 9 88 5 63 0 93 1 87 9 41 0 58 6 82 4 34 0 60 5 30 7 13 9 50 7 13 4 51 2 8 2 41 1 6 1 40 8 91 5 70 8 59 8 64 1 34 4 31 4 29 6 26 1 83 0 57 5 21 3 36 7 40 6 49 8 75 6 93 0 7 8 45 6 96 6 95 4 34 
