10 10
60 0 42 3 99 6 7 0 32 2 70 1 60 8 58 8 82 9 18 7 38 8 61 3 77 9 51 5 77 0 32 7 47 9 32 5 52 7 9 0 39 2 86 2 70 6 85 2 96 5 48 0 38 7 64 0 20 3 14 1 8 8 57 4 39 6 8 0 87 7 2 4 60 5 33 9 95 0 9 8 93 0 25 8 25 5 11 4 9 7 99 3 79 6 67 4 68 5 29 4 12 3 12 6 15 1 62 5 16 0 46 8 64 0 70 7 34 1 55 6 89 
60 8 97 2 38 0 48 5 87 7 56 4 30 5 91 4 82 4 48 4 16 2 35 0 80 0 18 3 45 6 19 3 5 1 41 5 7 2 72 6 45 3 98 5 25 6 19 9 78 4 84 2 75 6 23 7 86 8 38 6 15 0 63 0 77 2 83 3 75 4 84 5 65 2 56 2 18 6 38 4 27 3 15 3 23 3 50 9 59 8 3 1 93 7 43 1 96 4 76 3 72 5 15 9 14 8 50 0 11 7 50 5 68 7 92 1 18 9 81 0 26 
60 0 22 8 87 0 74 0 19 8 59 5 36 3 87 0 41 5 29 2 34 6 43 8 97 6 37 1 75 2 2 7 1 7 95 9 53 6 15 7 70 2 69 6 22 3 69 1 36 9 43 1 12 5 27 1 59 5 62 4 64 5 29 4 17 1 35 8 47 0 59 2 22 4 5 3 70 8 59 9 21 5 24 9 25 6 62 6 40 8 82 4 1 7 38 8 92 3 39 1 10 4 36 2 87 1 14 4 34 1 93 1 51 7 48 5 61 6 6 6 20 
60 8 70 6 48 5 9 2 42 7 46 5 17 7 26 4 51 4 52 2 67 2 21 4 98 3 22 6 20 6 69 2 1 3 67 4 48 3 5 3 91 3 20 8 25 5 14 9 8 6 55 3 10 1 83 8 80 8 43 8 87 4 11 9 66 7 60 9 62 5 30 1 85 2 33 3 78 1 37 7 57 1 53 7 51 7 28 8 31 4 92 3 45 8 22 5 100 6 39 7 24 5 87 0 46 3 32 5 97 9 85 9 85 4 1 0 22 6 44 0 14 
60 3 73 1 55 1 55 3 32 2 32 4 49 4 40 0 27 0 15 9 17 2 12 8 91 1 12 4 26 3 30 5 91 5 78 3 81 6 44 1 42 3 28 3 51 0 96 2 3 7 94 2 34 7 7 1 13 3 76 5 21 3 92 4 47 7 48 5 78 5 10 6 100 6 96 8 24 9 47 4 32 6 22 9 77 1 2 4 9 5 70 8 39 5 88 8 21 2 7 1 88 2 38 9 51 4 80 3 62 2 56 5 8 0 22 1 77 6 51 4 63 
60 4 16 7 10 6 94 3 44 7 1 1 71 8 61 9 9 5 50 2 16 0 97 4 13 3 20 8 12 7 62 0 53 8 57 3 65 4 4 1 88 7 95 2 68 0 29 7 18 2 26 6 39 6 65 9 35 0 18 6 89 4 60 6 1 0 24 4 3 8 70 7 73 7 33 5 81 6 56 2 41 8 46 3 38 0 18 6 16 5 42 2 54 8 52 4 53 4 45 6 32 3 28 2 16 7 41 1 82 8 19 5 3 9 77 3 64 8 90 3 75 
60 4 4 3 17 5 13 0 21 3 46 8 94 9 32 0 42 9 20 2 58 6 54 2 21 1 32 5 12 2 89 3 36 5 89 6 19 8 76 4 65 1 11 4 64 6 97 1 29 6 69 8 97 4 10 5 12 4 62 0 88 6 69 7 39 6 7 1 58 0 61 2 27 2 68 1 82 4 19 5 10 5 72 0 12 3 16 1 63 2 94 3 94 8 59 8 56 9 12 3 75 1 71 8 80 8 11 4 80 1 32 1 94 7 27 7 11 4 95 1 25 
60 5 34 5 52 5 86 3 69 1 65 5 40 6 83 4 45 9 57 0 72 1 56 7 85 1 34 9 63 9 99 2 5 2 92 6 24 2 67 2 36 4 88 0 21 0 18 9 16 4 5 1 14 6 59 6 10 8 28 0 58 5 9 3 6 2 59 6 84 7 56 9 84 2 80 1 65 2 28 0 72 2 13 5 51 9 97 3 73 3 50 0 36 2 34 5 80 0 4 4 57 8 13 9 41 0 44 2 16 8 99 2 56 7 64 9 55 6 1 5 54 
60 0 57 6 94 6 96 7 93 9 85 8 2 2 52 8 38 0 56 6 79 7 70 3 52 0 50 6 15 5 57 8 100 6 21 4 46 2 42 9 49 8 59 1 7 7 64 7 35 2 76 4 77 7 87 7 23 1 16 8 61 7 59 7 41 4 48 7 83 5 24 7 9 3 24 2 66 0 97 7 55 8 37 3 53 4 66 3 10 4 97 9 26 5 51 1 10 1 26 3 72 4 85 5 8 0 14 2 90 6 39 0 28 6 96 9 20 4 95 0 43 
60 5 51 3 58 1 32 4 20 8 5 7 3 5 85 5 66 8 66 8 91 1 67 1 7 8 22 7 66 2 31 5 98 4 72 4 40 6 39 5 43 9 82 1 10 3 93 1 85 6 60 5 88 4 81 9 11 7 59 7 81 9 86 0 75 6 94 8 48 7 19 0 27 1 7 8 4 1 99 9 83 7 59 7 21 5 96 9 50 5 64 7 51 1 12 7 5 8 45 3 58 2 91 9 98 6 70 3 13 2 78 7 59 9 32 2 16 3 45 7 93 
