10 10
60 6 91 0 52 0 53 4 93 8 47 0 26 7 50 1 72 4 70 9 72 7 29 1 52 1 37 9 52 4 76 4 14 0 71 8 17 6 91 4 17 0 90 7 70 9 78 2 28 3 3 6 33 8 41 7 50 3 5 8 18 2 22 2 43 8 83 0 38 2 45 6 69 7 81 9 20 0 29 4 2 0 85 9 28 3 24 7 42 2 96 7 7 2 40 5 25 0 77 2 15 2 79 5 81 5 71 3 51 5 7 4 37 0 52 1 59 7 34 6 51 
60 7 12 7 51 5 91 4 29 4 90 7 42 3 53 5 92 8 21 2 80 6 60 7 1 9 52 9 69 9 93 2 71 0 3 9 17 6 54 0 41 1 45 5 78 6 21 0 9 9 62 0 54 6 96 0 21 7 99 0 1 8 53 9 91 8 57 7 3 8 6 5 96 0 93 5 6 3 78 7 91 0 6 8 77 3 3 8 3 0 67 6 62 2 60 2 52 6 39 2 77 8 78 6 83 4 82 9 76 4 20 3 28 6 54 4 44 2 2 1 75 
60 3 89 2 73 5 49 1 32 4 62 5 37 7 30 9 84 2 87 5 15 3 92 9 100 3 9 2 76 5 7 7 89 4 63 9 8 2 45 7 50 3 55 5 32 3 66 8 20 3 66 7 30 5 11 6 84 3 3 3 29 3 66 8 28 1 15 5 78 8 56 3 63 4 25 2 65 3 58 5 97 9 66 6 61 0 5 7 44 5 48 6 5 2 50 9 12 6 38 4 5 0 25 0 9 1 59 0 71 6 75 5 48 4 84 7 65 1 95 5 7 
60 2 54 4 72 1 81 3 80 2 1 2 47 0 80 5 33 1 80 4 60 8 53 6 77 0 93 6 74 7 34 3 70 8 97 6 7 0 73 4 17 6 47 5 82 1 30 5 63 7 23 0 41 4 95 8 39 0 33 6 38 0 99 7 10 7 75 9 14 2 20 7 37 0 60 5 26 7 71 3 94 6 70 9 86 4 74 6 74 7 44 1 87 2 63 9 96 4 53 9 55 1 77 4 72 3 98 4 82 5 66 7 15 9 35 3 53 0 95 9 81 
60 1 32 4 39 9 77 5 8 7 80 9 59 3 64 5 31 6 63 8 65 9 13 7 51 7 94 9 28 0 97 4 8 2 97 5 31 4 66 3 32 8 74 4 68 2 5 7 50 7 69 3 38 4 63 3 4 4 64 2 33 2 76 5 24 1 48 6 51 6 58 3 32 3 15 3 72 2 87 6 98 4 83 1 81 3 61 5 94 3 3 7 26 4 92 5 34 3 93 4 33 0 27 7 71 4 21 0 1 3 41 8 81 8 73 0 19 1 60 8 32 
60 1 87 4 28 4 13 8 76 5 18 0 83 5 69 9 14 8 98 6 13 0 18 9 44 8 95 5 85 3 3 4 28 0 84 5 27 6 34 6 45 7 12 7 57 2 72 9 56 7 86 1 82 7 71 1 17 7 41 0 21 7 36 4 83 5 27 2 85 4 78 7 22 3 81 0 59 4 62 9 55 6 84 5 22 9 32 7 29 8 91 7 43 7 54 6 49 1 29 6 88 5 23 4 33 8 53 4 20 1 31 3 99 7 8 3 92 7 43 7 75 
60 9 72 0 94 3 87 7 29 0 55 7 2 5 62 4 29 1 36 3 61 5 33 7 92 1 9 1 28 9 80 9 7 8 60 4 88 5 44 6 83 9 26 6 9 2 36 0 64 2 40 6 27 0 38 0 23 0 16 1 87 4 13 8 42 3 83 0 57 5 44 6 6 0 73 2 93 5 86 2 86 6 27 5 79 0 86 1 23 8 84 9 44 9 1 4 17 8 67 2 92 8 81 1 36 9 82 6 67 8 68 3 58 5 3 3 53 6 66 7 94 
60 7 95 1 46 9 31 8 92 1 44 1 33 8 58 2 39 0 68 8 53 7 77 2 50 6 85 5 4 0 50 4 4 2 43 7 29 5 10 5 32 4 70 3 78 6 99 4 19 3 65 0 78 7 48 5 43 0 4 4 85 4 61 8 13 5 37 5 15 8 13 2 69 5 78 4 9 4 11 1 92 1 17 7 41 5 94 3 64 6 81 3 52 9 19 0 59 9 81 4 29 5 45 7 34 9 73 1 50 8 71 1 32 2 95 7 86 8 100 5 97 
60 1 63 4 11 3 75 7 54 6 50 4 62 0 2 8 46 4 13 1 65 5 92 7 18 0 23 5 46 3 89 3 26 7 44 1 99 3 66 6 3 9 37 7 82 4 92 8 58 6 31 0 100 4 1 9 67 1 33 8 19 8 28 6 56 2 53 7 9 5 76 0 32 7 24 2 71 9 31 6 45 0 63 1 31 6 72 9 30 2 78 9 54 0 85 0 43 3 7 0 52 1 74 9 63 1 86 0 6 1 54 3 31 3 16 3 47 9 95 0 48 
60 3 18 6 28 4 68 3 10 2 23 2 37 6 39 7 49 3 92 4 97 3 8 2 44 4 83 9 11 4 59 6 9 5 11 0 64 1 41 7 25 2 74 5 33 0 74 9 75 1 46 7 57 1 36 7 36 5 64 4 45 5 99 6 74 0 2 5 54 8 34 9 48 4 87 2 7 1 35 4 59 4 21 0 91 7 13 7 26 3 15 8 13 2 86 5 15 5 7 2 57 4 78 6 36 6 80 3 93 1 49 1 46 2 25 8 20 8 76 6 91 
