10 10
60 0 27 5 12 3 74 9 51 5 77 4 95 3 22 7 21 6 37 7 60 7 18 3 55 5 25 8 47 7 49 2 16 3 37 3 99 6 41 1 71 6 38 6 65 0 72 5 99 2 64 4 93 9 2 8 74 9 29 7 2 8 35 7 11 6 56 4 54 7 55 8 95 7 64 9 45 8 37 1 99 9 22 0 57 9 37 1 54 7 16 3 55 7 44 1 36 8 70 5 65 8 53 8 6 7 58 1 75 9 45 9 95 1 21 1 75 8 43 6 34 
60 0 50 1 39 9 11 4 64 1 4 2 74 3 72 9 12 4 57 6 70 9 64 2 94 7 47 4 33 7 26 5 86 6 89 2 26 5 72 0 54 6 13 0 67 5 88 2 84 0 43 4 64 7 17 4 2 2 42 4 57 5 43 5 38 8 2 4 12 8 85 7 95 4 98 9 13 4 22 0 55 7 31 0 98 3 52 7 56 3 87 2 70 9 40 0 59 1 22 6 46 5 90 7 83 1 77 1 55 5 94 8 81 9 37 7 50 5 1 6 52 
60 0 11 6 51 3 6 7 49 8 20 9 5 0 72 7 55 9 32 0 23 1 94 6 51 3 22 8 42 3 58 4 2 4 16 8 87 4 73 6 33 5 79 0 33 3 52 9 76 2 83 9 99 8 10 2 55 2 24 6 87 1 100 1 34 9 26 7 47 5 91 2 83 2 63 5 52 6 32 7 55 1 4 2 82 5 16 7 91 1 63 3 19 7 60 9 16 5 77 6 32 3 58 6 54 2 63 9 100 0 9 0 60 1 74 8 74 9 78 3 88 
60 7 62 9 91 6 43 3 50 9 11 8 75 7 41 4 70 8 12 5 43 1 8 7 31 0 82 2 61 1 72 6 26 7 49 9 98 6 84 1 39 8 79 3 77 0 46 7 36 4 85 8 56 8 27 2 79 6 25 8 94 3 69 1 32 0 36 5 69 1 60 5 62 9 61 1 72 2 7 1 16 0 95 2 100 3 66 9 67 7 21 8 20 7 98 1 3 8 22 5 63 3 45 0 46 2 17 7 82 9 96 4 20 4 92 4 67 1 67 5 75 
60 4 68 3 63 5 80 7 25 7 10 3 46 3 72 0 86 0 32 4 47 6 11 1 99 2 92 5 72 6 79 3 41 9 86 1 54 1 37 8 55 2 41 0 100 1 75 1 37 3 99 8 95 4 70 6 85 4 92 0 33 7 3 9 96 1 44 5 32 5 80 4 38 9 54 6 34 7 48 7 55 3 31 1 96 4 2 2 57 9 38 7 78 5 66 6 60 7 84 5 74 6 9 3 13 6 36 1 61 4 23 3 73 0 21 0 63 5 2 4 41 
60 2 26 0 61 2 75 3 50 7 25 6 44 2 16 1 60 3 74 7 59 4 96 0 41 7 14 1 89 3 63 3 21 6 81 7 32 4 38 0 69 7 36 0 4 8 39 6 72 6 86 7 8 2 54 7 19 5 76 9 45 0 61 8 93 6 43 7 5 4 79 2 50 0 61 2 58 4 51 1 3 1 19 3 22 1 1 5 76 2 26 6 79 7 23 9 78 0 12 4 32 3 44 0 57 1 88 0 3 0 29 6 31 3 27 0 41 4 34 7 90 
60 1 99 6 22 7 52 6 100 8 45 4 9 3 100 1 91 8 31 9 97 7 1 6 78 6 66 6 85 5 57 4 88 5 60 0 86 8 65 2 36 9 29 9 93 9 51 3 10 5 29 4 11 2 85 7 21 3 35 8 89 8 40 1 54 2 90 2 92 2 98 2 82 4 92 6 46 7 99 5 14 5 69 6 66 2 35 9 64 5 63 3 25 9 63 3 60 9 38 0 37 8 32 9 88 1 53 0 18 7 21 5 11 6 54 3 2 4 6 5 43 
60 5 59 6 89 3 30 1 91 5 100 0 94 8 8 4 99 1 15 7 20 9 63 9 17 6 33 5 30 9 71 2 36 8 47 6 9 2 52 2 27 3 68 8 48 3 33 3 98 4 8 2 51 5 29 8 56 4 81 8 54 8 1 7 34 1 36 6 55 4 27 0 96 9 86 6 89 7 44 4 7 2 68 8 43 9 13 0 53 1 56 0 55 6 81 9 56 0 40 9 53 4 24 7 47 2 40 5 88 0 63 3 19 6 27 0 6 9 45 6 48 
60 7 34 1 87 8 67 1 98 5 44 1 9 2 31 2 14 0 27 3 93 1 76 6 22 6 59 1 73 5 25 6 89 8 27 0 88 4 35 2 94 7 86 0 50 6 42 5 66 1 43 1 32 8 74 7 84 1 85 8 5 4 94 8 16 1 68 0 26 4 79 1 63 1 72 0 41 9 91 7 94 8 14 6 28 5 15 3 81 1 99 5 94 4 62 0 69 1 93 5 53 9 83 7 9 9 62 8 98 3 61 7 22 3 69 3 77 2 4 8 85 
60 5 4 3 79 2 21 2 28 5 86 4 90 0 83 2 77 6 5 6 73 6 78 6 16 9 74 0 64 8 48 4 53 3 90 0 37 0 83 6 98 8 32 4 72 7 2 4 5 3 82 3 60 3 40 2 91 6 26 7 94 9 99 7 71 5 31 0 86 3 82 7 17 3 91 3 21 7 85 9 12 0 40 1 27 8 97 9 29 2 59 1 61 5 46 0 21 7 39 5 74 2 15 2 46 4 25 9 72 0 17 4 38 5 86 8 56 8 37 4 41 
