10 10
60 5 71 9 83 2 77 2 42 3 83 8 95 4 22 9 15 0 71 9 3 1 66 0 59 8 57 8 86 5 26 6 100 9 8 3 11 0 67 3 79 3 89 3 56 9 78 5 70 3 65 8 97 6 93 0 86 5 61 4 19 0 92 0 78 5 86 5 79 1 94 0 96 1 36 7 51 1 51 5 9 0 59 6 49 6 47 4 21 3 1 0 81 2 51 0 27 8 21 1 96 6 55 9 81 9 28 1 99 4 6 8 7 0 83 7 73 7 29 2 6 
60 9 51 8 70 2 85 0 49 0 52 5 18 4 32 5 94 6 18 6 16 2 55 0 44 8 30 6 54 3 47 2 47 6 75 7 62 1 93 5 69 0 55 0 28 9 44 8 76 8 75 5 34 8 67 3 17 1 41 8 61 9 26 1 5 2 72 1 63 5 34 8 91 2 47 5 78 3 49 7 47 1 1 8 54 3 25 9 5 4 95 6 15 1 78 2 57 2 100 5 32 7 84 7 91 1 73 7 33 9 1 2 75 2 29 9 7 1 48 1 17 
60 5 55 2 35 1 46 2 48 9 19 8 59 0 60 4 9 4 41 3 65 3 72 0 82 1 14 5 56 6 58 3 18 8 6 9 99 4 74 9 37 9 64 3 78 4 16 2 35 8 13 7 56 5 29 4 36 5 78 8 85 5 98 2 67 5 2 1 28 7 98 4 60 4 70 7 25 4 7 7 90 4 15 3 2 1 8 9 48 7 45 4 62 8 10 2 34 8 23 1 89 3 84 2 60 8 55 6 42 5 99 3 99 0 22 7 48 1 22 8 46 
60 6 78 6 48 2 72 0 74 4 13 3 96 6 70 9 84 7 91 1 15 6 94 3 88 6 8 2 73 6 9 6 44 8 50 9 40 5 17 4 87 9 62 0 85 8 89 1 26 7 53 9 94 1 35 8 80 0 10 1 87 4 48 1 75 3 45 4 7 3 69 8 20 9 58 7 26 8 18 6 66 1 84 1 61 5 89 9 30 1 83 2 49 2 16 7 66 2 34 0 63 0 6 3 76 3 95 3 88 7 38 1 16 2 65 8 30 4 34 9 34 
60 3 59 9 85 2 74 7 76 1 98 5 64 5 90 7 18 5 16 2 38 9 68 6 44 4 3 4 33 4 5 8 99 3 37 6 94 8 82 0 34 1 72 8 84 8 36 1 96 7 84 4 7 4 86 1 19 4 45 6 64 5 47 1 27 3 63 4 95 3 32 1 61 2 28 3 63 2 52 6 10 9 19 4 58 9 26 6 88 5 90 8 26 2 61 9 100 5 98 5 36 5 83 7 62 5 74 2 94 3 17 3 63 6 11 8 65 4 54 0 94 
60 5 67 5 63 5 7 5 77 0 62 1 9 4 9 4 88 1 59 3 22 1 94 9 78 8 40 4 38 4 33 8 32 8 97 1 85 4 2 2 18 1 10 0 72 6 74 8 68 4 71 1 81 7 14 3 27 0 80 8 33 0 36 3 47 8 27 4 82 7 63 5 16 7 16 1 52 9 2 6 61 2 84 1 45 7 2 7 46 4 82 8 48 1 57 6 49 3 60 8 12 4 52 9 89 0 48 1 21 2 24 0 36 9 91 9 11 0 98 9 49 
60 1 70 1 92 8 41 3 71 6 7 6 40 8 4 8 13 0 25 3 78 7 28 0 2 5 40 1 95 0 25 2 71 4 9 6 74 6 57 9 88 2 37 0 60 8 28 7 69 6 5 5 68 4 31 9 28 2 42 2 35 9 68 2 36 5 42 6 4 7 23 5 39 0 78 0 80 1 36 7 83 1 23 1 78 0 99 3 20 5 51 0 68 6 22 4 59 6 12 1 31 5 58 1 10 3 65 0 38 6 14 2 93 9 45 6 38 9 22 3 81 
60 3 73 1 71 7 19 1 67 8 71 7 95 7 90 6 23 7 33 2 9 2 37 1 71 5 79 0 74 7 60 7 63 9 68 9 57 6 83 9 41 4 73 5 82 8 35 6 40 8 72 7 36 9 83 5 29 9 95 1 35 1 89 0 34 9 34 1 23 4 23 7 27 9 89 4 2 3 89 3 92 1 96 4 92 2 1 7 52 2 17 4 97 5 87 5 97 5 11 7 27 2 79 2 39 6 90 9 23 4 24 5 35 6 90 0 94 0 62 4 97 
60 2 27 2 3 0 27 6 33 3 87 6 77 4 39 8 70 7 34 8 84 3 11 9 48 9 24 4 27 2 87 5 17 7 80 3 75 5 37 7 73 9 95 3 23 7 7 2 68 1 1 6 94 6 56 4 7 6 96 3 18 3 75 3 92 2 26 9 90 9 40 6 77 3 69 6 61 4 24 6 38 9 79 3 71 0 8 3 62 3 76 2 3 3 72 5 63 6 31 3 36 3 76 6 79 0 53 7 42 4 85 7 81 9 61 7 93 6 77 7 65 
60 5 35 9 9 4 79 2 94 8 44 4 70 2 97 0 24 4 6 8 70 5 79 9 93 6 9 6 65 1 44 5 95 0 66 0 81 0 12 5 57 4 55 1 14 0 90 0 96 8 10 0 24 3 41 7 24 8 68 0 36 1 4 7 91 9 51 1 39 7 47 9 75 9 69 4 82 2 83 0 74 2 25 9 25 8 36 1 37 7 42 7 71 9 23 6 71 3 59 6 74 3 10 6 93 3 38 1 3 5 11 5 71 8 56 2 96 1 9 9 72 
