10 10
60 1 74 3 16 2 46 7 26 9 77 3 54 6 12 6 76 4 6 0 88 9 43 6 58 8 66 2 72 1 58 6 56 8 58 6 96 0 30 4 47 2 12 5 80 8 24 8 23 9 36 6 45 7 62 8 8 6 2 6 87 1 53 2 20 8 52 9 72 7 8 6 2 5 9 5 40 1 58 3 25 7 26 3 64 4 35 7 58 1 88 4 13 6 15 2 66 1 81 3 24 9 5 4 49 9 100 8 86 2 31 2 60 5 32 8 47 1 75 1 37 
60 1 99 3 14 4 62 8 56 6 63 4 1 2 87 1 14 1 60 5 98 4 81 7 2 6 66 0 74 4 93 0 33 0 66 6 99 7 39 5 20 6 89 7 90 6 80 7 61 6 69 3 93 8 75 9 82 8 86 4 70 7 62 5 85 4 99 2 86 7 91 6 76 2 32 0 30 9 89 9 17 5 72 6 99 1 80 8 34 5 65 2 69 6 62 0 59 5 73 6 35 3 66 9 53 6 73 7 5 2 2 3 27 6 31 4 6 1 87 8 28 
60 5 42 1 63 7 15 2 65 5 100 6 80 4 53 1 11 9 96 6 21 7 20 5 69 1 32 2 83 2 73 8 24 0 33 5 71 8 21 5 20 3 7 0 49 1 33 8 7 9 46 2 48 9 86 2 85 9 6 9 6 0 27 3 10 1 29 7 11 7 79 1 74 2 59 7 30 9 26 5 82 0 26 7 99 4 70 6 51 3 100 2 6 3 86 4 90 7 91 5 100 5 57 9 45 1 58 1 9 2 65 8 53 8 83 1 84 4 90 2 74 
60 2 19 8 92 2 13 5 63 3 58 0 20 5 75 2 50 9 27 7 16 5 97 6 69 0 26 4 43 8 28 4 93 1 63 6 91 3 39 3 10 6 62 4 41 9 57 5 66 8 63 1 97 2 16 2 96 5 41 3 92 8 29 8 96 6 72 0 76 7 4 4 9 5 10 8 45 2 10 8 70 3 85 5 25 6 100 4 59 9 80 0 12 3 50 0 3 8 87 6 89 9 60 3 33 2 56 0 45 7 86 3 14 9 69 9 49 8 13 0 57 
60 2 40 0 41 3 56 8 25 6 56 9 48 1 100 8 54 4 48 0 93 3 9 9 92 4 35 4 4 3 50 6 33 6 9 1 63 0 67 8 78 2 78 7 57 3 6 4 47 6 56 0 28 7 91 7 96 1 70 5 71 8 18 3 18 7 42 6 30 6 12 8 28 3 91 2 51 6 33 6 13 6 51 1 57 8 77 5 17 1 92 1 82 4 27 9 34 2 39 5 51 6 13 9 32 1 52 7 73 0 89 0 21 4 98 3 7 5 8 1 65 
60 8 31 2 56 9 43 0 55 9 41 9 62 5 90 4 25 0 20 5 72 0 80 9 79 1 90 5 7 2 3 5 64 4 66 4 57 6 95 3 11 1 49 9 87 6 74 9 71 2 81 1 27 6 50 0 14 9 87 8 73 3 28 3 90 9 16 8 19 8 95 7 41 7 45 0 16 5 27 3 40 9 70 9 98 7 74 6 92 4 8 2 11 5 12 8 35 5 52 4 89 0 1 7 70 8 67 8 19 6 81 2 19 8 25 9 42 0 100 7 94 
60 7 55 8 12 9 64 0 100 9 49 8 76 3 5 7 46 1 54 1 74 1 62 8 5 3 82 2 87 3 7 4 93 5 33 3 84 7 26 0 27 1 100 1 80 3 55 0 6 4 6 2 15 7 32 2 55 8 24 5 57 3 38 1 86 6 59 2 96 0 35 8 72 4 28 6 46 5 21 1 66 9 58 1 60 3 72 7 72 2 50 3 53 5 88 9 99 5 71 5 28 9 88 8 52 5 49 8 14 0 79 0 20 7 12 2 11 6 30 5 94 
60 2 28 9 54 5 69 7 65 8 17 3 31 4 8 4 31 6 15 5 39 0 79 7 66 4 42 7 10 6 80 5 77 5 10 1 27 3 39 6 4 4 70 1 72 9 9 8 30 4 87 9 97 8 86 9 27 8 34 4 30 1 5 7 29 0 3 5 89 1 13 1 60 1 2 9 59 0 16 9 19 9 97 1 85 9 21 1 37 2 66 0 9 1 85 9 35 5 83 2 77 6 5 8 89 1 75 9 52 9 60 0 14 2 60 2 47 6 6 1 55 
60 1 10 6 3 7 96 0 67 9 84 8 2 1 90 5 49 3 97 1 74 0 31 9 58 7 52 1 96 0 86 4 30 0 28 0 42 0 93 3 90 1 56 9 91 7 78 4 75 8 12 6 20 9 24 8 95 8 54 4 85 6 73 2 23 1 93 5 8 2 70 8 4 7 41 1 96 6 38 5 37 7 35 7 65 9 67 5 62 0 64 5 42 2 60 1 21 3 37 4 20 5 43 1 100 6 46 6 85 1 1 2 21 4 14 7 96 7 27 0 87 
60 3 82 3 90 0 15 1 90 8 62 7 48 4 32 2 33 9 27 2 35 0 42 6 2 5 57 9 39 9 16 8 26 0 16 7 56 8 96 2 40 1 42 0 62 1 37 5 8 1 2 1 3 7 97 1 22 6 35 4 100 0 6 9 63 4 76 5 93 4 17 0 85 3 62 9 87 1 50 1 57 0 16 2 56 7 27 9 33 2 71 3 19 2 60 7 28 4 60 4 74 7 92 7 5 6 30 3 1 4 38 1 15 8 39 4 29 8 74 3 96 
