10 10
60 9 55 3 25 9 77 8 61 6 44 7 78 9 91 6 4 3 53 0 36 8 82 2 9 5 85 9 28 4 70 5 39 7 58 9 55 0 100 0 23 6 54 0 7 6 41 3 13 3 52 5 59 5 93 3 50 2 94 6 65 7 90 9 11 7 52 4 18 8 27 1 13 4 32 9 23 0 10 1 87 0 32 6 6 4 21 7 98 3 67 4 46 9 82 0 50 2 34 4 61 2 81 4 28 5 58 0 16 1 62 7 80 5 16 8 10 1 82 3 72 
60 3 68 7 51 7 69 0 92 8 35 2 55 9 29 4 94 6 100 3 51 7 5 9 10 2 7 8 2 6 6 4 30 1 45 7 40 8 78 1 88 8 93 8 98 8 48 5 82 4 30 3 43 7 43 7 72 1 55 8 30 9 45 3 52 8 22 0 60 0 74 2 42 4 100 6 25 7 46 7 30 9 69 6 6 8 96 9 25 3 32 2 46 5 17 3 73 0 27 9 71 5 2 0 81 4 95 6 16 4 17 8 51 5 33 9 93 8 23 9 57 
60 4 46 6 12 9 15 3 10 5 89 4 13 5 20 2 26 1 41 8 47 5 77 9 61 7 3 9 46 0 70 6 84 7 23 5 35 4 44 4 58 6 57 3 27 3 44 1 55 3 50 8 81 0 26 7 14 7 10 8 28 9 6 5 17 9 5 4 77 4 23 1 6 6 31 9 21 6 42 3 6 9 11 7 12 2 64 1 19 4 87 3 50 2 60 5 96 0 79 5 80 4 50 4 20 0 89 8 98 0 46 3 6 8 52 4 99 8 88 3 100 
60 0 13 5 31 4 16 5 99 3 31 7 95 6 51 3 97 8 81 3 12 3 56 8 49 5 62 1 16 8 6 7 54 8 3 0 43 2 99 4 73 9 88 2 48 5 3 5 16 3 47 4 50 6 19 9 87 6 78 4 97 6 7 4 14 3 17 0 47 3 14 5 57 3 37 5 46 3 98 7 91 1 95 8 94 5 55 9 95 6 42 4 7 3 61 4 16 0 20 4 65 7 28 7 70 2 42 9 79 4 96 9 44 9 45 2 57 4 13 4 56 
60 9 62 4 84 5 85 9 4 8 31 0 46 9 65 9 54 2 100 5 52 9 58 1 19 5 88 8 38 0 23 8 34 3 63 5 17 7 3 8 19 3 1 5 88 4 96 6 95 5 1 4 34 4 53 6 36 1 85 2 16 4 61 3 55 9 63 1 58 0 47 9 2 2 60 4 90 4 86 3 28 2 55 9 21 1 7 6 29 0 79 0 61 3 41 9 1 9 39 0 70 0 97 2 67 0 18 5 22 4 53 0 48 3 44 9 93 4 71 2 82 
60 7 32 4 21 1 13 2 18 7 85 2 35 8 65 6 51 1 46 4 3 2 4 2 45 0 59 1 66 2 30 3 78 5 59 7 93 6 86 0 50 9 16 0 46 7 50 8 21 5 53 5 13 7 84 3 61 2 16 2 24 9 44 3 18 7 68 3 71 8 7 5 82 9 98 8 8 1 26 9 19 5 49 8 4 0 93 8 92 8 17 2 67 8 71 8 81 6 23 2 7 4 54 3 19 3 54 3 7 9 81 4 40 0 86 6 61 0 5 9 20 
60 5 86 0 27 3 45 7 18 6 79 1 59 3 99 2 2 6 92 7 31 6 8 6 24 2 2 9 6 3 80 1 23 8 70 3 8 7 27 8 27 7 94 0 3 4 44 4 19 2 20 3 78 5 88 1 24 1 43 5 57 4 4 4 32 0 22 2 5 5 79 6 86 6 99 5 32 1 84 8 98 9 72 0 58 3 51 9 30 0 26 9 100 1 81 2 1 1 66 9 9 7 42 6 8 5 73 6 28 5 63 6 41 3 78 3 21 5 53 8 49 
60 2 79 8 31 4 87 5 16 0 18 3 49 4 26 8 28 7 95 1 4 9 59 4 66 9 97 7 48 1 77 1 17 0 18 0 64 5 97 5 61 2 83 1 23 3 3 5 89 7 67 4 35 1 48 5 13 5 98 7 24 0 5 2 27 7 34 4 98 3 52 1 9 4 4 5 67 7 84 0 43 3 71 3 89 1 51 4 41 2 21 8 80 6 32 0 43 6 79 2 42 8 15 8 6 7 46 0 94 3 57 3 82 0 84 1 92 8 10 8 95 
60 2 59 0 28 4 65 2 77 4 19 5 44 8 12 8 87 3 78 3 97 9 31 7 23 3 69 8 83 3 20 6 85 1 26 4 48 1 21 6 18 7 6 7 78 7 51 6 66 9 24 3 80 0 89 9 46 4 94 7 69 4 14 2 55 5 77 3 78 3 65 0 87 4 40 5 98 9 98 9 50 9 48 6 47 4 93 3 15 3 81 4 10 6 80 8 34 1 80 6 70 5 35 3 9 2 47 7 92 5 8 6 59 1 68 8 12 9 66 2 46 
60 9 91 7 99 3 79 3 51 3 24 2 54 3 94 1 44 7 35 6 33 3 70 6 49 2 52 4 36 6 40 2 60 1 28 8 68 1 34 9 94 9 63 0 96 7 100 9 41 3 6 7 54 2 65 3 71 8 99 2 71 9 66 1 74 1 92 5 98 3 78 3 11 0 99 2 18 9 30 8 86 3 54 9 49 4 99 0 63 2 16 1 23 8 9 3 57 4 63 0 50 7 37 0 16 4 41 0 15 4 53 4 66 2 84 7 7 0 84 7 44 
