10 10
60 1 84 8 44 8 75 3 22 3 4 3 71 3 11 6 28 2 35 8 52 8 70 6 95 6 66 9 75 2 62 4 8 8 65 5 35 9 55 7 79 7 24 0 5 5 59 2 33 0 42 0 41 6 96 4 18 7 44 8 88 8 74 2 50 1 3 7 25 6 92 9 60 2 51 4 66 8 18 0 49 2 98 3 11 3 91 3 7 9 88 3 11 0 100 2 83 8 9 7 15 7 96 7 89 9 41 8 7 0 96 2 11 3 60 4 83 6 78 3 72 
60 1 3 1 30 1 49 0 78 9 75 0 43 2 28 2 57 0 64 8 46 3 47 6 95 7 71 5 65 7 6 5 66 1 9 7 74 4 65 6 75 1 53 3 66 2 18 4 26 3 36 9 36 9 61 0 38 2 69 5 95 0 67 4 83 8 14 4 55 1 84 3 74 6 35 6 75 6 94 6 22 7 3 9 71 7 21 1 100 5 55 7 30 0 6 5 14 2 88 4 96 7 77 0 82 4 75 5 94 3 26 0 95 5 35 4 4 5 30 1 96 
60 7 58 4 8 5 35 6 99 2 98 2 39 7 6 3 54 8 95 0 74 5 88 6 18 1 38 2 14 5 59 0 20 3 77 7 13 4 53 3 80 2 33 1 39 2 61 2 98 4 47 0 83 1 76 5 17 2 98 2 32 1 31 5 35 8 73 9 43 9 82 4 5 2 76 3 15 0 42 1 12 3 22 9 64 0 44 9 53 0 85 4 75 7 33 0 15 3 99 6 16 2 98 6 62 5 65 8 86 3 96 0 53 5 28 4 96 7 59 7 68 
60 6 1 3 73 9 9 7 13 6 61 1 60 5 95 3 6 7 43 3 2 1 26 1 88 9 66 8 50 9 72 8 61 4 48 0 39 0 67 0 23 2 23 1 33 6 13 4 23 0 67 7 33 1 95 8 92 9 96 3 91 4 33 8 36 2 79 8 64 5 71 9 55 9 8 1 88 4 21 1 57 8 1 7 88 9 64 3 66 1 78 8 84 2 37 3 67 3 43 2 90 2 23 4 33 1 13 4 65 2 53 4 48 2 26 4 83 0 92 7 18 
60 1 79 9 42 0 14 0 13 2 25 8 14 3 67 0 96 4 96 5 46 6 2 7 23 2 78 1 98 8 98 9 63 5 86 3 41 0 12 2 82 4 70 5 18 7 37 6 45 4 95 9 62 4 16 3 12 7 36 8 64 9 26 8 8 7 35 8 100 1 95 5 54 5 58 7 72 9 37 3 16 2 20 3 57 8 46 7 70 2 76 5 70 0 41 8 21 3 77 6 90 7 40 8 43 4 68 0 48 4 76 0 32 7 11 7 22 1 74 8 67 
60 1 52 4 96 8 86 7 11 7 6 1 52 9 9 7 72 2 64 5 39 2 99 6 40 3 56 2 27 3 67 5 66 8 73 6 77 5 76 9 80 8 83 6 22 2 11 3 42 3 25 2 8 5 97 0 91 5 2 3 42 1 86 3 76 8 55 9 30 2 2 0 69 7 47 0 100 5 51 1 16 2 13 1 10 2 80 8 68 1 34 9 19 3 36 7 44 9 11 0 42 8 56 4 86 4 87 6 10 4 81 8 18 8 91 5 45 1 34 5 19 
60 1 21 6 52 2 86 1 31 6 45 0 1 8 31 4 6 6 55 1 54 3 69 6 93 8 34 6 37 6 20 6 58 8 22 9 38 6 94 4 96 5 63 0 42 9 80 0 98 5 58 5 42 5 2 5 42 1 4 5 27 8 75 1 47 8 9 0 40 1 27 1 21 5 96 2 15 5 87 6 88 7 34 3 14 3 63 5 28 8 58 2 17 5 71 7 73 8 72 4 92 6 18 4 2 6 28 7 100 4 67 4 2 9 19 4 89 0 60 6 4 
60 9 75 9 3 2 11 3 41 8 75 0 25 6 42 1 67 6 4 4 34 5 52 4 3 6 60 6 49 9 25 7 78 7 92 8 89 1 1 2 9 1 37 4 5 9 17 1 8 0 94 2 14 9 38 9 39 6 79 3 40 5 74 8 82 8 55 7 97 9 72 1 17 1 59 8 86 5 15 8 31 1 87 8 61 3 85 3 25 9 37 6 17 1 13 5 97 3 6 7 58 4 15 7 92 7 25 2 11 9 99 2 95 2 56 6 7 0 19 4 23 
60 3 60 7 53 6 6 6 14 0 84 1 77 4 4 4 28 4 34 3 99 4 96 9 85 2 96 9 4 1 51 6 78 7 25 2 57 6 28 6 88 9 24 9 52 3 6 5 75 4 86 9 95 3 77 7 86 5 67 4 24 1 2 7 93 0 82 0 28 0 32 3 36 9 54 0 60 7 91 4 15 3 42 8 88 4 74 8 28 8 35 3 44 9 38 0 37 9 61 9 64 9 18 5 49 8 53 6 80 3 53 0 5 0 88 5 82 3 40 6 5 
60 3 50 0 75 9 37 2 31 9 71 9 9 7 35 9 13 9 6 1 86 0 58 3 22 5 100 0 27 9 41 1 41 3 4 2 88 2 39 7 38 4 41 1 42 8 5 5 36 3 94 4 74 0 3 1 24 3 40 9 97 1 7 1 89 5 96 7 28 0 51 4 49 8 51 1 1 1 40 2 55 7 41 2 79 3 77 1 6 6 57 6 91 7 43 7 35 0 3 6 38 5 33 6 59 8 10 7 91 9 82 6 85 5 43 0 25 6 27 5 88 
