10 10
60 7 35 7 34 8 44 7 82 7 55 9 10 4 36 2 32 6 50 5 64 3 92 4 64 0 69 4 38 7 98 4 70 0 28 8 30 9 45 3 18 2 57 4 13 5 97 1 55 5 57 8 70 0 100 1 99 5 37 0 1 2 71 2 2 3 24 2 61 6 63 9 24 0 70 5 10 5 61 4 29 1 61 5 23 9 74 0 76 6 62 0 95 6 35 3 65 4 19 6 77 1 74 9 68 9 13 8 88 8 79 4 28 8 100 1 56 5 33 4 60 
60 1 34 3 62 7 12 7 32 9 14 2 18 1 81 9 40 3 35 5 19 2 88 2 12 7 48 0 98 5 12 4 24 4 38 5 48 3 89 9 91 3 84 9 49 6 30 4 75 6 98 4 72 4 36 3 82 9 69 0 16 0 13 3 1 0 17 4 16 1 65 9 52 3 55 4 85 4 15 2 7 4 5 1 23 0 24 7 35 3 48 8 52 9 57 8 68 8 44 4 3 1 64 9 46 3 76 4 82 5 68 5 9 1 21 7 5 9 84 0 13 
60 0 5 8 88 6 99 5 46 9 54 0 4 0 36 0 84 1 93 8 32 9 14 5 4 8 17 2 44 1 17 9 18 5 54 4 70 4 98 8 79 7 82 0 64 0 7 7 68 2 4 2 47 0 22 4 42 1 94 7 3 4 43 1 30 2 91 7 83 5 97 3 29 3 64 8 99 6 68 7 27 9 36 1 6 6 97 3 80 4 20 7 85 7 66 4 50 6 63 6 29 6 74 8 24 3 93 9 96 1 33 6 22 2 27 1 34 3 62 5 11 
60 3 32 3 88 3 42 8 6 3 6 4 100 4 44 1 26 4 22 5 97 5 92 0 2 9 23 5 97 2 81 6 4 5 91 2 82 3 57 3 24 1 12 3 93 8 73 6 30 2 24 8 62 1 75 6 40 8 37 9 86 9 88 7 81 1 49 9 41 2 11 5 58 6 86 3 6 1 85 6 45 1 20 4 81 9 88 1 65 4 3 5 29 9 99 1 94 8 92 7 25 1 50 8 91 9 85 1 67 8 22 4 6 6 68 7 22 4 16 9 77 
60 6 25 6 34 1 30 1 10 8 64 3 22 6 15 3 51 5 76 0 38 2 73 7 35 7 31 4 45 9 28 5 31 0 29 4 5 7 54 1 99 0 31 9 93 4 31 6 55 5 96 2 32 6 50 0 20 3 94 4 65 2 1 1 65 2 2 9 12 5 23 4 7 7 51 5 95 6 51 1 47 5 70 0 8 5 68 2 44 8 29 1 89 3 77 0 24 4 92 7 57 1 80 7 33 4 45 5 65 8 14 8 67 7 39 7 4 5 16 4 17 
60 7 9 6 36 5 85 6 85 0 18 5 42 7 93 6 31 3 77 9 66 4 28 6 35 1 58 2 6 1 78 5 56 5 3 1 84 1 16 4 53 5 51 0 26 5 95 8 3 3 94 0 44 3 16 0 49 0 45 6 93 9 85 8 68 5 74 6 23 0 36 8 58 8 79 5 26 1 85 8 98 8 30 1 75 5 31 8 32 8 100 9 13 5 42 1 41 4 9 9 32 6 76 6 23 7 32 1 3 2 25 2 9 3 98 8 40 4 87 9 21 
60 0 50 2 76 0 83 0 14 6 67 2 90 3 2 8 89 2 51 1 69 4 2 6 26 8 65 7 45 0 47 3 72 0 19 3 57 5 42 2 72 7 36 5 53 4 39 0 83 6 87 9 63 8 65 6 51 2 5 8 49 4 1 5 18 7 76 4 3 1 15 7 84 0 62 6 91 9 32 5 72 7 57 3 88 6 35 8 18 4 26 6 35 1 94 6 43 5 10 3 90 2 39 2 51 4 17 9 80 9 70 5 82 0 10 4 27 0 52 8 57 
60 2 71 0 77 6 21 7 47 3 69 7 74 5 85 3 40 5 74 7 53 6 24 6 39 0 12 6 20 0 45 7 21 4 33 0 51 4 25 1 80 0 74 4 4 1 2 4 40 6 76 0 85 3 29 8 95 4 5 4 61 4 18 3 24 2 55 6 14 1 19 8 43 1 5 5 24 5 37 9 83 1 2 9 72 1 52 3 34 9 90 1 36 2 97 6 24 0 82 1 37 7 44 6 85 9 99 7 92 1 53 6 17 1 39 6 30 3 93 7 7 
60 4 81 6 1 9 75 7 88 1 42 4 100 5 36 5 29 8 79 5 8 1 78 7 63 6 6 1 13 2 22 4 76 7 18 6 11 4 24 5 74 2 6 3 75 0 16 1 51 4 84 6 59 3 66 2 4 8 76 6 26 3 33 9 74 1 100 6 83 5 76 8 67 7 60 9 71 2 21 5 74 4 98 6 10 7 63 8 57 1 32 0 53 0 73 9 53 1 8 1 20 2 43 7 17 2 33 5 99 0 21 4 7 0 18 0 49 1 62 7 54 
60 7 100 2 57 9 67 7 17 9 99 5 79 6 23 6 44 8 80 5 47 1 52 6 71 3 17 8 20 1 38 6 11 2 35 7 52 7 28 9 44 3 29 4 92 9 79 5 81 5 9 2 43 7 91 4 63 2 67 5 30 3 53 8 49 8 50 9 17 0 27 5 75 5 39 1 21 9 85 6 54 2 22 0 21 9 47 5 38 1 62 7 9 6 96 8 68 8 30 1 44 4 34 9 50 8 47 7 81 1 3 0 41 8 66 6 42 4 89 9 38 
