10 10
60 3 68 9 54 4 30 3 72 1 79 5 69 0 75 0 6 8 13 3 22 7 74 9 63 2 94 7 18 2 58 6 18 0 12 4 78 0 97 8 27 5 39 2 41 3 29 9 79 5 39 2 55 4 62 6 18 1 5 1 49 9 24 6 51 4 37 4 37 2 63 9 23 8 76 8 55 4 32 8 82 5 83 0 12 3 81 0 59 8 47 3 11 8 64 8 81 4 72 2 59 0 25 0 6 3 89 4 75 6 91 6 94 3 61 0 56 3 35 8 33 
60 7 11 3 57 5 71 7 72 8 15 2 20 8 88 0 77 8 34 4 93 3 84 1 89 3 27 7 16 1 67 4 26 1 87 5 59 5 5 5 23 1 89 4 50 2 76 3 95 8 19 6 39 1 20 7 84 4 94 8 76 8 26 5 11 1 29 9 7 8 76 4 63 0 62 7 32 4 80 0 65 6 20 6 61 4 90 5 65 8 49 6 63 8 29 5 28 4 37 0 13 1 86 4 73 7 53 1 22 0 9 6 65 8 70 9 46 8 33 7 10 
60 2 41 3 69 8 17 2 41 2 5 1 40 4 44 7 73 6 11 6 90 1 43 9 21 9 67 0 59 6 92 4 16 9 82 0 55 9 1 4 86 0 33 1 52 4 66 7 73 6 54 6 1 3 8 9 51 5 84 1 16 1 87 5 14 9 30 5 49 8 72 7 38 5 43 8 38 0 79 1 27 5 10 3 21 4 81 3 83 4 14 7 45 4 38 5 20 7 80 1 52 7 69 0 60 0 35 9 81 5 12 6 99 7 32 0 75 1 71 2 88 
60 6 70 8 42 3 98 7 90 4 50 9 93 1 99 4 7 5 87 3 4 1 41 2 12 4 91 8 91 1 68 2 7 5 81 0 23 0 30 5 93 7 93 9 72 4 76 1 96 9 21 9 17 3 19 8 4 9 91 3 76 6 29 3 51 7 34 7 76 4 42 3 37 3 13 4 24 8 34 3 26 5 69 1 51 0 19 9 27 2 58 6 8 9 4 2 18 5 38 0 37 0 54 9 38 7 70 8 60 1 79 0 50 4 75 4 45 3 33 5 23 
60 6 52 1 42 3 39 2 59 4 20 9 7 3 93 5 4 1 65 7 46 9 26 5 9 3 64 0 83 5 22 8 50 1 91 3 29 9 85 9 51 1 60 0 50 9 66 3 14 0 21 2 3 4 36 7 36 8 9 6 92 0 100 2 41 9 64 0 59 8 27 2 48 0 73 3 97 3 60 3 26 8 12 2 89 7 59 4 95 1 58 5 22 8 63 1 74 9 46 3 82 1 84 7 35 2 13 8 47 3 54 0 86 2 35 6 82 6 35 7 76 
60 9 11 8 51 4 24 8 53 2 6 3 68 8 4 5 41 4 77 4 39 9 87 8 44 3 97 3 94 7 30 0 79 6 10 0 33 3 64 3 44 6 54 8 56 9 66 3 63 6 35 8 67 5 77 1 37 3 49 5 87 4 47 8 76 8 25 9 39 6 9 4 17 6 3 6 11 5 74 7 63 2 49 8 15 2 40 3 52 6 38 1 63 6 87 7 49 6 17 9 50 6 88 6 2 6 72 1 98 3 19 0 44 5 94 5 29 5 80 9 91 
60 4 28 3 75 7 59 1 9 3 46 4 76 9 99 5 64 7 93 3 64 2 49 6 10 1 2 9 31 0 74 3 37 3 64 9 55 2 71 1 52 6 26 1 34 0 39 2 8 8 11 5 62 1 13 5 99 2 64 6 75 6 52 3 31 2 44 5 77 1 77 4 10 0 68 1 51 5 68 8 87 9 53 4 53 7 79 3 64 2 16 7 7 1 44 7 77 3 100 4 97 8 92 2 12 9 89 5 27 0 61 7 6 7 50 8 6 7 29 3 67 
60 9 80 9 15 7 57 9 99 9 3 8 44 2 81 1 21 3 23 7 17 4 10 6 63 4 3 5 72 8 46 7 36 4 71 5 75 8 8 1 73 9 77 1 94 6 15 8 98 3 94 9 23 9 79 7 62 2 48 5 91 3 74 5 53 9 76 2 90 1 52 6 2 2 67 5 3 7 24 5 61 9 87 7 67 6 2 1 83 7 54 5 86 6 51 3 97 4 1 6 28 9 2 6 100 7 33 8 85 0 36 5 41 7 87 2 30 7 87 2 8 
60 0 51 0 89 8 10 0 26 4 16 2 12 9 66 9 43 3 72 2 18 1 79 8 22 3 25 7 86 9 4 2 62 8 77 3 70 3 85 2 79 4 97 9 81 0 93 8 46 0 83 8 59 8 64 0 52 6 81 9 68 6 58 3 15 3 48 9 26 0 87 5 91 3 71 1 62 4 15 7 31 7 32 5 44 0 53 5 25 4 17 6 51 1 46 0 59 8 10 2 61 7 82 1 83 5 40 2 40 0 39 8 67 9 82 9 24 9 75 4 24 
60 4 58 3 67 4 11 1 99 6 24 4 12 1 49 8 66 8 43 6 18 8 33 3 8 7 11 8 19 5 28 2 76 0 55 9 58 3 90 1 20 3 67 8 3 1 75 1 31 9 88 5 90 1 58 2 49 4 80 8 55 9 47 8 32 8 27 0 39 0 51 1 49 4 64 2 1 5 82 8 85 7 62 7 72 3 26 7 98 8 84 4 6 1 89 4 12 3 90 1 24 4 41 0 66 4 56 3 52 1 9 2 20 5 34 9 55 3 38 5 17 
