10 10
60 3 97 5 24 5 75 3 52 1 85 4 32 9 71 8 96 9 22 2 10 6 46 7 78 7 17 2 74 7 22 0 63 0 15 8 43 4 59 3 55 8 8 0 32 1 62 9 77 3 41 8 10 7 6 4 11 7 12 3 1 7 24 1 11 1 39 9 32 5 9 7 26 6 34 0 17 2 3 4 44 6 70 7 60 3 24 2 63 3 23 1 35 3 90 1 23 7 68 0 41 2 87 4 58 4 50 2 89 1 74 3 29 8 11 3 98 2 40 2 43 
60 7 64 6 40 3 96 7 35 7 31 6 19 7 44 9 76 5 57 8 70 9 36 8 50 2 53 5 46 1 24 9 54 2 82 6 41 7 11 2 85 1 38 1 57 7 11 8 83 6 14 7 80 3 84 5 72 3 68 8 75 2 66 5 34 5 57 8 30 9 95 7 13 2 5 8 94 1 10 4 90 8 91 6 71 8 35 4 98 9 49 3 77 6 67 1 19 2 99 4 57 6 91 2 80 2 78 5 22 9 57 1 34 9 12 9 22 1 41 1 94 
60 5 23 7 50 4 64 7 71 6 50 2 11 0 96 8 14 2 70 9 25 6 58 4 45 9 60 1 26 2 39 3 76 7 58 4 24 6 33 8 72 4 54 9 78 7 33 4 15 8 85 0 33 1 22 9 52 4 80 0 100 2 76 6 15 0 3 5 53 8 98 2 37 5 65 9 34 1 20 7 30 3 39 9 39 7 4 9 58 5 39 4 82 6 40 5 85 6 76 8 52 1 46 2 49 9 81 3 66 4 12 8 65 9 19 9 9 0 99 3 33 
60 8 14 9 66 7 39 8 68 2 41 1 47 1 7 9 70 1 38 8 10 4 24 1 89 7 44 9 51 4 98 0 50 3 8 9 37 3 32 8 90 6 100 2 33 2 77 9 78 8 69 7 18 1 13 2 55 4 53 1 36 7 59 5 84 5 14 6 99 4 28 5 16 7 35 6 38 0 14 4 91 6 41 8 7 1 46 1 84 6 37 3 92 4 39 0 6 7 58 7 23 8 58 4 59 1 97 1 99 6 100 6 79 1 81 5 51 3 67 6 39 
60 3 5 9 42 0 41 5 94 9 36 5 49 2 51 0 47 1 86 8 83 3 77 3 59 3 99 3 74 1 99 4 45 8 6 6 90 4 21 9 40 6 61 4 41 2 75 2 70 4 93 8 71 1 41 2 15 7 42 6 51 9 14 9 64 6 75 2 2 2 6 0 29 7 87 5 14 1 64 2 88 1 97 1 87 2 83 8 86 2 90 2 70 9 94 6 60 8 78 9 89 3 1 4 84 8 7 0 27 5 40 9 7 2 67 8 62 0 86 8 45 
60 2 38 4 39 1 72 2 46 5 91 3 3 7 56 7 62 0 30 2 49 8 88 9 35 3 72 7 93 6 62 8 48 6 91 9 4 5 98 0 77 0 56 3 97 4 28 1 14 4 54 6 8 9 80 9 69 1 29 5 51 4 91 7 21 0 98 0 84 9 43 2 23 2 2 9 76 9 71 6 53 6 23 2 15 1 63 3 58 0 11 6 1 5 91 5 77 4 66 0 66 9 44 8 59 5 65 7 3 0 17 9 38 0 56 4 75 5 42 4 63 
60 0 18 1 43 5 86 6 99 3 97 0 99 8 60 9 72 0 89 5 4 7 63 5 87 1 43 6 17 9 39 5 77 6 62 6 72 2 94 6 88 6 7 6 62 6 60 2 16 9 56 1 91 9 92 9 98 0 42 4 32 1 77 0 88 7 19 3 30 9 90 1 17 4 75 0 7 1 7 2 73 0 68 3 55 0 32 2 41 0 43 6 47 7 17 9 27 7 85 5 70 6 90 9 36 1 19 7 17 4 33 8 13 8 100 1 99 1 81 8 9 
60 0 94 9 82 3 75 5 98 0 5 1 2 6 11 4 18 6 78 4 96 0 1 5 18 9 63 1 25 1 77 5 37 0 42 2 90 3 66 6 60 9 77 2 85 5 41 2 69 8 65 4 16 5 65 0 91 0 74 1 78 1 82 2 47 7 32 7 31 5 89 3 72 2 68 2 74 6 68 6 12 2 71 2 10 7 67 4 96 3 7 2 5 4 90 7 83 0 19 5 30 9 8 6 23 9 27 2 17 5 58 4 84 3 99 7 17 3 55 5 1 
60 0 75 6 16 4 32 4 86 7 11 0 56 9 95 0 72 6 41 4 45 7 97 8 42 7 69 2 79 7 15 2 23 7 23 1 98 9 25 0 29 1 61 1 58 7 56 2 5 2 57 1 22 3 35 8 83 3 46 6 79 0 20 8 13 8 5 0 98 2 21 2 20 6 50 3 35 9 17 0 3 9 53 4 25 5 24 8 9 3 32 8 37 1 83 1 65 1 39 7 74 6 84 5 25 1 72 2 53 4 15 4 55 2 97 8 98 2 83 0 58 
60 2 90 0 74 1 15 5 2 5 34 3 64 3 67 8 51 6 46 5 18 5 29 7 28 3 68 4 67 1 54 1 62 6 65 4 38 6 88 8 60 5 10 6 24 7 83 1 7 4 86 8 38 6 6 0 33 1 91 1 33 0 95 0 52 4 86 4 75 2 50 9 93 4 6 0 58 1 29 1 25 3 80 3 13 4 46 0 25 0 11 3 30 4 41 7 74 5 80 9 99 7 76 6 48 4 1 8 87 7 93 3 92 1 52 8 69 1 100 0 30 
