10 10
60 8 59 0 78 8 73 1 96 2 42 1 53 0 15 0 73 2 69 7 90 0 80 6 12 8 19 2 92 2 70 4 26 1 60 6 91 5 90 1 87 4 46 7 43 0 49 7 21 9 71 7 8 7 34 6 79 5 73 5 8 8 50 8 70 4 57 6 3 2 19 9 15 2 11 3 32 5 22 4 13 1 91 2 45 2 41 8 41 0 88 0 42 8 12 1 1 3 70 4 24 4 31 0 25 6 29 7 69 4 78 9 88 7 77 4 8 1 9 5 58 
60 4 24 4 22 6 7 6 77 5 33 8 34 5 45 0 68 5 99 8 51 2 68 5 64 6 88 9 65 2 58 7 15 0 81 9 12 2 19 8 12 2 77 2 86 4 41 1 40 2 74 3 86 9 4 6 80 2 93 0 15 9 95 9 18 9 33 4 88 3 23 5 17 5 3 8 56 9 31 1 70 0 4 2 99 1 19 5 76 6 46 9 35 6 61 4 93 3 25 9 62 1 12 9 94 6 55 7 38 4 67 6 57 5 78 5 61 7 40 8 54 
60 0 95 1 97 4 17 0 34 7 95 1 52 9 72 8 92 2 29 7 28 0 40 6 47 2 99 8 29 8 32 4 13 0 76 2 81 8 28 7 88 8 46 2 48 0 69 2 10 6 62 1 35 7 60 0 65 6 28 9 83 6 42 9 92 6 73 9 49 4 79 3 65 7 89 8 31 6 48 2 89 9 56 6 54 9 67 6 8 6 21 3 97 1 67 1 84 0 67 3 67 5 57 5 94 7 19 0 72 8 1 6 1 1 26 9 97 9 55 7 73 
60 7 46 9 72 4 45 8 70 2 79 0 68 0 14 2 16 8 80 8 9 4 95 9 92 7 79 2 11 0 50 7 54 7 51 8 39 8 75 4 20 3 2 0 3 4 89 1 8 7 98 7 43 6 16 0 57 4 95 0 63 8 6 0 86 5 13 8 33 6 93 5 49 3 84 6 91 0 75 9 32 7 3 1 6 0 58 1 52 0 8 1 45 7 81 6 77 5 72 7 25 9 76 1 85 1 8 4 50 5 68 6 65 9 91 8 57 4 71 4 53 
60 4 50 7 62 5 38 4 89 6 29 6 68 5 41 3 17 3 47 1 85 5 69 2 57 8 75 6 50 1 100 0 60 6 26 8 33 9 52 5 35 1 22 1 74 7 77 3 59 2 67 2 32 0 27 2 3 8 87 5 92 7 56 4 97 3 43 5 47 1 52 6 13 6 5 8 13 5 58 7 91 1 70 7 2 0 67 8 80 3 64 1 98 5 94 7 40 2 37 9 89 4 21 4 85 4 43 2 78 6 75 5 14 3 88 1 11 7 48 7 58 
60 7 26 7 37 0 51 7 5 4 73 3 23 5 52 6 92 9 19 1 42 9 88 2 54 7 5 5 35 0 66 2 62 0 12 4 4 8 31 3 4 3 90 1 64 7 72 1 43 9 98 2 73 2 81 5 80 7 27 5 87 2 25 8 22 0 55 6 57 5 9 7 95 1 31 7 54 1 51 2 24 6 48 9 71 1 66 9 20 2 16 7 78 7 48 4 46 5 5 0 61 6 65 3 10 1 62 5 96 2 54 9 30 5 30 2 96 8 8 6 92 
60 4 86 1 56 6 88 3 59 1 41 2 39 7 62 0 5 5 39 6 55 2 56 0 68 9 41 2 60 3 90 3 50 6 52 1 96 4 73 2 7 4 17 5 4 9 44 7 47 0 10 2 20 4 77 7 9 2 26 9 42 2 51 1 61 3 37 2 63 4 22 0 47 8 41 4 81 8 79 3 41 2 1 9 86 9 75 7 98 0 14 8 64 7 42 1 77 0 24 3 44 7 23 6 59 0 47 9 21 2 51 9 89 0 26 6 30 2 90 2 44 
60 5 40 0 69 2 86 3 79 7 90 0 35 9 32 1 61 4 42 3 24 3 54 6 18 0 49 7 72 5 62 9 22 8 29 9 31 5 82 9 49 7 1 8 37 6 57 5 47 5 75 8 3 4 98 2 19 6 10 8 42 1 74 3 91 6 35 6 32 1 5 8 19 7 80 1 14 7 11 0 48 0 83 7 75 5 55 8 26 7 5 1 76 1 64 7 22 5 98 1 4 6 92 5 95 4 33 9 7 1 13 6 81 5 1 6 8 5 84 2 1 
60 8 57 0 42 3 41 9 96 3 91 8 69 0 97 6 72 6 13 9 21 9 26 6 76 3 46 5 1 6 18 3 44 6 80 5 30 0 29 3 84 7 80 2 66 9 87 0 60 5 96 7 15 2 57 3 54 4 10 3 46 0 66 1 2 3 95 6 64 1 28 5 36 2 83 4 24 5 70 9 97 5 7 4 62 5 11 6 35 4 40 6 67 0 83 1 79 6 27 3 58 3 3 2 55 5 57 4 25 9 92 1 37 6 50 0 93 4 5 0 62 
60 4 29 5 69 4 67 3 11 9 68 1 51 9 45 0 11 0 41 8 48 0 94 4 35 1 63 7 81 2 55 5 7 4 41 3 35 9 29 6 66 3 76 5 31 0 4 0 27 6 63 4 34 5 99 4 46 4 33 1 46 2 93 9 52 9 63 9 57 6 23 3 33 4 16 3 2 2 16 8 65 4 89 1 12 1 79 6 9 2 8 4 79 9 85 9 19 8 13 3 56 8 30 2 57 6 82 9 15 8 28 8 38 6 73 1 30 6 50 3 25 
