10 10
60 6 86 5 21 9 22 0 95 2 51 1 55 7 18 6 63 1 82 8 24 5 97 4 11 3 38 7 29 0 33 9 62 2 24 8 68 0 5 9 3 5 52 2 73 0 78 2 87 3 9 1 83 8 41 6 77 0 65 2 9 8 68 6 15 9 86 0 49 4 23 3 47 5 67 4 55 0 35 1 44 6 47 5 18 8 59 6 99 9 5 9 8 9 67 4 91 8 23 9 62 6 99 5 59 2 13 4 95 9 47 7 71 1 21 2 85 8 70 4 82 
60 6 4 2 84 5 13 5 74 5 1 0 49 9 35 4 75 2 7 4 18 9 37 8 39 5 37 4 14 0 30 3 90 5 45 8 42 1 45 6 19 9 75 1 13 7 62 5 52 4 44 3 84 1 40 1 47 5 82 8 100 2 73 1 35 6 6 5 92 0 29 2 41 2 18 3 38 0 24 3 25 3 46 4 30 8 1 2 15 0 96 2 76 8 95 3 51 6 87 1 36 2 11 1 13 0 43 4 67 0 34 4 64 2 62 6 21 8 60 3 11 
60 9 67 4 36 0 16 7 43 1 56 4 39 8 1 8 31 5 83 1 34 2 92 7 15 4 9 1 57 9 15 3 82 0 45 3 6 8 46 6 50 2 62 2 18 2 37 6 53 2 34 2 46 4 40 5 45 7 47 2 5 9 5 1 86 8 56 7 97 5 91 4 10 3 12 9 40 1 51 2 81 8 36 4 68 3 95 6 46 5 40 7 7 3 32 8 64 5 34 6 39 7 19 6 45 2 28 2 90 3 98 3 58 8 45 7 71 8 71 1 71 
60 4 30 5 19 8 59 6 71 9 31 7 68 6 84 8 32 8 81 3 81 3 100 4 15 9 44 1 38 0 39 7 99 8 51 3 46 9 87 4 64 9 5 0 20 1 25 9 27 0 82 9 22 0 89 0 75 7 86 5 69 9 49 0 89 6 21 8 64 1 22 6 76 0 25 2 31 7 74 1 54 8 25 8 8 4 56 1 9 4 75 9 16 3 88 9 71 8 60 0 83 6 68 3 41 0 55 7 68 5 24 5 1 4 50 7 7 0 75 9 25 
60 9 93 6 15 8 26 2 10 8 22 4 7 5 45 2 88 2 1 8 67 1 46 8 80 4 19 0 64 9 30 6 37 7 72 9 22 7 61 2 21 4 37 3 21 8 64 6 81 2 47 9 92 7 82 2 55 9 4 0 64 3 26 6 99 7 14 2 12 6 4 1 57 0 12 0 66 6 30 5 19 3 20 9 32 0 4 4 73 9 36 2 33 5 1 2 3 4 18 8 39 9 48 7 77 6 10 3 57 8 53 5 78 7 37 4 46 6 51 7 2 
60 8 63 0 16 6 11 9 8 0 97 2 42 5 66 3 96 0 16 1 38 4 29 0 45 6 68 7 21 7 57 9 65 4 88 7 25 8 75 7 74 2 93 3 62 8 41 9 61 2 25 0 15 9 53 7 80 3 85 4 90 3 19 4 34 7 94 0 99 9 77 8 61 7 2 1 11 0 94 7 62 2 72 6 91 3 33 7 48 6 69 1 41 3 48 5 38 0 25 6 10 6 41 6 59 5 81 2 33 0 8 5 84 5 3 9 61 5 80 5 90 
60 1 4 8 18 3 12 5 77 0 7 9 42 0 71 4 27 6 19 3 51 2 46 3 87 1 37 2 86 1 7 5 95 0 1 7 18 4 15 0 55 9 80 0 96 0 59 5 65 7 72 7 26 6 67 2 37 5 88 3 30 9 34 3 24 8 70 3 90 7 2 0 48 0 20 1 89 3 43 7 88 5 58 4 65 1 25 9 77 8 59 9 94 8 7 3 54 1 19 2 96 0 96 7 40 9 3 0 45 2 78 4 32 4 29 8 26 0 47 5 21 
60 8 87 4 57 0 5 6 36 7 16 0 38 0 35 7 28 5 37 2 42 7 48 8 34 9 90 8 95 3 66 5 70 5 35 7 9 2 28 7 73 8 60 0 81 8 4 9 63 7 41 4 22 0 60 3 94 8 47 9 35 6 30 6 23 0 79 9 66 7 21 5 80 4 7 7 64 1 18 8 42 5 74 3 34 7 29 8 29 9 97 6 87 6 30 9 29 6 99 6 88 8 50 7 41 9 9 0 67 8 84 3 13 6 73 4 62 8 11 7 17 
60 0 70 7 72 7 4 4 86 8 14 1 65 7 68 7 47 6 86 5 74 2 100 1 9 5 51 8 4 9 88 3 29 2 16 6 73 0 49 1 55 8 93 2 51 0 93 0 61 4 22 7 56 4 38 2 22 9 14 7 42 4 85 1 69 3 81 3 12 2 31 0 52 5 96 9 31 8 22 2 24 2 69 0 8 8 69 2 6 8 88 9 20 8 72 2 62 5 53 4 50 0 94 5 3 6 47 4 69 2 16 9 70 6 98 3 91 0 43 4 95 
60 6 70 5 28 1 71 1 92 2 39 0 60 3 64 7 78 6 50 0 55 7 63 4 18 0 18 4 60 0 1 8 63 6 17 7 26 0 61 9 6 3 72 8 97 9 48 4 91 3 61 4 99 8 77 4 21 6 62 1 44 9 14 5 66 3 14 8 37 6 61 8 83 8 92 5 35 3 14 2 72 9 58 2 48 0 9 2 53 6 16 2 41 9 7 6 46 2 2 1 11 1 93 8 61 5 49 6 6 6 84 4 14 3 57 9 98 2 52 2 49 
