10 10
60 9 29 6 89 8 16 8 60 1 39 1 10 8 46 2 71 2 100 0 40 6 65 4 54 8 35 9 95 1 20 4 1 4 45 2 58 5 98 1 72 0 17 0 97 7 48 8 92 3 84 2 14 7 89 8 98 9 95 0 100 0 1 0 4 4 65 9 96 0 97 3 58 6 45 4 73 6 95 9 57 6 93 6 32 6 28 1 21 6 34 9 87 0 9 2 90 5 57 5 52 7 70 4 75 9 61 4 43 5 28 3 2 8 65 6 18 5 16 8 69 
60 7 93 6 31 5 22 5 82 6 26 1 36 4 91 4 72 5 54 1 85 4 50 0 23 4 45 4 51 3 95 1 93 5 45 8 82 0 36 9 23 1 8 9 45 3 82 3 71 1 31 6 28 5 57 7 85 4 38 2 51 0 24 2 19 1 32 0 100 5 32 4 94 8 9 0 69 2 58 1 13 2 39 8 82 5 58 6 34 5 56 0 23 8 9 9 46 6 10 5 75 6 33 9 89 3 96 0 79 8 34 7 49 7 31 4 90 7 15 0 7 
60 8 43 8 7 0 73 9 34 6 87 1 70 2 8 7 65 1 6 7 75 5 22 4 8 7 75 7 18 1 91 1 70 2 30 7 97 6 66 6 64 2 41 1 31 3 79 2 18 2 93 1 72 4 71 3 72 2 46 1 51 0 54 0 49 7 98 5 75 0 70 1 21 4 8 3 100 9 27 3 40 6 13 6 45 1 93 0 23 6 81 1 31 5 61 6 19 0 84 4 77 9 35 3 16 0 58 1 85 0 28 5 81 9 56 4 47 8 37 0 81 
60 5 87 4 96 4 13 1 40 3 69 4 69 2 7 1 99 8 87 0 89 3 80 4 51 3 6 2 96 4 80 2 91 6 80 6 9 7 50 4 91 9 80 7 56 0 14 2 79 9 82 2 20 4 11 9 57 3 5 2 77 7 46 7 54 8 11 5 50 6 23 1 39 2 18 2 57 2 31 8 91 1 31 6 18 1 60 3 26 4 57 5 33 6 73 0 62 4 92 3 64 9 26 6 25 2 76 9 9 3 43 3 17 5 26 4 25 4 50 7 37 
60 8 11 6 34 9 11 7 54 8 26 5 29 7 82 5 11 3 24 9 42 8 54 7 79 3 63 0 57 1 47 6 90 8 100 8 45 1 23 9 45 9 7 4 87 5 2 5 23 5 90 1 31 4 10 3 47 4 25 7 16 1 51 3 33 0 93 6 90 0 18 1 82 3 2 5 3 9 50 5 30 9 17 0 17 0 56 3 81 6 5 9 94 2 39 9 57 9 32 9 100 2 53 3 55 1 74 6 19 7 88 0 23 3 42 0 78 4 87 9 38 
60 4 9 5 15 3 59 5 10 8 68 9 93 8 89 4 16 7 92 4 61 3 20 7 77 5 2 4 64 0 63 2 84 9 30 2 40 7 70 6 44 6 69 5 63 8 18 3 58 9 65 9 17 6 37 4 48 2 13 5 57 4 78 0 100 6 97 9 81 9 6 4 13 1 20 7 90 3 61 3 25 5 61 8 48 1 8 1 39 0 5 2 94 4 6 8 86 1 63 5 17 6 52 7 36 4 96 2 18 1 59 5 63 7 11 6 11 7 48 7 58 
60 4 39 7 23 0 49 7 29 4 86 2 81 0 2 2 31 2 4 2 61 7 68 3 3 3 56 5 45 9 25 7 18 9 14 2 59 3 2 3 78 0 26 7 6 4 72 5 42 0 90 0 18 3 94 8 78 8 67 0 22 5 27 4 57 1 11 6 3 8 98 9 30 1 14 5 84 9 56 2 49 3 64 1 100 8 80 6 57 0 48 9 20 7 36 6 22 3 3 1 74 0 76 2 32 6 47 4 10 8 24 1 18 3 66 1 80 6 60 5 75 
60 7 46 8 65 3 74 3 90 8 86 2 37 2 65 1 47 5 91 7 29 1 68 9 30 3 39 5 76 3 30 1 79 2 45 8 72 0 42 1 94 2 6 9 93 2 4 1 78 7 35 5 43 9 14 7 92 0 42 0 55 1 96 6 91 7 59 4 50 6 40 5 77 9 60 5 18 0 64 0 59 2 22 4 18 9 4 2 79 9 84 0 51 7 47 4 69 6 66 6 42 5 68 4 34 4 88 4 22 0 10 1 76 0 67 3 53 4 57 2 27 
60 4 99 8 65 1 29 7 25 5 91 6 75 6 25 9 54 8 21 5 97 9 39 6 99 5 41 7 19 5 43 7 13 9 31 9 18 4 44 2 24 9 12 5 61 6 63 2 21 6 7 7 13 7 23 3 64 6 63 4 43 5 51 0 75 3 35 9 81 5 98 1 95 9 84 6 12 5 94 5 51 7 3 6 9 3 26 5 49 9 38 5 39 3 68 5 35 4 47 4 24 3 100 1 95 7 23 6 83 5 41 6 35 0 49 1 58 5 53 3 27 
60 9 47 3 43 2 99 1 8 2 86 3 7 5 99 5 52 6 46 9 85 6 80 0 95 3 82 1 76 9 30 2 71 0 90 8 57 3 93 4 14 2 89 3 51 2 34 0 24 8 99 0 27 5 5 2 79 4 41 2 74 8 57 0 37 8 84 3 11 8 42 7 1 6 43 8 39 6 88 7 24 5 31 0 38 0 86 5 69 1 59 4 17 1 33 5 55 2 7 5 54 4 42 9 68 5 45 4 92 0 86 7 37 6 23 5 70 8 97 9 2 
