10 10
60 8 100 8 48 2 69 8 38 1 96 8 35 2 29 8 100 9 37 4 38 9 92 0 86 3 25 3 71 6 15 9 55 4 98 5 53 6 100 0 92 8 37 9 46 6 62 2 80 3 48 0 79 4 41 5 91 9 6 0 66 2 38 5 51 1 83 9 42 4 73 8 2 7 53 4 96 5 100 9 29 9 75 2 99 3 36 7 17 1 86 4 74 1 17 8 78 4 48 2 24 9 7 4 68 1 32 0 51 9 82 7 76 4 80 0 25 8 41 6 63 
60 2 75 8 88 8 45 2 3 2 23 8 31 5 14 4 19 8 33 6 21 8 49 8 48 7 10 4 32 2 45 4 74 5 18 6 58 9 34 8 20 0 26 3 69 1 30 2 47 8 20 0 36 6 79 8 83 3 82 3 23 2 72 0 87 7 59 0 93 5 14 8 94 1 83 8 91 9 83 7 46 5 19 3 57 6 77 2 74 1 3 7 8 1 89 8 48 4 10 7 97 8 81 3 35 9 12 2 74 5 60 2 56 0 85 5 22 8 16 7 68 
60 1 38 3 42 3 45 2 64 3 38 9 61 1 1 3 78 4 10 5 71 2 84 6 10 4 59 2 27 1 41 6 64 9 30 2 41 5 80 6 29 3 54 5 94 4 42 5 59 8 83 6 51 5 41 6 63 6 38 6 19 0 83 3 6 3 74 3 36 5 23 9 81 7 52 7 39 0 21 9 17 5 86 3 39 8 60 0 42 4 5 4 43 2 47 7 72 2 62 0 24 6 82 4 6 0 23 8 46 5 36 8 44 4 45 4 39 2 71 1 87 
60 1 49 4 8 0 41 9 19 6 6 6 78 9 32 6 98 7 61 7 7 8 49 5 90 8 23 6 20 3 91 4 42 4 2 9 59 4 98 1 76 9 51 3 16 4 13 6 62 7 24 9 54 1 60 0 69 8 68 5 54 9 43 9 27 6 32 1 37 5 62 5 98 8 21 3 54 4 46 3 16 2 10 7 5 8 83 9 15 5 62 6 83 7 26 1 95 8 59 4 28 7 16 9 86 4 70 4 46 4 77 5 34 4 66 8 30 0 34 3 25 
60 7 28 8 47 2 20 9 92 5 31 1 35 4 34 9 9 8 55 1 19 3 15 7 81 4 37 4 17 6 19 2 28 1 61 4 52 5 75 7 72 1 76 5 77 3 75 6 10 2 44 5 49 7 24 7 62 3 77 9 28 4 74 0 34 5 42 3 47 4 50 7 56 3 78 6 1 7 34 8 12 1 87 3 76 6 40 3 91 9 19 5 79 0 64 6 14 2 73 0 38 8 50 4 31 0 17 2 36 7 24 3 13 7 100 1 42 5 41 5 97 
60 5 4 4 28 2 65 9 14 7 16 2 8 1 61 3 99 2 77 7 71 6 62 5 25 3 31 5 73 6 30 5 61 6 85 5 62 2 11 7 9 8 77 5 1 1 89 4 59 0 3 0 90 0 78 9 41 8 95 7 30 6 66 5 48 4 88 9 87 3 81 1 16 8 54 3 35 3 41 6 54 0 52 0 13 7 46 8 10 6 90 6 77 5 95 5 94 4 21 9 59 3 71 9 11 9 3 5 67 6 39 0 16 6 21 1 83 6 72 1 35 
60 8 6 3 48 1 60 1 20 6 34 5 62 1 27 5 58 2 67 9 95 8 13 4 32 6 83 0 34 2 72 7 85 6 79 0 75 3 85 1 99 9 19 1 6 5 16 2 78 2 53 9 65 8 37 3 13 8 95 6 53 2 30 0 40 0 58 1 33 7 66 8 27 5 66 2 36 0 43 8 55 0 45 1 58 0 95 4 69 1 93 8 89 7 73 7 20 1 16 4 39 4 64 8 21 7 88 1 66 7 82 9 96 6 65 8 59 3 31 1 16 
60 5 30 6 37 7 33 0 93 2 60 7 99 0 64 4 82 1 4 4 49 5 46 9 63 4 73 3 68 2 10 1 46 5 40 5 63 8 30 5 59 4 79 2 82 7 6 3 42 7 4 6 74 1 25 7 44 7 92 2 53 6 55 9 72 7 24 5 81 2 69 8 44 7 70 0 49 5 29 0 77 8 15 1 81 3 5 1 51 2 73 6 3 7 8 2 82 9 38 3 21 5 36 2 79 1 70 0 18 1 48 9 50 1 55 8 18 5 79 2 64 
60 9 63 4 12 2 61 9 96 5 60 3 60 9 81 7 83 1 48 0 33 3 80 9 56 5 83 8 40 3 73 4 57 8 38 1 39 3 4 7 85 8 6 1 78 6 48 3 60 4 5 0 18 4 93 3 83 3 63 7 35 7 79 4 85 6 36 9 23 8 64 0 53 2 6 4 78 3 36 0 90 1 23 4 15 1 53 5 50 9 83 1 40 3 87 9 51 1 29 2 76 1 7 7 81 1 58 6 69 9 55 0 2 7 24 4 95 0 89 4 20 
60 1 42 2 51 1 84 6 65 9 56 6 62 7 49 6 12 0 41 4 100 3 66 0 76 5 53 8 39 1 42 0 18 6 64 5 28 6 8 7 46 7 71 5 44 7 61 9 17 6 78 4 22 4 57 4 36 9 99 9 100 3 38 8 61 7 85 0 44 0 85 1 11 2 47 8 10 8 52 0 99 2 79 9 26 7 23 2 42 7 39 3 61 2 91 0 36 4 66 3 61 1 66 7 89 5 31 8 50 1 42 8 83 4 27 8 74 0 42 3 52 
